Environment: LunarLander-v2
Agent: PPO
Experiment: wind_and_turbulence_experiment
Parameter: Wind power = 20, Turbulence power = 2
Time Taken: 1293.9846436977386 seconds
Episodes: 1039 episodes
Max Episodes: 2000 episodes
Reward threshold: 200
Episode	Train Reward	Test Reward
1	-86.80337014514525	-480.05171227332187
2	-74.90750040966023	-560.5125361125963
3	-324.48482839509694	-681.5263854252959
4	-480.69802550281224	-562.3069116378238
5	-564.3472576223633	-329.56966880575123
6	-122.29467337537041	-330.7454339828329
7	-516.0704898211188	-377.94311275300157
8	-400.09960358303147	-527.9844193247654
9	-389.2285288340849	-857.149613124387
10	-302.10535412136653	-996.7631279460879
11	-229.1931309362324	-285.399988665533
12	-37.88339093741801	-424.82379922699056
13	-164.75011375471234	-270.48753649118817
14	-342.7265444207002	-255.64376178073775
15	-211.09705715679942	-216.41172465765436
16	-320.81259789646236	-486.2217980316023
17	-195.38125324870322	-384.6974645626497
18	-374.33812638862156	-328.47893420924595
19	-159.9984993746071	-384.0821710683984
20	-83.28298907855276	-769.727894957358
21	-544.5133225158204	-622.8747670368246
22	-232.38520479402072	-371.9254449824373
23	-178.6769816316879	-653.4261302014241
24	-60.5113454811897	-526.3711801478335
25	-69.54734309193759	-784.4595923053172
26	-224.83038227790925	-435.1159040249148
27	-399.0525056577763	-411.1794976133687
28	-274.6913909070753	-244.51912452273885
29	-74.8025097737044	-142.31173635521742
30	-73.2831798419498	-303.39218098977153
31	-45.876490110949746	-238.66266994363525
32	-65.70826503745658	-404.4533599830144
33	-510.65724700979956	-412.9479254880578
34	-246.69636872329866	-383.6897273557046
35	-496.20274510758793	-483.54746227011435
36	-36.74440279854457	-574.4993052010179
37	8.820832144721948	-575.8611041586258
38	-358.05042503830555	-516.8078572031845
39	-24.268764366688103	-764.415281032933
40	-127.67712512697038	-659.0246300244662
41	-262.7892498520661	-896.7279213271647
42	-391.08757568232346	-903.098196738051
43	-120.01526120555637	-1054.8072117935808
44	-435.0588776870159	-1206.0930696106386
45	-464.09773735979525	-1910.401417018448
46	-201.09023298011004	-1044.7395031635047
47	-216.17948602901254	-302.1332741597594
48	-430.26966375336855	-6111.22179553608
49	-268.7109563056138	-4313.977801534378
50	-295.54431983452645	-2866.2461113819068
51	-432.9163284164595	-665.3667856316592
52	-578.5933059976153	-529.7925239576582
53	-378.8150761067737	-855.2545682286789
54	-518.4183286855052	-796.0471107734583
55	-462.88247146242503	-1311.9832835207446
56	-207.66784942744124	-2839.616992752406
57	-436.42121334811713	-850.7521690547046
58	-185.31581828703128	-1190.2904444321127
59	-169.97111602734083	-2423.440737305282
60	-49.67730393745401	-1361.1955168705394
61	-73.1146693876949	-403.55653720795016
62	-188.88657594731097	-649.3296891859715
63	-35.27484579184444	-697.4247826590389
64	-32.298066613860414	-359.2029565508819
65	-85.18723326836738	-1203.3695963396458
66	-34.54308310099702	-761.3060524554325
67	-74.88622333738448	-675.7184536441632
68	-8.003363695025058	-711.374891967272
69	-86.4408142921889	-453.1185421470272
70	-363.8405623365349	-486.7296802116405
71	52.27901827350611	-600.6201437439524
72	-213.62258554275456	-575.5291273185553
73	-54.551637436691564	-422.2067687939059
74	1.9057542635101896	-387.6389714978042
75	-210.73349301453447	-395.65615245974595
76	-40.2047207294402	-425.8560291424938
77	-14.921769173509915	-469.7614520001181
78	-20.078685017699996	-496.58613049888874
79	-142.94928444589823	-470.4069655501569
80	-39.61158033843401	-440.10299726205164
81	3.980792121564278	-277.006894874222
82	27.212469644159544	-355.6711810029125
83	36.45599529311233	-339.6777016994489
84	-52.55680374193897	-442.46021200240887
85	-127.00102136026835	-490.5030354521381
86	-303.6716798010772	-400.9660529519719
87	-151.46162659815099	-395.1499232530845
88	-156.16778282813857	-468.3019145453788
89	-251.98355357019597	-411.52596580052455
90	-77.91204919238002	-496.76384167768305
91	34.596247186726465	-419.2957349250264
92	-57.50337216721853	-419.5928962379686
93	-166.58355037982696	-470.0611370001142
94	-197.5101086619673	-342.6379368888916
95	-195.6284922739794	-356.08111230691554
96	0.21611200744181236	-490.60315830327994
97	-220.78470397528218	-452.58748056736323
98	-32.63893045001875	-439.234247369229
99	-56.21815732664689	-313.2013991185214
100	-5.19628059036841	-265.2178442161272
101	40.142706104935634	-327.5484826534416
102	-25.378264997933847	-437.293324760266
103	-96.47856355659145	-356.2430668684272
104	-75.44187816141752	-350.64695200802396
105	-99.95154441646373	-645.1483863324087
106	-142.3224966060392	-296.5785636211823
107	-12.415324375079036	-624.2634600306677
108	54.1809254102407	-852.2610509490773
109	-1.9655239264116044	-396.70790793381997
110	102.38157102765878	-744.9127588033506
111	-48.02602037716389	-926.7278497371196
112	11.429043997825232	-1342.7477054029914
113	-19.826738382032346	-1364.1720508340995
114	-150.6996665751222	-1003.0494863182713
115	-72.7667843762933	-194.4250726744013
116	-0.6372983606370999	-617.2202799448796
117	35.39391446734416	-469.6291008205782
118	30.981697859294172	-653.8233622774736
119	30.261446356174087	-593.5053952584409
120	3.609106586170653	-564.6713100479645
121	32.497855739477814	-510.2108553858485
122	70.38849190884895	-501.0113701854373
123	-128.64016386327398	-561.6232562417936
124	19.380817529506817	-723.1736964742221
125	72.98933538530946	-461.2492058612877
126	-103.69934783482357	-645.8012387383495
127	21.245669709133637	-394.3127928562183
128	13.281900197445417	-229.3235174397493
129	25.232957300312762	-113.37608772452195
130	83.81924754063483	-118.39599787403628
131	21.72547787756264	-86.75528851436324
132	131.2979143705488	-66.03524142550754
133	77.49091828822407	-66.14951176660531
134	-15.933580723111746	-92.47806726870147
135	106.37714158301264	-135.9656825305468
136	-57.314221872505314	-195.55735912436603
137	42.444971119874126	-209.56510626047168
138	39.068329354692835	-202.72988513397348
139	-143.81902488268054	-200.7033501471796
140	84.30822969890121	-140.18968662887903
141	-281.76314433475665	-201.14452625747822
142	-21.352206908590432	-277.51001760930154
143	-19.56419279270144	-257.3655446796119
144	-17.44571857985363	-342.97233735256003
145	-64.18648964465223	-251.49886738727366
146	39.39259665265023	-198.63415474271378
147	-193.99216372033362	-167.6502662480692
148	-29.194801481453418	-184.0330743932602
149	60.92859385474004	-125.02124074772443
150	130.86410235054896	-184.07222045098905
151	-203.406882252959	-156.41013520393966
152	120.18208285728217	-148.12628959421932
153	45.723014597984815	-164.7767568803055
154	-224.41848248541436	-140.55826524666776
155	-76.40694987731393	-201.8293082072666
156	98.89131519580104	-190.7568887093936
157	17.60538340550767	-166.33762506496808
158	18.451355525105782	-193.94753874143987
159	109.9404009867895	-141.5171514896322
160	-35.764652501017395	-177.8312885082491
161	22.251898574750292	-211.17041382239478
162	-156.45402832766672	-271.5538034774253
163	-151.1648250733344	-291.1900023782671
164	-87.20195414195116	-263.68575017748526
165	-112.47836010731989	-258.2517628109056
166	-25.159859362934526	-265.13689002774373
167	-19.165569804370712	-242.55756550139412
168	-156.0918319652452	-173.01303064952512
169	-31.44710573134016	-192.60526572921978
170	42.97975741018466	-136.2402134103759
171	32.948961048292006	-118.19918304811789
172	68.05351910197926	-180.71978562880832
173	57.126462357596395	-131.3107910409602
174	29.45331798258522	-129.62797407380404
175	32.91703013339554	-34.13364401067694
176	52.04361963170082	-51.29428874840995
177	42.98755684025062	-100.18138597694788
178	52.032712612389815	-195.8037378929864
179	46.40034558681873	-146.25783201087904
180	-22.10331845649339	-119.7020307693473
181	83.48706099169544	-182.89864510474217
182	27.450336728533316	-164.62635805292874
183	55.439100084710276	-181.82030078145698
184	-39.187517425603815	-245.25049008260254
185	4.359652481792795	-219.65888427372607
186	68.89146418402252	-186.04149689686767
187	41.88567190407841	-208.8642648203904
188	50.86667348567355	-196.96025578657787
189	71.20272967812872	-156.4118053331443
190	58.77995491522497	-187.48450870776736
191	-125.24719205355208	-400.7746767579093
192	-60.245982450266624	-359.9858220848562
193	-115.06827072248723	-226.30708000674565
194	-14.904707269195878	-154.10145941869501
195	40.622561767078004	-134.86248185245023
196	9.720492604210826	-183.13204124167217
197	-18.824585073233923	-181.1165339138883
198	-14.332595369018698	-155.75573153150344
199	28.96140175466967	-166.95563896001468
200	-69.11159454447474	-184.50975259516287
201	13.253787070950057	-169.51150632815452
202	-43.36659225028606	-120.94278611132357
203	-13.49211352855634	-176.22683154665492
204	18.95579582719942	-174.98908339635565
205	55.15850499099256	-171.3668067262034
206	-32.97329052453955	-178.44097383650478
207	-15.039368110437252	-154.21568060802295
208	10.930118474342851	-152.6701741376295
209	6.627659049856451	-165.45653476032277
210	37.13142970282337	-120.3723193486158
211	25.802629138228188	-131.43142332025403
212	84.5325578855065	-86.71150013987886
213	85.58054510715006	-148.33834992157443
214	-16.461473309983656	-99.12807673987899
215	39.03866497334041	-174.5399269473343
216	83.57836989224137	-167.9358428797412
217	16.670432784383454	-178.08023236369343
218	-60.797312279474866	-149.86192491369613
219	6.6959571683235275	-160.08064661329897
220	16.749696324389795	-128.96693399813455
221	55.58657835692942	-159.29504697129352
222	77.94037203501397	-119.27427955800668
223	53.24298348679901	-59.37976666668957
224	0.038224182035935916	-69.21689646665442
225	83.9823261181421	-21.015212772811577
226	125.16980844910681	45.06475629999174
227	151.66929724348785	-19.183804277677908
228	81.88826780694997	-97.57854593415199
229	77.87097741866222	-75.28717546977458
230	53.083986812737905	-114.20247613335515
231	105.60722483089164	-70.19592756559877
232	89.43817086181024	-69.63303502185721
233	53.53595842162642	-49.32241230749424
234	88.2174354828435	-27.24428241048999
235	96.78289634333831	-8.048848019300905
236	85.77827034846032	44.039626059632646
237	148.20813930464223	0.6482329482083804
238	98.32337253525645	21.406096659794486
239	103.1689679067559	50.50604506568542
240	107.4582504483476	194.88389223706696
241	112.36129439626896	129.05586761803937
242	131.02433008952855	104.72645998037925
243	189.20152696292013	170.80069664244527
244	110.06829721563173	167.6750237198878
245	143.0583475280902	36.31122238696535
246	107.5803634573715	174.3840251742517
247	76.48409193580972	25.737611678242725
248	87.59409703650417	30.96457706316296
249	124.61111435959076	40.23747309478439
250	114.24104040923476	69.57285349253357
251	92.17095039022428	21.29352710844577
252	133.09078464320646	23.764433785410873
253	150.62117502614956	56.042729712356845
254	120.55060951630767	134.78841202227727
255	81.1248594146641	190.5083421417845
256	103.13843498029915	112.8256398218572
257	94.70127596200372	-3.4562765411985445
258	121.89688919905144	56.30293655525214
259	128.76469959696888	13.986919602434009
260	93.93173044882336	-3.213906512368441
261	81.03320839844842	91.51996309081264
262	122.43617772356647	-25.100246383364997
263	105.45485108941728	12.003313610177262
264	114.25116168899305	29.029218322999807
265	78.86777481398919	33.732958302386386
266	78.36569083994763	-2.6513024632961475
267	95.5849852927904	1.43259558508311
268	80.68010727180251	7.110149801160842
269	113.5106684354617	2.207639219813071
270	111.95352399141336	7.703712279247721
271	72.37050251056395	49.57637098195983
272	128.85443348803378	50.26367849515786
273	104.81184136127958	0.4900663870019557
274	106.54118903342274	159.19584785472114
275	97.68972021972138	107.34608934281691
276	92.37218230254501	147.9161116242401
277	198.35803763664012	-84.58138851053346
278	118.94998158358356	64.97676831952602
279	129.4319621591574	193.30590600756534
280	146.13037981883227	146.8148953758604
281	116.0779643789595	-43.79859648590733
282	101.40315013469171	35.85438062595463
283	123.28331959680922	46.23473378515921
284	142.68505574756676	99.5965423595668
285	67.47008579534013	17.975452548727016
286	92.9464431077635	63.23902030965776
287	50.58666357756917	32.651389099822836
288	109.36905318666352	63.583676953152384
289	113.008817394824	79.53515005419906
290	97.84502436856194	44.77558971590914
291	94.75917211354586	46.232823024666374
292	94.86788089172717	42.00848473694883
293	69.96020973540598	90.76520383350315
294	60.713640461783626	178.49832861128667
295	90.25163773583297	184.8770205332815
296	55.59387810339009	96.47817631784784
297	88.27156532428265	189.34471288411711
298	91.88791202636689	30.488742038379296
299	111.59878486517859	45.90722431387589
300	70.18081015367544	34.805546206565374
301	97.85785477041719	79.81466877880374
302	83.40300925380267	120.14752332330693
303	86.0987420932362	134.500558308571
304	93.07831919824602	148.79159749509387
305	129.65307866137306	-65.23767683923177
306	86.98727125762248	189.86637215602002
307	96.83661625056992	29.642629391509832
308	98.93843336716122	177.28593775060412
309	116.44564076900318	10.035143251855983
310	104.36548557892218	78.80903895079929
311	87.1017994566972	56.39940404060274
312	103.78938872678276	117.62785828355399
313	116.75257094971512	145.86834273050965
314	-81.41586344964384	167.94183325258598
315	87.38206847524508	9.848427545992198
316	85.97973792842656	-19.676716418417847
317	49.04022858947963	32.41284201971612
318	65.18363503975267	3.027196533759714
319	107.06697879514664	-37.6049155685225
320	119.46011880456042	-3.389306552098068
321	71.7648254961098	155.32702334036333
322	109.95505662728993	15.962317364824296
323	38.13928547762774	-31.79359869946889
324	84.71867063851946	-21.07699689474751
325	58.93659709683168	-35.22801715504009
326	20.869861109537897	9.983003440110561
327	85.03926310970897	-21.468225245632794
328	84.21399903367914	-5.7337281533846856
329	77.93086753857325	-21.079556192469926
330	83.45648102317132	-8.548052167332468
331	111.48697161418757	-15.83756603624694
332	182.57313619432796	-5.843042493812114
333	130.10672491995487	-22.01912849547496
334	-78.56289215220353	4.3505857032675985
335	153.6169587858169	133.44426645779214
336	72.241266207916	142.03851371695384
337	68.38112315128177	166.10220793916903
338	65.31440203372523	6.7811758677151275
339	-9.419179766047776	101.79932058753018
340	22.727249978011905	9.055745073522047
341	63.51226759225074	23.2606319322144
342	128.56970050486768	13.232420765636308
343	95.85687355386803	5.010460979112534
344	94.68730438341404	-6.346289648384326
345	49.66637342666847	-46.3771893244333
346	23.17994545667966	-3.094136671677946
347	67.79681064255452	-39.41557018010209
348	47.64850909853513	-2.9145032107565383
349	78.30071248391593	-13.430938088494814
350	53.2460965075783	-17.030465524121553
351	81.84993609849946	-41.453962177473635
352	82.25395691539764	28.4932095914735
353	117.17655363044442	36.179749395657765
354	115.26906553697478	-0.5733584963636518
355	89.61248340871285	19.238349667929487
356	205.507729538939	48.83277943670867
357	97.31347535908603	20.048573685074295
358	31.820638617202757	58.11940667896464
359	132.15060034765358	31.22699055443885
360	98.46513697837784	157.02090754826185
361	122.55613824154065	71.61410019263529
362	82.06319031771281	95.63902480242585
363	115.5672131612688	196.506881683951
364	122.78425556176364	18.60158011404536
365	132.34476962675055	90.26929319968552
366	110.18685159414211	108.9372357565143
367	75.72542581968642	100.67246431718175
368	113.86679008475718	65.11894274153829
369	85.71904052743226	88.97298413636749
370	134.2590847936803	66.73329033988932
371	110.46110088285891	198.6557597820455
372	-63.96239864202097	27.20362909292937
373	104.69181025931506	85.61250857629148
374	93.58730183818109	146.24343500073317
375	113.70897691199825	-8.388793041371954
376	184.26067032470104	-41.525418623240434
377	94.32693553607474	-113.82432822597816
378	-48.337961179203376	156.05202395318014
379	108.42430973969161	56.631450997502675
380	84.93632816688812	189.62644228480528
381	70.37483035835638	33.218406392084745
382	84.45525650791807	104.75921611562337
383	124.23023502936036	103.0204995549572
384	28.444457539641334	31.90762141247287
385	-74.65980270148609	102.59916674959796
386	-74.50967517101873	18.36212163693077
387	103.20494038210934	38.33211227178485
388	-65.20682970548434	72.75834454226062
389	-50.73113539794001	5.721789997397513
390	197.3313216179692	202.18283853946178
391	119.52105422395265	50.52974351535503
392	71.43133139367953	16.219373792145277
393	116.07646082736264	32.99112064045597
394	53.62004664490268	87.34584635663768
395	95.34315251971303	127.43447691886672
396	75.3026596669782	-92.81040315230015
397	73.5138601483142	99.63972243727362
398	182.20972407915264	51.605282059171856
399	108.5226594594905	106.69338642139778
400	75.23950286494265	112.87987659973709
401	50.524385744005336	-55.79999787958121
402	150.4434922562555	116.32287774128814
403	114.66900228475969	33.043171484396446
404	-57.337031191790146	152.57063056852564
405	130.28492503686726	46.62176795780431
406	209.36502828505297	-5.825445087214892
407	105.04606202217579	-45.41866328839704
408	88.86012842172542	17.032116978388633
409	84.93056601043843	-65.94843959285657
410	86.30024241719642	29.96109928747561
411	89.21965483411594	-78.81764524300931
412	68.78930346825054	99.89498398217182
413	76.47247531563445	182.2084103161526
414	97.44411808541885	174.3234422611691
415	68.87414603587182	88.55271162500331
416	66.17686261344792	53.72379977445042
417	110.47855849604922	28.99009849193537
418	74.01141833971893	81.20973912773043
419	96.92818240261289	222.86547532830252
420	117.1433559917371	184.46783776431636
421	-12.364200063068438	155.5060679943404
422	120.93339389430312	103.41466408397612
423	130.9296145047495	69.19200323489011
424	119.93678675004763	30.35887688818751
425	142.47375888976202	63.45113444591782
426	116.76544744842529	49.10712762765993
427	72.43368797252961	166.07484051913278
428	132.16757343906684	12.027490840117906
429	89.1398473194612	61.30573427717668
430	108.87403047499521	75.31131963533093
431	76.04367821729787	26.199714835721032
432	81.31618218579669	37.36124685464839
433	106.74165357702711	17.96991833683742
434	96.03145168710182	152.7722268799801
435	59.821780175997574	62.785739060307414
436	87.3196039415046	154.44740865246607
437	88.95251015134536	2.050208882446731
438	79.96483151092615	6.312449100975204
439	111.17211021917544	25.665323438533633
440	119.76963810719042	7.424910046664795
441	62.17252281097092	1.5847566622032563
442	99.17641978017794	32.743427615547425
443	110.47514786004832	156.24293591037952
444	40.72826347271012	-25.74780658111355
445	116.36253322791677	15.428746114923358
446	65.39820926285418	-48.1020480711318
447	41.937228853469925	47.00854139825035
448	35.242098617734825	-0.5125063113629518
449	56.54535646026673	13.163742520298529
450	95.7486395227996	4.461224013732072
451	65.36634454856534	-20.893968783749898
452	41.22826876709005	191.94814809694404
453	83.35354989267036	-16.927446543678812
454	128.73839083495199	10.397705972306401
455	44.05787044054612	20.15431561745702
456	66.3182999454302	36.47976286109767
457	59.43840105912915	24.035326585664695
458	100.72970627815872	11.332851289824315
459	48.2630888711752	156.2014215323229
460	58.46672235156067	140.5045811957355
461	125.44217342000853	145.44357877416257
462	72.47162546360791	131.2396675827774
463	142.98090725296436	121.97566992262945
464	110.04920867657793	103.71698469329644
465	86.23188851275305	13.194393235914543
466	46.45313059593947	172.83912426448777
467	43.69989490507332	161.15494488672886
468	106.23278045389873	184.35091470995383
469	80.4866751626848	180.381514679508
470	61.78049872660767	47.14678402996145
471	74.73882303144349	153.78070631390844
472	64.63029821533141	136.06465056236635
473	62.3291094938577	142.83065621066694
474	115.77183594919583	145.5911487432338
475	71.44263408926038	212.66902692657015
476	85.3742405284365	178.40539554486733
477	99.32883401858601	164.97959040547337
478	91.0448446059561	177.7803369041502
479	88.98486616020347	183.6694398174605
480	145.80471194711254	146.59772496228152
481	114.10146511759584	164.03585278440113
482	188.6270045080069	191.5213192366716
483	161.3171391227421	201.70046803507756
484	194.70259941468308	169.90622552548467
485	221.7732048725382	183.02170593964703
486	211.66863820908995	191.0631412787639
487	160.2098989970788	193.61662755720585
488	232.83958314842167	217.9317018057342
489	218.04925802487088	179.18316438909753
490	200.84393048991342	207.36318924648626
491	180.03757173657465	195.88244628868893
492	233.20925292639947	224.2883455918374
493	217.44343420623503	123.60467225036717
494	201.56895080895322	144.21686498081374
495	162.5854965143959	136.76712245712295
496	222.16980653021864	137.80798734098283
497	226.26307177756223	144.55063404081758
498	-60.06392615142406	-99.22533991674487
499	157.95393228655487	136.2758588348415
500	145.16510808220073	-96.12471243930193
501	145.81819095426007	102.83460741578038
502	-85.2957035126721	39.06940831702713
503	229.47004134716323	142.5918871482054
504	23.6717730304214	94.96420170638766
505	199.41740792766763	-169.48438137755417
506	87.47869938244447	110.07497255635394
507	205.75441972398102	90.7595805826193
508	-76.63892771978816	193.313465246622
509	187.52920888250856	119.72591015939113
510	185.72515807876925	187.89057059986845
511	223.615098931514	179.2259401723059
512	242.68208839639195	140.9708820173948
513	182.96946112280517	139.89981465115608
514	205.81516516465427	202.82166445167059
515	186.53807246859188	163.00138622605547
516	198.07173457398125	80.29155519639424
517	227.5550720164337	160.58334433506735
518	213.63346370658076	190.49591892615166
519	208.20340593568787	191.45483408901762
520	224.15859335751296	140.44193676996693
521	163.79528329155568	225.51672773100077
522	217.00803262348282	16.201551661017668
523	61.21887220146807	164.12666801518455
524	199.256578829254	59.51284559359168
525	202.0977564475857	150.43262974422473
526	223.78191114582904	173.05022469747485
527	187.37828944351406	191.49904064024497
528	211.20186476377773	123.91947169381046
529	212.72585175618633	189.22930147519128
530	184.02166060704292	205.75628921097456
531	186.97807711317407	219.4034401427204
532	225.6107617743387	211.17114152135846
533	224.02783487427962	204.54294129649963
534	244.5891884554346	169.4159145441304
535	212.32441272276498	165.7000834759204
536	188.95927508470146	-63.98296486547168
537	239.02511817696194	-59.46553003740415
538	-64.85529871138496	178.32459735186634
539	210.9915878333647	229.17854709015322
540	200.59289917563808	163.2688089012396
541	224.59038488332175	192.0644662072596
542	177.17991025210398	233.52800475522764
543	220.93429324404497	108.19220142572071
544	221.7801354395238	182.1881030958857
545	235.2290883150551	176.7762234054775
546	248.16078005107119	218.83630594569013
547	235.89104110979073	236.36762690469797
548	236.19826661051889	213.20402344258815
549	231.91777558030105	189.22628955871062
550	-10.89571040772664	-45.08216583738555
551	215.43075140576306	100.71752126986274
552	137.04238842821184	198.40698035613417
553	9.410483495559902	207.43691370989131
554	274.0802315486452	224.91102293886019
555	221.31972566254467	235.81784431305658
556	223.40296861507704	244.6928476845236
557	246.17860722698578	251.52716079886827
558	273.31146644166313	201.93892783097368
559	211.8710971021515	240.9043668909457
560	24.16179582128435	211.4522073265337
561	-14.270495360301965	-43.74214002116699
562	224.19971264741105	-43.08165335263517
563	-11.6397941469276	208.6427047741978
564	-22.879391852680598	-28.98923983692343
565	241.6279687921474	242.9569524115628
566	211.56932407774048	222.45368054046304
567	212.62667790664764	232.1213741026957
568	23.517929058353275	252.47518379386622
569	-3.168984047585468	238.1676285964747
570	228.59548580278033	210.5215789508831
571	259.5974148287989	208.5296598593984
572	262.2861023001211	248.24699796503324
573	225.15138723211567	201.6251631733482
574	234.37720825257676	222.98340317173682
575	172.5412555326588	212.72472931146245
576	257.1936845380243	187.78609166759054
577	223.53618236349496	227.33592891593327
578	255.79505533603043	220.64066501010882
579	226.11607808636572	235.5659282044287
580	262.0230646165428	250.23977114843734
581	215.19882712308333	211.8845605011583
582	234.27846650094799	234.53999558981516
583	250.0532691977089	195.95136934139958
584	247.4224327684513	246.6925263103442
585	19.128301633094523	215.29813202525224
586	285.17305410790107	240.4884549572417
587	260.47750361313183	249.05393717914106
588	213.09466345190714	215.32774769782688
589	241.36141444698677	267.2421819034213
590	-248.50628409618795	238.7201601048356
591	233.42429985349827	211.74183388707877
592	269.1598809536597	-369.8971254266053
593	233.76758058398772	217.83340273683922
594	-16.256642972691395	217.12578366963498
595	-85.67794947355907	237.13993353390885
596	166.38932175238972	202.69617845811538
597	255.3752288472691	234.0551433211501
598	-262.62426356021274	217.616105588284
599	-423.4739376686915	206.5303855429504
600	195.71493864161363	194.24986159433348
601	-237.13098372387324	173.28217258457846
602	-361.32427611690196	193.76632640970328
603	-384.6114493807765	214.06003254488593
604	-484.93718397999777	-381.7023523876601
605	-385.65328495394675	-635.2754216722362
606	203.82142789514185	89.78760989542768
607	216.98139968417988	173.0911832802982
608	-385.921270201563	128.39572974897413
609	225.70507579904668	-421.442544209102
610	-663.5489940303875	182.66513991157933
611	-692.2508264165676	-382.2252969146567
612	-372.96333782681245	207.41392788059542
613	-610.1048104360332	190.07731005377863
614	-622.4971217497216	156.48525804453564
615	-222.3305310504457	206.75848956229996
616	-297.69744306477526	-316.2044332296555
617	-498.3268873983	-496.21056243431275
618	-640.2226475656167	199.86491180305265
619	-715.3638418534215	-493.8135304879827
620	-89.1692534096933	201.3779971129515
621	-372.38535523561023	-269.9152243724453
622	-252.11148711197743	-389.5293928061699
623	-567.3512679727562	-502.6058922357625
624	-174.34854864668443	40.53416758985887
625	-409.5795314030461	153.19666053383986
626	-611.2288993163055	146.56661155071316
627	-428.35770734251923	134.44523583822445
628	-720.9968826640802	-471.7056450246598
629	-538.235066550908	113.06978340141308
630	199.26277834648022	-355.5570119310463
631	-438.989137123116	-579.8138956232036
632	152.8654175640053	116.56177791448003
633	212.74812163254575	175.7349442554032
634	-352.87044730519506	186.35256952048917
635	155.25140427599945	136.9286668889017
636	145.75442725235007	148.6084506131286
637	186.33322523676384	25.47031866677316
638	156.47451452748922	-10.804253937916586
639	-402.0665069411287	33.297645275616816
640	-209.3423002433078	-24.44151743925287
641	131.3441948363081	-41.55807641566981
642	8.847387932557393	-47.42993910777141
643	164.2578821826512	-14.15194962160486
644	146.29202589345738	-611.9615016645084
645	45.33078877172153	-11.494501509979656
646	145.8907910211057	24.798115304521783
647	-164.55614010918873	-1.7228624684261042
648	-352.26589264211026	131.47541973591782
649	157.44366754083012	155.4018391392288
650	203.38699475151088	155.52756493202116
651	194.6420974906145	172.2349625751787
652	235.19941171308858	182.19806034916968
653	-566.231657151423	193.2606259114155
654	-139.93337767931666	178.42537907104662
655	208.30234717867256	202.99009172922555
656	191.68386750183078	184.32680919637932
657	177.07930189829398	163.15354496629695
658	187.79732410535857	179.47826169465463
659	-359.64016753431395	148.2652655650491
660	-444.612058221472	189.1433005138638
661	185.3860092316164	-375.35403062857256
662	163.5720646732797	176.87472781537468
663	-53.00116551863112	-567.8470079591748
664	-404.4064706429265	-273.9704968733653
665	-280.9353424219354	-511.0985413339424
666	207.02964089459414	164.06892534871906
667	213.98802882725454	179.276950043227
668	173.53112787408014	177.23539341209113
669	-550.9603269397646	-256.7868389614314
670	-200.49398538293735	167.66224966385045
671	-475.8935702631058	175.81109797743233
672	-505.57565861607173	166.15218927150312
673	187.44726637239904	203.6902200726836
674	-687.554876183906	-202.67495133646148
675	-472.40863207523086	52.729252379546054
676	-284.10007783679305	-411.67914294679326
677	194.37703851133713	139.6576767557259
678	-505.32692632934743	-314.5217798018916
679	-566.4789138148453	-16.25292685430273
680	-79.62071267331734	-79.84812272443875
681	229.3254611590304	112.01379751082649
682	160.9761830873707	-430.3409805540941
683	-102.51406345114212	182.15593293641953
684	-23.06615989168708	-128.9630938348405
685	-410.3646143426114	-42.088316114472306
686	-649.0015086303424	-444.06264400703117
687	147.0702040366025	164.06743809504266
688	-240.13004207545976	7.31944206262893
689	-269.6401102518761	-93.91286038276621
690	-432.66682030912926	-96.22594540486419
691	159.62802397330785	198.95409538276323
692	170.72993148168257	158.7380219563372
693	178.91140558447185	-465.15274931937677
694	-93.89856018201753	179.62877339296722
695	-265.69560809856404	145.03886794088737
696	-430.8388375808136	-44.09806916883052
697	217.93424242717248	144.26187468259852
698	-250.03268232982174	141.43210136107248
699	128.70127757578695	-45.61339399788636
700	147.62589743998325	143.91286765512214
701	-53.601179646192406	201.86390101019043
702	152.8356742565009	138.77899043959113
703	147.62444294594752	7.342831018763505
704	-34.87001599948053	105.53660986354716
705	-59.488058911063085	13.589052382652255
706	143.25867384731154	-5.206666231479207
707	148.389386372974	-7.90062794325828
708	-80.97484401228442	-20.555811851118406
709	-14.63384636111334	-7.262911061740782
710	21.499629845750704	-68.61070884132114
711	146.94077486628538	-51.50814515283155
712	116.64532901352507	-8.492893283486987
713	39.278688162412976	-49.078150109649
714	186.42726217719814	-34.26659806987556
715	51.41213367319016	-19.59386594028925
716	231.00383081390137	-25.49351401643871
717	159.62140754295447	0.29633088908230465
718	176.82513653065433	-28.665911304888667
719	175.45408878873215	12.794418085689133
720	197.92449622841764	27.65820081749101
721	183.33764105291283	154.84830554372502
722	-265.94047537370363	199.2104676540776
723	174.37599822172666	149.84398010709626
724	185.9886795000726	203.17650661123577
725	-352.4404635512504	130.06262778536737
726	187.13102892582742	161.69916390306767
727	156.45135454226292	154.92053768385932
728	123.06786120975555	-15.994265341896735
729	190.803662595766	28.430662984950658
730	204.14400988263634	-9.82143195248378
731	163.57857366270088	-23.746767990074986
732	190.84128265538905	-19.795375370973343
733	145.35427838892412	-13.914327985649917
734	218.05347774128427	-11.590474800738411
735	168.93766226908718	2.879197750534515
736	202.26416271712387	6.7688557435713745
737	222.37492302176926	140.68133304225262
738	127.7240955355262	126.09417741254654
739	172.6436730964098	119.88821095604906
740	169.8165456134231	110.42366175197851
741	193.89682264655167	146.73467117380596
742	150.53084651750515	-38.80039980737941
743	281.8678197918643	-18.289834646796713
744	134.5054385462168	-33.372467813809415
745	139.27330284740788	174.3462476920233
746	173.66414253887183	25.54559246467905
747	-330.5551567208274	17.12018495332032
748	124.27819604400273	190.29295304350015
749	-103.15464876734018	88.54883143033615
750	-90.22111282578543	-17.488871737772445
751	161.25902015383645	-42.26150565547201
752	172.8050227721258	157.28442740671215
753	239.2987111750797	181.68122013108996
754	168.35633728385284	181.5463666033026
755	156.64841608916873	150.28190850193425
756	-105.85595982777637	140.9069773114479
757	194.1876051865409	153.12493069283892
758	-274.06204612213514	158.4118448771622
759	208.3295246704375	165.20362788176874
760	139.99533484898555	94.71476382502274
761	177.69421166649732	183.44982380787525
762	202.6276679653966	200.4367069396594
763	225.85917086433253	142.5049771525616
764	236.24542355375175	165.77650366277777
765	221.15593805742265	151.07285433953592
766	177.65997764813693	20.796677592436655
767	207.95858866581827	150.7277109747195
768	159.4375190608803	173.44332076636846
769	166.48613256558437	159.54405652023473
770	183.8491785390959	148.76033674390573
771	234.4709255687363	138.55480965434236
772	182.84910842305712	129.40013441934926
773	240.53977302745875	153.8793328476824
774	-53.31499742612547	151.40614388306852
775	201.21109471311598	168.59946220594696
776	193.96191410785596	148.23025557647165
777	108.07482670592958	123.84591550311262
778	204.46802279166513	164.65342016982413
779	170.27332115923213	158.08287261709185
780	-101.9823155383936	145.82771786405564
781	-57.36332357181765	-106.3951915566045
782	-80.83323864294852	181.24884025744637
783	164.16168807947295	141.77147739414897
784	174.43468596591094	-116.05063580524862
785	-71.97242103107345	-128.0074658839997
786	148.25833984343853	-110.48382993274166
787	149.14809282297963	40.947364111364784
788	158.60460785078863	123.18605650502472
789	189.24259087595482	-15.748922771186102
790	-193.75159398843385	-120.1080185984118
791	-147.27461721187694	-23.78841492626691
792	144.79422027958583	2.217044647089045
793	138.49027320512363	-51.06407682627628
794	207.78297630268895	-15.528715958854445
795	229.62700026786234	-19.492900948707586
796	124.00014017889268	-30.795227527308285
797	-77.36520932913703	-24.785688577762002
798	-136.836318522743	-126.50534446650383
799	-80.58903450100763	55.70452497968992
800	161.6244979445507	-102.62325666157433
801	183.4663934001406	-84.8058983209648
802	-72.96949215069745	123.23077343306784
803	-81.70531318712806	106.62722641297965
804	190.70791208617726	-64.97324470070886
805	93.65051676540494	181.16939383388566
806	-87.39584206977608	98.72700551687643
807	207.0159323579919	169.51132642991917
808	-95.50424797852696	161.6234660782968
809	-70.10303736585333	-120.72101290037612
810	156.01529898857518	173.57364711933968
811	-125.52622599828157	-63.225448414202454
812	-128.14836543651697	-100.60296589311146
813	127.67125547292923	-125.95240856100244
814	-117.35334150068445	-5.619872639159128
815	-146.36971418136315	-46.060276146880454
816	55.62369921152589	-29.521170786517875
817	70.65776240210857	-19.366443690615466
818	-120.9250385275694	-99.77225835094457
819	123.37253839565165	97.27974544588378
820	-260.9995703580822	80.2528129087908
821	135.4848207439413	-18.02723541027433
822	-165.32337005512653	-45.147810512690775
823	117.30342925840827	-83.1667667248065
824	-232.60179006901723	-82.76665920645058
825	135.55740878203525	-73.5833725547746
826	-70.82796530509839	-23.309656480265836
827	-103.69374000914108	-46.204275801524304
828	135.09431358521562	34.44970418640246
829	131.00182417065105	74.82270724648814
830	163.96021838524678	168.20998673918155
831	184.26572354279523	150.08030188238578
832	-152.82373206496254	101.887984456232
833	114.76037823286953	132.01017306986387
834	-191.4614680773571	88.89317284445352
835	112.63207112766186	-37.50074262946319
836	-288.4411652910152	-59.232466901388776
837	142.73558503989892	81.06463146506809
838	169.12193993193966	129.08334888200258
839	144.45886335904157	175.74191066636342
840	181.1582830352553	88.88354879971165
841	166.3770465368211	116.64034365251874
842	209.01847017465698	187.59816519214962
843	168.73321416862458	169.82795005924078
844	228.34814734218907	210.30037581347244
845	192.20812557468386	165.67319002786107
846	203.21057751358035	171.5910586874947
847	194.3735292215998	166.754708598526
848	232.35380571113802	207.7722521069615
849	223.17339456289463	125.79949691252145
850	181.2046746164894	172.88273031037994
851	184.29755655570744	154.42279305203175
852	160.07081805000175	138.17286186164063
853	65.92065433345763	32.005806081063376
854	50.03388163636731	142.20035320124185
855	-65.55136243685129	161.59583258220212
856	201.06791838947748	125.92975170794234
857	200.27193035771293	3.8323075212276354
858	180.23701230855687	219.8306957112351
859	201.8100160582449	148.29992821111625
860	198.67375621914664	196.97039505998598
861	233.97171036985932	-47.23917463033805
862	193.58822821445176	126.70037760822504
863	-45.206344067791306	181.75181641195297
864	197.79899986268975	119.76813280917828
865	175.92647326389618	204.28402701647474
866	186.39909038372548	168.52018542746453
867	195.23861299036955	162.96261046405866
868	179.73677450969876	192.0326106742099
869	80.5681701330291	203.2121190697396
870	220.2144601949339	130.5502486745309
871	215.89601619587108	203.7023377008523
872	209.99181488296128	168.68028164911146
873	223.8474569809581	224.62919976895955
874	241.29230614515654	209.7712330852516
875	-15.252630243397661	189.3261887081349
876	189.1109450246418	183.86921380746355
877	223.93951668074163	-42.40644434107952
878	189.72066217128034	-53.43630078460788
879	177.23480200823377	187.08665272232162
880	180.0056487181985	183.29158986423593
881	238.0782773716871	176.01959367317664
882	204.6332776105856	237.47894951797673
883	217.16065023040818	167.68076882025323
884	198.91395396017873	200.0317446596763
885	156.49099598969298	164.86889573115502
886	185.4615335335339	175.9885059108512
887	197.89993570444565	-25.49535647069541
888	186.72746438306106	186.8961813114285
889	243.29542486467574	216.39931506541325
890	178.96786967037372	212.42126416588502
891	207.99282566303765	201.31688857815723
892	212.3171511197577	20.408243387769645
893	236.2037096451051	160.6458220306459
894	243.29314684727493	191.88493321043052
895	253.5778372347478	181.94974948546252
896	-23.00942932521788	179.0089671912392
897	227.36141761254487	203.10031349229172
898	235.9602205703764	239.93063015388054
899	248.86090987199793	183.23690240595135
900	-56.60804724544471	-66.24318163276293
901	187.092663778576	145.34216108723462
902	-22.736053527804685	-19.31394862341935
903	238.4494918123575	158.79584228508378
904	-9.461098644379305	166.74948674954655
905	211.0454784302814	-66.91080907180766
906	222.67476061146425	109.80835697185273
907	208.41401195724274	212.94981801955552
908	208.05053222585056	-84.43897439979395
909	16.88293060352254	144.29030305927452
910	146.95285194240353	-87.35971685762632
911	268.7287660539447	-8.79548886058356
912	151.5537292266515	216.6741508515998
913	134.39225995307999	244.10781211124015
914	-17.070389461282275	236.76943796720525
915	228.16164197730657	-74.80311111616007
916	-38.53207506269702	203.96499173289595
917	193.8019586653146	-58.037187264430386
918	235.46181652689407	-89.53137099893962
919	-44.92149534969175	154.85449998395399
920	197.3901317352056	134.35390125503773
921	206.03385765458086	71.12532212406506
922	212.69366816350578	244.48785720011315
923	209.0421418038119	162.88738483265325
924	207.5382851028417	198.18614400103533
925	166.36206251318123	181.35366594387048
926	189.15368957581666	180.89179267523468
927	146.1684672813933	175.49116402919552
928	204.54691182129125	131.36625568169902
929	261.4664859383189	156.48120575654832
930	251.84050917272532	-136.2915276263043
931	101.2465326690258	-4.972192214379654
932	67.85412978046995	156.83368641862128
933	-107.90764719437016	146.97536345425368
934	150.64311393279303	143.41077093901
935	174.18909213731445	169.85950041363333
936	249.3148211475824	-84.17783133263337
937	94.99344942864215	-49.62429897325274
938	251.47107843366314	-53.93487542560317
939	212.5221441315276	-67.08690578779263
940	212.28330885568735	231.30871061411673
941	209.13154669440513	172.6632155461847
942	212.1797008944879	244.69425949350085
943	172.2813366115638	175.07885868824087
944	254.24622060469048	196.5014938906191
945	233.97222186247762	225.04379637262932
946	263.0281142853104	221.3376973135956
947	236.7512671649644	212.80188329921071
948	218.10572103932302	184.05260902964832
949	239.96127682481122	222.7320161238151
950	245.70722992015664	244.144849826593
951	230.17774218565165	215.44580331146972
952	245.61569952984436	214.07291484188093
953	222.632456240478	236.02513458996836
954	193.36775695203863	253.79137235301684
955	216.26062577676072	220.1612517066349
956	254.92686062393545	230.07302852394795
957	207.9393877901228	221.28785217727793
958	240.92240656231783	244.66176153928475
959	223.7009116860085	231.457681142426
960	218.4263269957129	207.4783749391536
961	229.7672915988937	233.91562110638168
962	250.06771379795165	231.4784640104866
963	255.785266425902	215.74915252238657
964	228.28933979372297	217.7588598477914
965	245.26571785849987	183.61367362961255
966	235.83304260540115	209.69042493352023
967	235.45636852761942	199.48447174292963
968	203.02010748449365	242.62305873200978
969	223.6595427610588	171.19269170621226
970	216.34226736093225	239.11992769866666
971	221.9889980584092	242.54729115734318
972	241.49775240638533	189.4225002236027
973	224.78056207708184	224.83794791926536
974	230.00486765944686	242.0479057607859
975	9.312685696037164	195.40481497161076
976	217.49653005702515	-5.289800648487358
977	254.2997624489205	230.60927558776825
978	249.7753514348273	227.928826240627
979	201.64665510032103	243.91734921775384
980	215.06099625532863	256.30503626878897
981	72.38517446834847	195.92590200537953
982	144.9754820549702	241.6528743719801
983	217.7557885444814	87.14947907442367
984	187.87177158336388	-46.12978003864501
985	190.72427640981556	223.8732848977657
986	218.37097351032605	225.1566574769667
987	198.25971887765473	228.2499549398102
988	211.31875469066324	-80.36531378004432
989	258.6551942183073	201.87248521589095
990	198.27754586315905	201.3199787297711
991	206.80340892670444	184.11888909030898
992	214.53897594182635	218.6573348213692
993	187.37578440476855	193.12646867811728
994	267.5719633796921	226.99440042839717
995	193.8232225464501	126.22637710196403
996	183.5450275501511	166.17106995773105
997	246.36999036781484	206.94085566631912
998	201.24505780579386	275.91724044891583
999	167.33839339421618	186.09219455608252
1000	196.6084395547033	247.52383304917487
1001	234.92520196777275	210.70887494468604
1002	210.1648545300996	238.7346380621928
1003	161.85772845529723	148.1624304055769
1004	85.64655046474385	192.46626659697145
1005	203.01907009350654	152.39959682881357
1006	209.39571413513005	200.82706219770617
1007	212.2581503850017	192.35144080193592
1008	234.75074480678177	213.47987500724474
1009	262.72019807081614	238.81403855950475
1010	223.3206313028547	239.47210423323597
1011	-16.292567526423113	196.31666148040705
1012	254.39243783331534	222.2541905872088
1013	213.06393075926056	199.36208657100127
1014	213.12183501685718	217.85454305435618
1015	197.96861513562004	217.99890244785618
1016	226.7810716259169	267.92834945232164
1017	216.4183421975537	217.65391459395158
1018	235.10640446769855	251.5940674432152
1019	228.35172987936335	205.42499733611191
1020	265.6280382293536	196.1888132296649
1021	219.7087376462919	193.26821590986975
1022	250.83000883410114	191.17435952664934
1023	232.90651504044322	214.8963866383412
1024	137.94355441045536	220.11280664771965
1025	227.962716351311	233.79852655540117
1026	226.85032852481055	188.73001268186272
1027	213.0638590762306	223.894764627761
1028	204.35671709895905	236.01997646057762
1029	68.34233064780304	185.1703660843956
1030	175.62054464023575	178.22401790392212
1031	202.86351054611438	238.73216574176482
1032	17.567796012388925	166.22844233162633
1033	104.43246499410016	75.66012443550017
1034	182.61975987458584	167.64319479423622
1035	200.50643778505975	180.89894095964524
1036	185.75880464440888	193.83941093644899
1037	-26.189119204591904	185.38696686644775
1038	247.82430095885232	213.9538550323831
1039	182.03739104958157	222.65479759701924
