Environment: LunarLander-v2
Agent: PPO
Experiment: wind_and_turbulence_experiment
Parameter: Wind power = 20, Turbulence power = 2
Time Taken: 1370.8076105117798 seconds
Episodes: 1000 episodes
Max Episodes: 2000 episodes
Reward threshold: 200
Episode	Train Reward	Test Reward
1	-136.1960030549076	-876.3794943960551
2	-381.6018311776372	-1092.1196237872641
3	-297.5240759310937	-2873.3289269822476
4	-448.1893905067041	-789.3628567390405
5	-125.84460023325722	-431.34014989762807
6	-478.15857041927177	-717.3710825178792
7	-490.3921574465551	-524.7968773826954
8	-333.60346314952244	-2083.9327965732928
9	-357.4605841868961	-597.3407817303771
10	-149.71284721760716	-159.16623117278397
11	-20.272660974801397	-786.7670159649838
12	-406.99195994318194	-209.29808516639628
13	-293.0598706707433	-747.3037244019182
14	-353.9969574325237	-532.7603812940808
15	-350.30454332045696	-645.1185554680743
16	-125.28231511275902	-462.6254995917247
17	-535.4288913141581	-1005.2235439686699
18	-334.53749912266676	-1743.056724300251
19	-331.39349510619	-310.26415782341206
20	-1007.6216789720476	-825.3066392996552
21	-486.8053953265129	-708.9157483056716
22	-308.73257989549	-622.8316933714566
23	-290.0700575445562	-62.71549482229178
24	-132.5997913032113	-392.7198857984409
25	-223.15832486414035	-1053.457738108469
26	-18.45374955410074	-826.9012887629335
27	-71.28845141885594	-160.04542025405942
28	-201.73909485987633	-1291.3618668543234
29	-272.55820080736675	-792.1193775661498
30	-492.1064485677026	-218.05762858505523
31	-329.2573835073837	-1707.764439574616
32	-392.52362613586564	-963.9004601710157
33	-748.5631957703532	-330.78162467322585
34	-456.3594333760642	-270.0627279717043
35	-553.1431953744268	-806.921818048247
36	-107.44172921933878	-262.30304047465705
37	-197.64546372842793	-1020.5079610923116
38	-558.4266340125706	-1305.7437294367435
39	-629.7547830174416	-271.32898316885525
40	-526.3201289775748	-415.20582961778837
41	-759.5593179925829	-365.5859942215884
42	-611.3986712809516	-464.22442987775617
43	-409.6986430434526	-279.29238923764444
44	-519.0648725396745	-222.81577370145007
45	-72.30379360760125	-514.2737256101715
46	-668.1753637343012	-682.4489071507893
47	-491.8738221949276	-940.0980460770162
48	-539.8812698958816	2.485891134989842
49	-106.13411850888146	-772.6641806182589
50	-467.5347685289861	-171.31642030969368
51	-280.23426709576535	-340.8728122271031
52	-200.25319375426483	-123.84270426541019
53	-381.82377678306807	-163.35235554716212
54	-272.07069718922503	-171.92203699453518
55	-265.9078635873225	-767.4627467105654
56	-118.28187975987382	-152.54473696906524
57	-410.51912661826435	-17.980368209034225
58	-356.90500585892516	-610.5661785543913
59	-30.071072201121567	-720.9856760892983
60	-366.8534038411622	-505.9057044668134
61	-142.79868251621795	-92.25563290202125
62	-80.29629272002337	-109.32239849242347
63	-521.3684399775904	-170.25766440930434
64	-70.7483466418912	-389.38580950893044
65	-165.7730438953957	-239.4394061837463
66	-555.6952762024844	-119.55324199140708
67	-270.7080653880807	-361.9353489757649
68	-378.54630206006635	-277.94485085883946
69	23.226884499437688	-237.42904299003544
70	-103.41737606130125	-66.84866915909234
71	-122.4801311218871	-466.3859541152006
72	-145.1515392634339	-44.56061503557676
73	-86.33848188562975	-182.43858309332663
74	-64.36667804616418	-47.240713071175364
75	-45.215680168319494	-41.48561279680531
76	-206.06089943138124	-118.59842873728627
77	-402.75215129155544	-175.84051654180564
78	-335.8691729146825	-504.1798836545913
79	-464.5668406091912	-240.96155559322267
80	-142.62615469956378	-490.99143076618924
81	-544.9338262927654	-398.42605317063993
82	-241.91681159924914	-561.6252185382756
83	-95.44974063133347	-260.775102710367
84	-424.70692663661686	-208.76136914747826
85	-445.87427803754525	-214.06341871932807
86	-508.35335287810676	-269.32518448671317
87	-317.6457020845323	-643.300351707671
88	-348.44540081007847	-133.35922744326632
89	-579.252971537717	-704.553538019291
90	-167.62635102558914	-218.23326922804338
91	-633.1865496359932	-770.0797142876934
92	-510.61426003859015	-403.8034511380146
93	-462.56174193288643	-226.34795868962217
94	-345.130330774765	-772.3500627885307
95	-353.9755941823272	-237.16116304292382
96	-365.523868523141	-287.1977245845492
97	54.967579419162305	-542.9517945308705
98	-353.5044102412569	-584.562733901512
99	-195.94398968071988	-188.83289197680648
100	-57.8604768354966	-282.6828939913988
101	-261.7607776079725	-231.63506501297513
102	-99.0808919326747	-98.12630100441928
103	-329.26581842881353	-572.6835246753357
104	-395.54337627434273	-126.75733211099279
105	-508.237000399123	-73.61232552844562
106	-449.34213584864983	-658.6853048410645
107	-186.36342487519812	-306.4896628283466
108	-253.10905893678702	-217.55343766227662
109	-72.59026592786057	-284.66258274412917
110	12.453216409884337	-804.0403470015074
111	17.216868570989963	-175.6632083734305
112	-108.17897646225113	-834.6283383509633
113	-206.30008125122737	-210.18008508670326
114	-152.05752273246802	-156.12249318982873
115	-268.2038517276276	-736.5857274717856
116	-362.89268626582896	-160.34313098307499
117	-230.78218020872634	-394.92596665868837
118	-526.6370786120658	-507.5056421671472
119	-285.38945417982364	-199.84015000750867
120	-188.56056276946728	-161.1026328599894
121	-117.24351603236246	-249.89996155637803
122	-52.82339204684648	-544.8754062218829
123	-299.97066631180803	-830.0529247790063
124	-667.4922225193725	-269.24026292960053
125	-245.3476743983418	-773.4940450863968
126	17.773609991534535	-453.40288913961115
127	-363.3985459599259	-112.17242374825459
128	-62.08491856442577	-489.4727538915377
129	-119.34015696943636	-725.8708763508916
130	-671.0415400992059	-775.0083888449064
131	-375.34443474148577	-587.4686985853737
132	-554.9089917038837	-696.0518075047984
133	-386.9652749802742	-445.81921938687424
134	-93.30511593222472	-182.44725926098081
135	-445.6976519761729	-300.6684957785966
136	-623.8306223684067	-231.8775777097982
137	-396.5026316371112	-519.4431818944204
138	-255.0192795358295	-503.15961684636136
139	-251.4000635315402	-269.8071454646275
140	-151.50583754410872	-974.498026651707
141	-230.72475440128457	-604.0973452647413
142	-386.77749729062265	-693.3137804947191
143	-291.5340996660887	-606.9962494678736
144	-162.14717692326178	-258.23535405632407
145	-279.88136474411806	-1272.4533678992138
146	-206.63003239880777	-687.9135439891124
147	-573.0667636722244	-1249.201378323948
148	-732.4966385202824	-300.3643338080087
149	-227.42308917682118	-847.4424417372301
150	-310.0174914685698	-1884.5416627955174
151	-326.5167710630584	-5470.643577479602
152	-305.2877649260941	-1884.8520100002759
153	-175.28487063290174	-271.77437093683324
154	-238.91694812873885	-1950.2788597159883
155	-158.54119619685696	-1271.1177037065604
156	-384.24057368320507	-3391.0680820261778
157	-329.36987455377806	-491.675523990893
158	-254.62793468989315	-2440.77380489266
159	-231.3870510999032	-304.473436876087
160	1.689564239081057	-1980.5515876431155
161	-364.8606919031999	-316.3587341344392
162	-370.0639912546308	-274.21401507831894
163	-413.50543997830454	-828.1423543643268
164	-68.31379404353115	-628.6191492640851
165	-214.3903273538072	-5396.526744966233
166	-283.7892461226804	-465.13478347135003
167	-86.06885180047026	-3374.8668425103656
168	-224.6700470483077	-388.6119791462288
169	-88.12299827650627	-3073.7502740601517
170	-846.8829988253034	-2728.277377992936
171	-2097.0211293325297	-2320.087031505228
172	-167.38705122565506	-1533.3719416610604
173	-49.781170532445515	-2153.104833427751
174	-297.8405003277492	-1910.175404408751
175	-163.37029123263832	-2335.1928783292074
176	69.81845292137277	-1245.6032620625617
177	-145.83312173269024	-1435.6228202492912
178	-2354.512496323023	-346.8427067897129
179	-1633.1910961094281	-652.6964860509552
180	-419.1988897574049	-6465.526125396953
181	-367.6232341641331	-669.7338764814396
182	-339.3663101559561	-1031.2167751727798
183	-41.643408304780316	-1462.342567419049
184	-222.2165954347791	-533.2327618124448
185	-164.25251088236928	-224.0020872071497
186	19.202967303993773	-359.11281003582536
187	-12.15305273239143	-1261.3159183336718
188	21.285100292003463	-587.9772715172799
189	-62.221881595534796	-365.0496466199875
190	-37.77812902900554	-259.24573874446105
191	-6.103567278529297	-215.00524331873157
192	9.804802938850315	-234.67234130040603
193	-38.72995085169492	-475.9085183979764
194	-0.5770404458086347	-276.99535670241187
195	-75.88805194827246	-506.87843705097623
196	-71.143248289707	-314.44744289267
197	-187.72676696665465	-452.94380486629115
198	-100.04375093837163	-559.175758734923
199	-34.405718177994046	-699.4979517992437
200	-139.99256638920124	-801.1943838084384
201	119.10226219826782	-1044.9184457115934
202	-231.02464662048607	-1600.7898500838578
203	-184.9401471111297	-316.70049416957124
204	-76.20243615203563	-2953.911292338605
205	-184.70910743910608	-470.03300490275797
206	-88.90226584892308	-1541.3251939628346
207	-38.70345744819615	-1760.290854233013
208	284.3229680933658	-698.7331725614811
209	139.7033732364016	-755.4875264151245
210	3.1657917249370655	-388.96411191134206
211	-196.56643088410164	-562.3944006039171
212	-155.6213563483472	-281.77671217670263
213	-63.347227746604844	-384.8014925615464
214	22.09803198674681	-1766.3645860406996
215	-49.819620712695766	-1385.4141135042519
216	-142.87551148105229	-1100.8822176328251
217	93.97273651626696	-701.4027786887613
218	68.5515295528167	-1327.6681217961507
219	-128.9124888462408	-817.4173562935285
220	99.95954107761352	-923.8542574073381
221	45.968042021048866	-794.8739737139156
222	80.95980720003024	-731.10971301312
223	-135.12298642624899	-564.6088004314438
224	-33.495558092822094	-543.4777196223245
225	39.463502909205744	-679.0797289538509
226	73.7659746291534	-588.5792287259167
227	-184.5285074358398	-734.7628796720735
228	34.53037203777509	-717.2646541549253
229	7.230810910264252	-797.3606870857852
230	96.38471880481057	-677.0439090310751
231	61.61584160640467	-554.9571611703122
232	110.53752631312432	-606.8731947792439
233	7.563682653046442	-479.2236098492834
234	-17.709953846029748	-457.4902641318205
235	-112.36371178899014	-395.94419577413265
236	41.027340297307916	-316.4286681176801
237	59.804860737333854	-369.63677915371045
238	19.111876286140046	-317.17922982918856
239	61.44883226652385	-345.63015607852924
240	61.30713963596	-535.432755118334
241	69.77664985537325	-639.3924016114026
242	55.88518962125882	-698.821139796801
243	80.49879270247604	-829.1838423932398
244	31.48889851878407	-926.7323052014091
245	-61.75179075243242	-826.5528663494972
246	82.50715119685817	-464.41683077960164
247	39.3554676146785	-327.11285240405783
248	121.70167959544419	-283.3678024690991
249	117.79237235101218	-160.37596903871912
250	121.46974823917844	-249.75807075549838
251	96.44971019973391	-246.32825915475848
252	90.98618285377161	-281.4140180567193
253	165.5769164634062	-260.190702666561
254	89.44108409108706	-262.0530504074715
255	102.76324209094702	-304.7273553282454
256	71.12194766452767	-315.8655016491922
257	39.49975186666805	-247.96965029764448
258	83.34875066817253	-258.9290100803867
259	71.32519621877626	-304.31711237976145
260	120.09055489612261	-271.13012998204715
261	86.41982747871846	-273.4868307101497
262	48.53520155660283	-212.72938070234002
263	60.48658170850773	-251.7692107371587
264	88.25122667883035	-199.47788910436225
265	113.72874358635384	-230.39946818214995
266	68.06815266996468	-259.3025559612299
267	87.35356970750001	-123.85614612349062
268	75.32902207871206	-45.021180777031425
269	132.4013437924266	-95.53997854159576
270	90.93982807074903	-19.83609465531067
271	107.76734144409312	-23.486936110250266
272	122.60195776591098	-5.379753825647465
273	117.26812443426086	-39.73283451582901
274	56.59786960737247	-26.761381112430513
275	123.00361299317655	-34.34652428257123
276	86.65658191623328	-68.3197296603931
277	126.73514059093552	-88.65997485125112
278	124.16445215183036	-203.08900184266398
279	90.98578965173594	-203.82478970586158
280	75.70559405177639	-243.65953931062435
281	96.33905850418542	-241.82906230324483
282	59.642015939689024	-203.46319235384087
283	125.95703903957543	-227.80409407488958
284	104.16957614805064	-235.74056776647055
285	60.01225931600863	-372.4961884779019
286	141.3568949750702	-437.9590421763197
287	37.01204149601166	-329.2783237336189
288	62.740405388279854	-191.67246612809217
289	130.0035239350363	-223.19951660805688
290	135.96290414497767	-155.95576234483713
291	104.09417877419098	-151.87650073777925
292	120.64138204288193	-114.18760009087441
293	81.26391286989984	-65.63397044538725
294	69.01740839376343	-74.42043773973144
295	135.24617626494037	-101.74106558015146
296	98.39053870705722	-29.2264877003874
297	102.63503030951878	-103.51636546384039
298	90.58451422069444	-160.03331033919505
299	92.66227759389908	-153.16420092956605
300	169.0247511510036	-221.0024015110834
301	33.982347464794266	-274.84137482975797
302	52.53803441100435	-271.5103131805374
303	21.047589079402528	-190.64123564623353
304	44.71817221093474	-107.751360141608
305	105.43769074293553	-131.64113953609908
306	112.88690701438348	-106.36258823509736
307	68.40582228451986	-68.62889056725571
308	14.24401469794573	-25.249812748483897
309	90.00628948479347	-27.258069037596663
310	-41.32755913107468	-67.11002043666898
311	-28.862097822249808	-114.9748845824275
312	45.192555125423034	-167.42194704107388
313	129.15975608259657	-117.17447540510855
314	72.0527673712856	-104.69839812700815
315	69.19477719066666	-113.42472232888798
316	93.55088876368275	-92.79466763653635
317	139.43042112712922	-68.17566507326377
318	130.49900009787595	-68.88735590047672
319	116.53453948820858	-115.52046820253398
320	101.19583657922064	-55.91562386390362
321	156.29073444040688	-97.96044916568958
322	102.20880577257115	-189.16764106519997
323	51.55494253585013	-160.9449358612428
324	120.24928461606585	-280.55165464510236
325	63.98403297542542	-281.21846340231446
326	100.92344160459989	-161.57009637499345
327	76.81781630952074	-166.71400529804967
328	56.73173274403818	-178.69604893766424
329	77.33057508144194	12.156821293989617
330	98.98779702922717	-59.17466509405916
331	66.17699510630256	-10.185409214915369
332	89.08880678297419	-23.440839968311753
333	82.26824446961392	-37.50608260182413
334	54.622767096371504	-55.254855793351645
335	41.21110472405941	-51.4613331060034
336	81.92693812534671	-110.10583663581936
337	168.61274546355685	-10.73785204792016
338	205.45427002386066	97.19047719913655
339	98.7599763407104	6.474702299562529
340	109.62249955019729	153.47035039158388
341	64.89112135495742	16.966025687155604
342	89.94742912061231	-25.732695547579308
343	107.63592016884569	89.06370714277742
344	113.14737947678898	5.561671521513952
345	114.82691687850212	-20.887243234343437
346	125.55355922973989	165.6331031744694
347	195.84961068978762	71.24088800727812
348	199.56899578970433	93.62409044068625
349	129.0222529201035	134.97584507149236
350	227.5881695545575	34.21021822144294
351	89.98004824842587	-84.89241627572974
352	181.91849018012596	29.85233669397506
353	232.38751683950852	162.82084126238766
354	206.11453966604117	24.37258993695852
355	63.340375135005814	-29.974652904450995
356	257.18599674160373	3.443670481654343
357	73.6958627382114	-35.27505617693408
358	57.226901999340875	-77.83093380273556
359	93.86820101860482	-21.40471271642397
360	40.233611547999665	-83.28985143031699
361	70.92109573824985	-19.73089238545578
362	103.7423687477904	-2.273417987348795
363	105.16960913420878	-32.68497923622111
364	107.71380738299645	15.166674332851649
365	266.01178632034294	17.69876019484068
366	67.81884296270884	39.391804605839305
367	122.29408712880733	22.30550050964655
368	121.35913894707684	94.64213140140652
369	87.02423314936743	91.34750986744794
370	217.47815682956025	-2.7587767644202392
371	149.40046182931343	27.77617630446545
372	9.11973474684632	-1.9748493395817792
373	91.83149766101758	65.74240365409007
374	78.93659068486235	23.68154083429937
375	115.94548581439875	45.50057648606258
376	85.32383502034412	37.4954230603134
377	47.73582613152162	69.90484350829001
378	100.12961669622867	53.8195843787958
379	78.53234108918207	73.02739526459007
380	-7.529512058126443	25.733313261253894
381	122.47190001046145	5.314330263582947
382	73.80056940648717	54.783694354808894
383	138.88126886227366	86.30384369294912
384	81.63457426011345	95.12193109374785
385	116.11603648840163	88.6929754431352
386	142.90998626028144	187.62481665434467
387	249.52208469349497	76.14107499308746
388	134.39786431801284	146.42096000267205
389	157.89109923984202	124.60322336345605
390	124.56363263192891	27.97231762052286
391	75.40790228501514	64.00462130008562
392	130.6411449726972	133.90758416146363
393	-15.849042823834324	19.050837951264334
394	72.7614460433493	-10.70253470008062
395	104.74036596524206	-14.815713803811656
396	196.86095860030997	11.668364634895735
397	54.62339303813191	-24.442071774562187
398	115.95132170284673	-19.647922768738024
399	58.21092074641	-33.43303618756184
400	55.97019551586275	-40.629239088219734
401	110.71792370643091	-77.30748894960621
402	61.65881100030921	74.60227353814344
403	44.14766839091548	-31.12182345152715
404	54.6490469843406	18.80164744581296
405	84.09108545492104	45.265827466997536
406	93.09959986250236	64.42636334361019
407	121.71355689960613	23.1211239070123
408	111.49963001036743	173.86959717950953
409	73.4464343150058	61.52435112671968
410	220.80934553935023	30.33910072767329
411	114.15471742287998	166.77064410025162
412	-0.14860030478622832	24.74783688432587
413	113.86422785272099	9.388769034487357
414	123.24375224833729	-9.273239136541692
415	60.4455454515598	19.835745558069654
416	98.37611854616932	43.74334460621478
417	50.41465602244437	-32.32360422580901
418	111.79438195072937	17.610429598798483
419	113.13387893003436	45.27789649279393
420	81.97072725029044	12.372770865054314
421	81.35927187213879	11.293271062075116
422	87.04243395674843	22.94610553725849
423	118.67854939697979	29.595772306410815
424	63.87993053106325	64.08749857864294
425	191.09962606863166	70.49383816991975
426	108.15372991004608	64.60539954073879
427	65.02182898486272	76.41646783771891
428	74.72402491226855	4.1959915191578565
429	128.00945224279275	31.3234559296477
430	60.157786401979486	18.439238783675105
431	107.94790268114986	27.17228989941094
432	118.06477310451412	105.9782452531668
433	126.89181809942623	39.72908621969284
434	122.6181311498359	154.905105829242
435	29.110833479222443	183.5585885875726
436	84.6486312597782	130.51791844864528
437	75.51560449784537	34.075133497755935
438	44.06336782932338	-27.12713430741021
439	95.7021410821716	41.093645696684966
440	130.5288281930697	24.053079704936643
441	161.2479580272808	-40.10090281862046
442	23.701343974926342	-54.657466096268905
443	54.46152146656827	-20.851938021173403
444	53.759369267719265	-77.83389808631904
445	12.569200250463796	1.636013820623642
446	85.15751738128758	-85.42321145142353
447	55.99635062373549	3.1975076868962824
448	45.32744129676345	-1.8155830733942357
449	63.970766022477584	-12.757267009989674
450	104.0404453093336	-27.347481402397463
451	81.62673193940252	-42.73385020411345
452	42.09007348332949	-42.497735489605056
453	71.08787270642253	8.714499937062914
454	64.71104735182686	-51.74963424142566
455	76.53294918341714	-16.150283663454843
456	33.02324533745397	-17.57066749269017
457	47.20510852473195	-35.210683260446835
458	56.11995928527216	-69.38659493867887
459	83.76376297296555	-10.563822040307656
460	18.06675856780182	-18.642430339585854
461	31.06361901901626	-55.49249393119101
462	-166.3263550403164	4.838296342766114
463	42.68909523626753	-36.27965909531019
464	81.76661407476462	-24.105320601789757
465	66.38351091321287	-25.80773144217793
466	53.448958880981536	-42.52093238798622
467	66.66152994945978	-40.524054554198784
468	73.48003864848515	2.4336059332323687
469	47.9491164727848	49.77869004365873
470	183.21925939278185	-59.24942194565965
471	109.32658994448968	35.16180798961471
472	77.7305738624789	-9.158933001098317
473	55.351500491786034	-0.9884420983134203
474	105.56042702092466	-47.5269866094625
475	57.43115193703519	10.217121719503481
476	90.20413303704672	0.5967593596315972
477	81.88964276557964	-63.17663698998128
478	34.726727220186	-47.39798668737594
479	39.77140710165448	-16.228684116085496
480	44.11690056936497	-37.280077242939925
481	74.03887543287422	-28.179624266110928
482	69.83192732271542	-71.79572509120308
483	33.89747913895332	-11.315196533745178
484	132.3363355109773	-70.45333039665093
485	33.00957802082726	-33.48614900654949
486	81.89831079712111	-75.40176718963066
487	18.18610062852398	-67.09735911236614
488	80.10597475003225	-134.05464188713822
489	49.50633921866744	-62.39137072674117
490	65.70479785744047	-78.97094363186545
491	41.321269374502414	-111.15667610806446
492	37.92990436715248	-0.31661101729855834
493	19.05163639640873	-87.98897855343681
494	30.703828518829596	-53.961131520684894
495	73.52948793588493	-74.48212164073912
496	13.737333915317974	-118.42686329484035
497	15.609313811007825	-9.415994546191515
498	53.496745250606445	-82.26590136683652
499	24.316606548163723	20.832988769491617
500	-0.5803279245222763	-28.183513587357147
501	95.78403519556788	-31.29227441729896
502	47.59163079710612	56.32798695826639
503	45.94328644216944	-28.175231116340495
504	99.76048158441084	-64.97875581804692
505	44.41641348533364	77.50664511391064
506	85.23004587253388	-39.763604541550684
507	56.87450277452506	-10.067515488705832
508	68.36174153774954	28.169565969923713
509	65.73988580011785	-17.950272647851406
510	55.455319747332595	-0.20651047182699211
511	81.75036053741535	-24.982036438962904
512	89.71111220265668	-60.56240120899939
513	49.67878652780459	-73.06304286294515
514	31.06366142725493	-40.36330872956018
515	25.450523234096636	-82.309201987511
516	22.793968166410696	-67.5676207447829
517	44.11955770638588	-20.35434372561626
518	-28.566934556266034	-39.026127625331725
519	-6.374436983882854	-84.99709761935223
520	-10.212489441008046	-79.04368305231863
521	7.50603392484615	-36.03758313118613
522	39.09181460372313	-15.125286201494816
523	62.3420319804281	1.907584380124321
524	13.271570495038617	-22.199856222995933
525	52.82282495783933	-21.489306587914346
526	34.05294421197989	-11.930419634786995
527	70.28892351703755	4.014621897844985
528	88.25687075390046	8.217325617072879
529	77.38649751018804	43.71800807782494
530	90.8592352255077	-5.094244234686961
531	18.509991412613395	-11.714803695511494
532	60.26972094517743	21.134808512845144
533	79.3800349296204	17.80406820862999
534	55.65538539569264	58.9589522109455
535	94.24014541399981	70.26413905451722
536	87.75309560309746	175.45956650144282
537	101.76645935735826	104.06412802328568
538	122.71712773313234	75.85572776557557
539	83.07184999616989	194.98042251879747
540	99.04190550615742	198.42250810958504
541	123.87521471266795	165.37205472241348
542	91.70660494295586	207.13837010950044
543	67.75698079833236	196.60075167673338
544	104.65868935028922	218.76748534396722
545	72.98177136311175	167.00318345514242
546	93.3360697775262	66.14555659030671
547	66.5175855866689	156.53374609700407
548	26.68387223356681	134.99283171563025
549	126.76698704235478	59.61559828318355
550	64.0414013825722	13.834377673571069
551	73.77139431248757	18.117421434555546
552	71.41976605021033	9.088939922166295
553	170.46632687040162	-35.970495918620166
554	53.58494639649808	-12.39006876032888
555	50.52354699297521	6.928328151024553
556	16.053545576194875	-24.250565230595317
557	68.76845813320226	-8.97428626600824
558	-1.0886486343948478	3.1822160033727505
559	118.99567228923152	-36.69579544454667
560	70.99436161040785	177.15546327375475
561	55.698569662456975	-49.19206775538654
562	76.4197202959446	14.575579980747907
563	82.03843519059248	123.32960847005094
564	112.95723794678656	51.21693755674982
565	94.3586823175689	41.81603107320178
566	76.92512223171943	78.97222785325086
567	91.09624553141445	153.29086147687167
568	85.96477136371023	71.17506487727857
569	37.24605394458706	76.48955349210198
570	67.50133499142292	141.7815857832678
571	84.75877500840804	41.58497452832242
572	102.83849945695593	94.34737337666243
573	127.09311470945977	87.8066249218669
574	132.19574318881956	164.63860086822666
575	106.42523110604793	115.54270214760126
576	99.30994766353882	63.21781061980967
577	28.1976237155866	90.21489299309454
578	71.50519528600226	83.97133739935151
579	56.7612750640712	52.81145896008711
580	141.54906240649277	87.34594088485163
581	134.21067972403722	23.996186486654263
582	90.05491250077198	77.61135468833794
583	103.0255937833733	73.37340376314711
584	120.32157156512301	66.7044345675559
585	185.2768808320921	15.404239662441958
586	99.91909761091843	31.38919212845047
587	107.66242193976296	65.49407649642932
588	126.93867818048261	65.87934801672507
589	98.27095403757113	-7.879653857512742
590	101.84964570893197	-16.820069327284525
591	74.35404570726254	72.43883703307382
592	91.39076668942285	38.800383219639315
593	89.1762627055736	0.7356899168108868
594	68.71956096207047	28.846275391666122
595	48.91503241488667	23.825069397921794
596	119.64190622935709	11.318623275602187
597	119.32512375106705	15.234263295400376
598	41.05806946643162	-38.99960966679422
599	57.781774846902	65.70829663637869
600	82.25416003825197	-36.58463644133267
601	49.95510692208903	-25.786432539902307
602	63.936129851014336	99.29847316085014
603	47.21583806426263	-31.433479185356664
604	33.42060046121066	96.81726801645203
605	108.42643999051536	138.62493477788914
606	74.59737117224628	69.70060346525568
607	88.20599694120146	169.27464928729876
608	95.65694136890168	131.8075699380141
609	53.66683009096898	24.665997789934035
610	80.69397941354765	154.58905503340634
611	128.0697976087533	94.85727368556724
612	45.15183426317035	4.259741879117873
613	56.519463297967846	81.37273949601993
614	51.963372449334216	167.14274186410012
615	111.7770512207729	49.688298582393664
616	47.469129500626096	116.36647498958607
617	96.44898976191956	94.31471233455294
618	161.07000851225433	96.85073783353299
619	134.98918206816163	52.59551461127724
620	68.54725569294014	70.17842099112706
621	77.33655340093716	33.16239310525836
622	52.85882264062261	55.29399159572001
623	75.35687226800263	59.344078403274054
624	80.62208591686188	109.68724374554154
625	122.62978658228899	218.82263884061973
626	128.86565004160414	175.97532387557806
627	214.12565103793315	48.923695109652805
628	129.5669758331377	193.3775158505283
629	123.32221294746158	130.5319678821759
630	130.30977425942854	52.57345526081495
631	117.8026274403885	210.32323669399642
632	104.77251513843323	74.135497288163
633	120.48820779283841	69.51296164416054
634	92.52216040263576	76.71413976631221
635	94.46525838815622	85.51028916101903
636	133.94230431140923	78.80099607016162
637	97.23400706384253	172.3416719668514
638	101.93610096332665	78.027113161322
639	80.60141592304605	47.633001825406446
640	133.47279034705727	175.62440634951713
641	134.9162654503015	189.8590088381389
642	135.9215758031198	161.16006573852724
643	136.19027582969463	171.25816321267064
644	134.73223047640744	34.41854701685661
645	115.92477661802626	54.43379123681451
646	60.43940781333439	137.74393788596154
647	97.99048854141766	83.67213174561269
648	95.43411670119163	98.33670863177191
649	123.54353572533036	87.64929880745855
650	127.1846069378391	62.424961648637364
651	116.63807097448041	203.21568434506057
652	127.19545694120451	119.87993790595758
653	100.39972315746151	89.69983521955426
654	118.46672727926696	71.77388693104602
655	118.82664717280313	218.54042420089843
656	111.82415420319782	111.77133218065835
657	113.77000100355525	113.15243022966332
658	76.16774432842284	203.0093393057989
659	115.7324638131733	81.62109385454218
660	-2.590221699012403	107.90859599060532
661	114.52151966793727	69.02810290771438
662	39.35425718994554	161.50795905425502
663	124.2576634835168	234.17282637068246
664	132.34747849615002	93.44748143442602
665	120.74893976555816	56.24976163231711
666	125.28303641456685	166.1708478439007
667	106.60741754920765	98.94414982551196
668	193.60686819226808	89.13295641029399
669	101.80998100155993	159.8648199821169
670	122.64168191152751	95.33111226288047
671	121.34844334939292	73.55063939747788
672	99.26976354344743	144.95059449951856
673	-21.47110606940926	197.65842386856116
674	109.33017798700551	211.27169105204956
675	144.09327990855033	106.63095499787858
676	85.50976838639524	191.8447830197219
677	98.77471721305163	186.45888344758924
678	108.02448251075455	170.60044800104106
679	113.94042466896009	180.00121382345685
680	167.86501757438347	202.63711979772876
681	59.827298618718764	106.53021690986283
682	101.40857013940347	95.110545837141
683	196.39462581016477	68.32388143152275
684	119.540232932677	65.91828923454145
685	105.59918038778297	58.599240117961095
686	89.53522441899383	88.71775665099949
687	66.34663290353349	70.13189691605446
688	91.68127265433165	161.76987658192095
689	88.86003008079956	49.42725934439073
690	107.9866874078903	105.61398807124921
691	111.09530856323055	95.03985471802852
692	63.544934531115565	54.55907731721526
693	137.12865582801004	85.01375366533655
694	74.90387200609517	172.13380022855335
695	55.406851465030435	171.52178721776414
696	70.6226086423954	79.72152705523372
697	92.44920734924837	189.30397564444309
698	-56.554101034547585	239.80261580568367
699	86.92851757051567	78.83755083966507
700	-14.428871806006256	200.48163860949026
701	120.60546486355074	186.6433759361388
702	60.02335615378724	180.82640155675864
703	111.91905874802232	77.88817473386023
704	113.10170901980857	153.1468739904878
705	92.82606903002744	117.16049263656019
706	152.66391505626328	129.6795605409203
707	119.16972930715815	82.11331403893647
708	112.87646027123922	110.84974437899382
709	85.6321648785891	31.811319524750505
710	84.9131870843325	68.9007013235986
711	131.4497938852885	94.56332888799507
712	109.31934417050034	97.59301160236713
713	76.18627738479942	101.45048626421585
714	77.27905452279924	124.8973464531579
715	98.07195816441953	87.17426705872695
716	91.13537638287366	67.42123534816008
717	138.02966968322136	81.63366920118007
718	87.08958532785397	102.39602710088522
719	96.87562038589746	244.98067802855635
720	117.9229436546228	111.68471352594658
721	76.7949459049236	113.0961562435322
722	133.00587404920392	173.09842178785303
723	89.34268945061932	-21.37553130284917
724	77.25555342544604	246.93962907129276
725	97.93807211612236	90.59623043108078
726	140.17393382988655	70.47891316957363
727	128.56143450769557	134.73512349324562
728	100.83180445778281	84.5457715722679
729	10.107584578142209	134.2955811507152
730	112.75538965717826	190.08659231319098
731	136.6206993173777	44.309547306253094
732	115.71866849266259	60.433508737734286
733	111.80325585784192	182.54843852822452
734	133.15151300950234	182.90739276221362
735	33.38638662973901	104.66360699884892
736	154.8348226564119	246.15297618754045
737	73.64075573487689	231.04156017474241
738	79.87580124321718	82.79696674901886
739	131.1900146120787	115.28399651266086
740	142.21735861993182	78.79071872374315
741	107.81425198707717	83.53409751745862
742	117.46140158006621	75.62378141727304
743	121.37056427409573	68.17513354056273
744	119.43981431934792	44.181546452952
745	-17.720945016220995	82.81012628805128
746	103.41163693007407	98.44854663887038
747	101.45443818588083	222.77103091213388
748	84.39389392108976	107.3881833390299
749	177.87603057186675	48.29614374615879
750	86.28636049999498	141.7268837049444
751	121.96232384637212	72.2316254372412
752	74.05044901283058	79.03385119407923
753	125.48630138513776	136.52731329736642
754	105.16042864222837	203.04844763408403
755	142.3715147285741	131.46131583587072
756	90.37473619795806	125.25232506179417
757	116.99598254865889	57.002520908899385
758	145.77646180155116	80.22581707306394
759	92.73616429462729	88.0247809199026
760	-36.428545809715146	90.41610874010763
761	197.19607535288495	83.19131902657413
762	126.54250212220069	170.11892426437427
763	104.54478682700882	71.8021680825902
764	112.23642887739989	94.16317807971433
765	147.40859639745997	84.98582411734469
766	77.14048894500283	121.77901732181435
767	-44.5875788122427	49.83879137906432
768	205.32162340844036	64.95148236699887
769	119.0765850566744	197.60900749356654
770	133.8977317498235	229.86627461422387
771	93.82184780832107	76.1586040206423
772	79.91792172866873	45.322476062658964
773	94.02583956892413	172.9246642239039
774	72.75499037436711	47.72433767945449
775	75.70949530451915	-52.26949441478431
776	115.80112934024316	131.5960613567276
777	101.75275530709791	81.85462675253501
778	215.16080822688772	27.36036485815523
779	111.54425898725654	23.320598946485116
780	65.7950120180867	-28.623431703956243
781	167.905025965387	50.460502409074266
782	83.69764980931737	150.81194508809332
783	75.37232658829193	54.60509331272641
784	137.22779116446097	50.286770956715024
785	137.6639000978181	90.55216267393705
786	124.22880932728309	185.3199765547157
787	98.77410090749788	48.97274212326809
788	101.78010680805983	-55.28728161999258
789	118.45535234250433	18.483971477727323
790	74.25302422645736	30.388776375398184
791	216.17087962541197	75.44731503806592
792	104.3376614296929	122.5629922780646
793	108.87068788300662	15.714301163822773
794	93.43848146598376	113.81380446397685
795	81.75978150841905	41.263502159041956
796	137.77525649952315	79.12398486006875
797	99.33909910590211	50.86276295287791
798	96.42794648182951	40.776444827299294
799	-26.205980216769788	134.69701348042292
800	88.69209148674983	161.99162167212867
801	112.83024824983315	223.02007879901208
802	102.07181699560313	96.46620226875848
803	80.37382369980939	69.21231904435254
804	81.77539059020762	40.98363648126852
805	74.0024997481498	88.51374243931495
806	86.67457901012583	133.95008602516526
807	98.84294594032649	47.550109225285304
808	90.75297225322934	209.30603646997537
809	94.86058729548712	191.53963395566797
810	134.19129706180874	189.7697578149614
811	84.75303457589277	187.08082430047125
812	106.58281228385164	16.22209197354512
813	125.2897471384751	165.87293598945783
814	87.32992129764983	213.40357579929872
815	103.98519071811572	191.8828129135299
816	155.54798672938372	210.306394564625
817	85.99185551142011	181.00950403284668
818	99.44786311215928	207.7487988644084
819	73.52511104579274	173.58199240642892
820	106.16713367645475	152.53336589386856
821	134.31199126750414	98.00848057079607
822	150.7571086051092	188.66129389918484
823	93.21948740748559	183.6193053416666
824	200.6890680857698	195.6357104883446
825	218.614943103852	214.4151817159981
826	209.63827080106987	185.72148743381422
827	182.7423264033034	224.8978801558137
828	239.9148316552176	164.69867803210906
829	115.88025395767583	238.15676911808683
830	247.40939709326935	199.81330380426047
831	113.59180088333481	153.05979258314335
832	211.54140467910517	153.9155394019875
833	186.74420450391474	161.57700984166692
834	202.47902532658435	175.42743468729196
835	184.52455925052686	150.45240292470893
836	173.42757160991917	161.63599653458908
837	179.61588564968008	213.38605039308118
838	202.4499144545979	247.17379378319174
839	249.58401259221287	216.99474032413906
840	172.45244292464372	254.03227507203863
841	193.86277758136993	161.70306231971114
842	239.7754577505857	164.87437512356087
843	200.3452582383689	150.0926598255152
844	186.0451310478714	238.3313007119271
845	180.4616305256034	147.47315986142058
846	259.0059307719757	232.9898286221959
847	206.0971025497774	228.99617987792817
848	194.39895201724718	-6.595191552000017
849	183.44855501488792	197.87828202440713
850	194.63842145996483	151.36662717518522
851	220.24539176442119	48.60008021147473
852	211.74517922745906	143.8113070552687
853	201.49562458554573	95.21915176773264
854	189.37760439486505	246.32137896399396
855	196.76372395338979	204.07605038217997
856	198.6974222617471	185.19710463436581
857	12.357177245683971	200.27301770116605
858	246.44765849772708	256.93824711518766
859	146.00833209829244	226.5214620380932
860	207.19640360298283	183.61986382149615
861	0.42278356776239434	164.4692868839632
862	210.22994837129505	210.50097511920535
863	180.56520775636307	172.7324200470432
864	-65.5366660521973	244.73671396895898
865	132.72712334675643	253.3645975685271
866	221.27272847990938	239.32698741056123
867	226.93203303245264	224.1109182677401
868	204.35966318645671	180.7333639327593
869	225.26715869247977	229.58427846126384
870	216.21651061601585	247.44772443850812
871	237.12349568775633	34.69395320392215
872	199.09693764283944	197.00021202831954
873	258.64910846331134	202.48843179608113
874	222.67515237423902	227.8020824791688
875	225.34434743905484	176.81023481813844
876	12.039431607355738	209.28704244380845
877	236.5384668754384	181.05628279441606
878	-24.26044129231721	189.94782395128317
879	225.4544717010029	179.26754129158996
880	-108.97220359368318	247.10013342231719
881	-41.05222141952511	-3.8349340923288793
882	233.61042917075412	-54.181724744137995
883	220.4154713716527	-61.58657535315015
884	228.28822605281385	200.708850251942
885	198.9437755192899	137.85644699457532
886	206.51997697034156	-114.42845495065357
887	-96.20006872341118	147.39353546321797
888	-101.60313141593872	-67.60932887828596
889	131.32605708348922	180.27016128551315
890	193.6451578774967	-124.40730823845412
891	-63.51693418278502	194.63598012045838
892	-79.94965585511864	-47.50270139805737
893	-16.14311956507801	-119.40441454422842
894	142.07199137377634	-62.27677731257316
895	131.6599054617257	185.15118802158645
896	-77.88438924455215	169.8517869062836
897	-79.5085866518522	206.57772131892392
898	195.9439122076026	-75.83261324213227
899	240.71126473347147	193.60557238252176
900	-77.45943115128438	145.27632226175157
901	154.5321168682046	188.98542663082193
902	-59.66398457747022	-34.53847147214621
903	171.43984219006157	173.5594532568865
904	212.19583152336403	231.3890091396028
905	-12.647913998852701	179.59906921006785
906	190.51568498976502	206.03700713714863
907	219.80531045866857	-76.28115549703162
908	195.7739877066527	-38.527407546758425
909	-62.57738353957244	213.1905206833347
910	-43.051279903361674	125.18521009472104
911	237.27167746871328	152.8914741661393
912	233.3082506120213	186.59297034608224
913	160.2981144725286	-74.07481835981059
914	-87.56672009909278	172.03349041787385
915	215.10501826816318	189.06095043434254
916	-93.79018977191105	-69.79795440385554
917	159.16234068234758	210.83950730395452
918	-38.908753287079335	191.57953971995215
919	206.45320546240418	-60.60611109798319
920	200.89287297287558	109.29456019036888
921	43.40049413182382	182.30288028832462
922	182.2350057174108	221.5909340941625
923	126.88962067251838	198.10154865952325
924	203.97495383326208	248.62337893357972
925	210.3404509469913	238.1098788292766
926	206.34087288524503	193.60027053674187
927	206.9225977533161	186.300178283197
928	210.2130295848146	199.9000932716872
929	226.42543151499626	172.61318655883937
930	198.427832314248	193.10729239858813
931	266.85050081559257	211.73248850076794
932	214.07957251488475	207.73534425787585
933	178.8855720169164	215.17745517481092
934	218.3408817661456	239.00756418398728
935	244.66167866416106	231.40391916012274
936	216.11325231138304	233.49434510397765
937	214.6799390501403	225.37224840305186
938	147.2558690900686	231.17493346981274
939	223.87851465437154	229.52859997611327
940	57.34582070007252	245.77533782487825
941	237.49603259689187	-95.68177973074748
942	20.526930539697794	175.4131123520611
943	225.13219573710506	173.54214745632456
944	201.96255352845466	241.06409860436315
945	227.3899592383802	241.6973297557441
946	186.44775110796644	177.75873170543125
947	210.14422331805807	239.4490529841194
948	223.04696741208278	160.984092349592
949	148.92751986097883	205.7767854533161
950	223.40233078258214	152.89776748201442
951	226.69116343676006	179.9827831758038
952	270.86664883104527	197.900573015158
953	238.36766446548083	244.18400799387803
954	244.10775458762726	236.89161104729436
955	216.33476683313495	198.67115405769366
956	219.03713375839467	241.5091138742761
957	256.3718560302	251.87165707309882
958	210.22006981131852	244.1876222397448
959	248.91156832956898	238.95623759819657
960	261.4655487617696	262.5290735838187
961	202.58287971093236	126.69901146022846
962	217.88813123593448	193.14073226867671
963	272.5159436901663	261.14675980621155
964	217.0204143099237	299.62740559373145
965	259.0461469983735	237.03028356497242
966	273.37727785215355	236.3231957368543
967	245.63222723135132	242.90971681882365
968	275.3805537674171	207.62857276669308
969	267.6340880783806	235.36691289035144
970	272.063696636974	189.46851826347836
971	218.28699011837296	288.1493827452882
972	241.63747643497518	249.47715782282327
973	261.6570583235185	272.6947739636096
974	275.0689450594772	266.8944735329329
975	300.41527691315304	253.76384185108168
976	58.65978256845864	235.49383358297516
977	255.03590996249582	222.68386144739878
978	267.50783423936	255.35730341509452
979	210.1558132060112	3.158317626909536
980	215.37193692814276	278.3821266881091
981	270.02655591890937	226.09874959934535
982	284.4582081491884	276.8191612611653
983	207.19991971202535	255.67311004734765
984	-42.436577765024566	219.17469770149688
985	241.03339831185355	255.80744338646866
986	288.3138417878672	259.22346501421254
987	227.24001652010045	249.30711990586042
988	268.5246820009604	224.93814938814072
989	254.9328551047739	232.44830153243177
990	274.28463386046906	261.0069014249326
991	247.5113947012431	262.8249806115471
992	268.7454971343284	265.97649798943013
993	221.8343116583798	252.4242428887187
994	271.5122982651016	231.95492833754395
995	244.77947207516343	285.88653398473997
996	4.302023569080262	258.5990572058772
997	264.5780944672606	236.1714856041903
998	233.30766366303655	275.35296428078993
999	277.2043574276369	265.74267190281694
1000	226.91554416311428	285.7891621106686
