Environment: LunarLander-v2
Agent: PPO
Experiment: gravity_experiment
Parameter: Gravity = -1
Time Taken: 2319.3148608207703 seconds
Episodes: 1479 episodes
Max Episodes: 2000 episodes
Reward threshold: 200
Episode	Train Reward	Test Reward
1	-78.67673093836737	-642.2152556151977
2	-330.2756451575976	-102.68232648142877
3	-326.09875722800825	-161.58163947264933
4	-210.98813265601538	-344.8542380630455
5	-313.40819507708125	-336.00933660292543
6	-377.1346343759563	-295.1654497608416
7	-249.2962095267473	-485.4133320489261
8	-110.00720961869129	-221.32777290602002
9	-436.3906564523901	-329.3394555566167
10	-89.74771787481353	-631.9691127086589
11	-285.8724144986419	140.54930475452176
12	-320.9319426440628	-113.4898015101754
13	-208.7972199558386	-427.63348311764406
14	-125.62173474417413	-446.47749888589647
15	-206.64059109918236	-1081.1064041485288
16	-283.7529181296843	-177.76185088455154
17	-367.8939921521402	-365.4037001861158
18	-141.0286892242934	-232.57001546263163
19	-252.9414589040593	-274.9379726689807
20	-413.7909627542544	-341.9233908131424
21	-249.49935608816136	-1259.5160649249053
22	-188.33276858425847	-204.65612123027927
23	-76.58846117812351	-613.2719892665634
24	-273.8964000242577	-2652.4365470103894
25	-339.7859323908259	-798.1383702167047
26	-424.66816078654966	-1381.0565444633241
27	-128.96291126145323	-1115.052840847511
28	-257.8581064788889	-1096.9656053613323
29	-235.61997253592966	-1195.849633193224
30	-187.515574504285	-628.6444895969416
31	-157.25362625682308	-485.5327881936435
32	-176.5936188790818	-404.8438837437273
33	-314.183229979772	-204.33345504640303
34	-235.2612455754786	-145.42598446971238
35	-246.86915840786708	-273.05527311872146
36	-264.07448132341517	-358.2425479838646
37	-83.57928332231114	-499.09124578699965
38	-547.3761079118483	-300.055127854671
39	-369.4241587512198	-349.7515027901434
40	-238.11112846536975	-341.62773450367615
41	-365.3459286278016	-468.1218987349339
42	-276.2026153164239	-550.1237623337339
43	-13.587663803114268	-329.6236329612352
44	-282.8610328562665	-626.5963630885034
45	-125.303548608876	-351.71428772878505
46	-151.83242256340128	-550.5533211178267
47	-90.15599457800704	-673.7427831592278
48	-9.371184300790546	-2091.182786600819
49	-14.885366221169136	-1308.1620757673804
50	12.88154195405238	-2529.3954317992257
51	14.496452664990457	-427.55830289656166
52	-249.09715614745778	-793.8294188389381
53	-217.4646088746976	-645.1522099736563
54	-206.60554692200157	-751.2226929924996
55	-236.9602465922829	-1708.1523480722267
56	-180.71204809843402	-2157.4797667970556
57	-49.91226524706657	-2148.4999759581005
58	3.2067849154022525	-1935.4166562052214
59	-190.49916015279558	-1072.088601021013
60	-175.53139513823595	-622.8939568856343
61	60.00951762224145	-674.0234348209783
62	17.00673066308758	-1196.860799082588
63	-717.9399930098512	-704.675114703741
64	-27.73800372769972	-1512.8712684964876
65	-69.82540621447092	-437.1091806387974
66	-151.87665250684717	-680.423037786897
67	-260.98063579108225	-500.01653204824845
68	-1747.584877045391	-650.6440959347538
69	-1274.0583516576642	-1857.9618854510113
70	-1400.72870173046	-2740.8284334281448
71	-718.3856627324494	-874.9321195753099
72	-752.7446881569441	-1130.4410084527317
73	-488.3181384874477	-664.3817411279467
74	-100.77186347638337	-1258.9923508465924
75	-991.4391610896764	-3731.8563136976127
76	-449.90798681323497	-5911.480902056065
77	-72.42324257015989	-2832.061223715939
78	-239.08009429590186	-2173.873375298247
79	-175.49628172905366	-878.6779094583258
80	-129.340088482422	-2229.9298382262186
81	-146.84484700567836	-2920.3401806033285
82	-23.962235083705252	-1156.735118992195
83	-96.14345352052442	-1881.8405401028392
84	-52.86714020301369	-2529.6823124245934
85	-110.8673244070248	-2285.129877028175
86	-115.84369219709485	-1337.3935667230392
87	-42.36298092385199	-3269.5889001507344
88	-59.07658740227485	-1220.3384244885951
89	-16.307154342987985	-913.6274562202454
90	-34.61089946846714	-1169.301308182067
91	-884.5849512755645	-1503.5988975129017
92	-20.394302245913167	-1031.9946566865651
93	-45.77218361868066	-958.8458801627735
94	-323.4514078119355	-1041.7098274792409
95	-586.9562448497122	-718.4671441856729
96	7.127412330651964	-696.1596293719525
97	-6.736421394001766	-1477.9932154925555
98	-231.90493710317784	-2949.0202284976885
99	-48.55904107290246	-3742.7356555137385
100	-67.8761763976008	-2895.6180497922246
101	-93.27189892941811	-1338.575993089068
102	-13.25639367737601	-1016.3036081093387
103	-75.52980174441647	-1038.9889213255728
104	2.994108816316114	-1381.6792157107936
105	19.5344319252668	-964.7286945372609
106	-40.463731159896994	-1068.6166438172186
107	-53.324458079024865	-2492.3340761545346
108	-2.298697287338257	-2800.7040005828217
109	1.2215327176174213	-2205.1492107345766
110	-1664.4147777426915	-1967.309069134411
111	-1343.1242841680312	-1827.3408937202291
112	-1942.9348583675335	-2146.8449743231763
113	-2383.438972079507	-2380.0870775459757
114	-2571.9937365549436	-1387.551327069409
115	-1635.2045122073591	-394.42629963992016
116	-1113.2559763771355	-1171.5529351477178
117	-1002.3182585712261	-1233.8357077589433
118	-38.176863495371684	-1092.0460452828725
119	-1121.8201664571743	-997.2402640149068
120	61.56027746466399	-985.8519447802533
121	-78.56259716078927	-459.2688444989705
122	48.422573211154194	-848.2303868747354
123	-120.07200359663105	-776.2401437695601
124	26.930794119783016	-854.0007519183016
125	-31.938295649134915	-827.4019467792751
126	-93.25702451324754	-790.9953353380167
127	56.71537118801112	-660.4960945199699
128	-58.67787387907782	-725.7559469646468
129	36.370980681283214	-727.9972376280364
130	66.56182174109946	-740.0275473832279
131	58.157430813180596	-670.1140113235207
132	22.408629839549803	-929.6972158738103
133	-27.12840398409483	-882.0162127418135
134	13.85319027773442	-890.1363728514295
135	7.2613533520625	-1149.7972606057342
136	-59.46314439105842	-1293.3421555744176
137	-25.31932975354026	-1237.9695430492288
138	64.578048553106	-1154.6799419749088
139	29.418049220237066	-1283.9641581721246
140	-24.764949273195512	-1189.6422634372486
141	-10.932470672562095	-1291.9401413062055
142	-31.708253081334874	-1134.8219327788922
143	60.94183938104705	-1204.4309379595818
144	19.401244061939963	-1141.9219001451047
145	46.44483828485142	-939.1711722322577
146	-33.55653836039759	-800.2807965739012
147	97.81988516430886	-736.9996341513116
148	48.17027493282342	-680.5262148012397
149	37.221894094967965	-769.8683202832807
150	43.116470898855695	-670.395568122903
151	23.035636919715614	-586.9563109266203
152	12.619298379302748	-468.41802930587556
153	67.71650678188048	-381.41413863045693
154	63.31160727165258	-348.3631453037562
155	37.81250067111187	-269.030049597829
156	65.61083033199564	-310.20291935212776
157	-28.338908370146598	-327.81741137511506
158	58.67565836256111	-461.6224574363005
159	-60.794951034860134	-716.1127367278776
160	9.922252437688456	-1157.2413067499153
161	105.88493232091385	-1362.8887393357627
162	-32.97592985334611	-1355.2121301909926
163	-150.98573181386888	-875.1383548324231
164	-82.83669915327873	-582.5337374680888
165	80.128595475052	-203.70412737606048
166	105.43327087017259	-278.0162914828997
167	23.359608758021754	-250.28935291032732
168	-89.99968477879446	-346.26811685031834
169	81.34869564524095	-400.3617865978451
170	-18.80457739043679	-577.5280626146965
171	17.868258933797577	-602.8237284403093
172	4.233031664855945	-458.38948953755596
173	22.02512730800971	-237.66466858673832
174	73.52262361752774	-150.52644173725005
175	78.97448982797518	-268.8623447488284
176	-56.256598754341994	-171.6777476685313
177	59.237560297094	-411.12252791852274
178	28.893117050748184	-379.0293765345402
179	21.475937243839397	-332.7917799530695
180	-36.95314683149684	-305.521921924861
181	-54.289017441394165	-356.86834708823716
182	24.76826180269037	-519.3008814714713
183	-65.09687615478981	-585.2155104433598
184	98.96622527353445	-424.9910408459584
185	53.14740142707592	-377.14854138943275
186	75.52897360866854	-767.5714876061967
187	103.6163308621673	-775.5015243732564
188	23.621761656806132	-902.811577711147
189	56.09166046166302	-505.4379088790677
190	62.017630392277866	-358.454720500784
191	-17.130042266640743	-300.35872237064814
192	-70.77373017374188	-432.2415438974383
193	77.36641784095626	-145.24127357226126
194	90.81761300903753	-114.97530963895946
195	121.30484003133274	-40.01032395747624
196	78.56600757666027	-23.702205957002143
197	29.16930995245184	-39.04976008629313
198	59.327603019925135	-85.01065987422146
199	62.262718334033956	-106.31843638922497
200	5.820536952638804	-125.31350653584764
201	85.601173766915	-139.9766032689728
202	-12.244502750145841	-170.9826637619883
203	75.21256613132631	-301.7517753432216
204	30.563203739802553	-425.3371760458072
205	9.750339060650893	-483.0694016615151
206	3.423246451284142	-372.50038822884073
207	-16.785932415764627	-142.79500087372415
208	33.790119147186665	-104.59112434900821
209	27.057849121086917	-87.97342340933804
210	99.33796767390092	-77.99351481163114
211	157.02939453459268	-31.62273375321059
212	-96.40054380291227	-48.86299931689279
213	8.720992077139869	-70.84976309325523
214	148.9327401213916	-21.79524813840898
215	94.97719511846809	-77.19858724511961
216	54.356234313981446	-95.69098991375434
217	66.12230068430924	-79.39192444779165
218	86.99778947138302	-175.54131030246006
219	45.910474194281804	-231.71615160968759
220	161.95991082005594	-267.6591739987045
221	6.914225689042259	-227.15518741586973
222	51.68137409926574	-143.50260544782256
223	-60.82894284047091	-73.629494947394
224	46.97317407728275	-99.03703166425764
225	47.09897570057374	-39.54442025455604
226	86.2066036409061	-33.94373257957966
227	103.4325648991374	-56.500969443769456
228	121.71477977886876	-12.52339109969225
229	127.62641125355498	-12.439147472472174
230	76.21709149722099	-51.23881945234463
231	127.79319783808839	-18.846184804664887
232	62.33256395550519	-21.24739172065485
233	95.02542790789045	-34.07298238660617
234	122.75743041625712	-15.509789332661892
235	90.66410207044414	34.7773365476806
236	116.7230627637506	40.21940295452642
237	88.76657633351266	45.60667899101061
238	103.90377274913291	-1.9472846756913857
239	78.35421185666394	-27.477306989936615
240	82.82367561245262	-11.828914447295949
241	95.42460618556554	-20.374177545550996
242	112.8139431969941	-56.64415497911438
243	47.840103005986656	-25.456204989871495
244	101.94249731142129	-8.751832217454725
245	58.742596651415795	-9.482667029419707
246	112.65173319942355	49.3488467055217
247	-10.718431802633773	193.2800791732605
248	116.12004339756008	138.3078958702834
249	68.72874739556624	34.24804511340149
250	136.26581216006565	35.74295389869057
251	87.626856021102	-22.359410322062576
252	80.41929438533606	-26.16976291153096
253	105.29259362399922	67.08447662212754
254	152.74490137851956	71.41260454928002
255	125.61551272814202	39.36327063596789
256	53.256982308818145	45.343227712324676
257	113.55597341807757	62.97676937206222
258	95.27346654195402	21.505721158194383
259	75.60960282899954	20.74714902645244
260	105.04417152820352	1.8945619447911763
261	112.52401483767464	35.92669133712643
262	106.8498171630962	87.04233197646363
263	95.66137698075924	82.66289069601339
264	82.37806861580648	83.79973465827969
265	162.2430212221692	74.48383076052292
266	92.9975703222491	206.1812571422995
267	117.48644179645068	58.57736121225772
268	109.25127536126949	165.95627535633196
269	81.96310802880612	181.65094307596516
270	104.68190054319946	72.27350040573644
271	116.6359015984906	90.7678843632334
272	118.00963501840306	67.78852147875924
273	142.39060563720133	78.98243969873475
274	144.4992059372873	63.38930804640938
275	157.68487194335586	-64.72904472396355
276	89.6310232624198	81.88504250068912
277	91.29105927828081	76.65465043337812
278	134.38744551317612	82.4858876997018
279	-23.771784933747497	174.54866820067025
280	-20.30771950632476	67.69828930554134
281	109.10849031575744	-84.45917027411801
282	137.52414307352296	71.51248368535603
283	2.6885830369525365	38.69537347548959
284	67.13466032675437	10.989549384775957
285	31.086822081756736	197.60689534104262
286	82.94399195240527	23.764875132890545
287	102.01961169571072	147.523713530474
288	105.81168298763886	-19.550787766812363
289	127.5977364805332	46.359268599390795
290	74.64599389936362	2.3784882105012426
291	78.52784330948829	-51.06067174118507
292	106.84310963501034	5.278367934785586
293	82.76034837696542	-36.93166691431598
294	58.51522314221627	0.19133952342783989
295	77.472077193279	25.785649527421
296	85.78119263358211	-16.382316872436014
297	77.2562736163415	21.83672891003973
298	93.73166953229519	89.49020988769117
299	119.8534255831093	-21.19774845445424
300	54.004825939974026	-22.61563203460046
301	70.04076505051368	48.25853915354214
302	48.76892008956305	-12.615852809390422
303	111.01145239362178	163.00785010656537
304	64.9530106475908	145.10078466908254
305	208.47315013521586	-76.12889397399442
306	99.8754209842329	135.6959753896213
307	108.37886975157265	26.88103899532466
308	103.46470739124489	142.99469905699652
309	139.54184540250552	145.14045712898192
310	114.38943869114304	43.55695938817242
311	70.26652566412659	26.915235229431225
312	76.17096476276686	26.129082321247765
313	94.82334902647442	49.905896497437006
314	125.52127812430018	74.6378993528061
315	115.30223718293293	47.508729626409895
316	79.78965225562204	178.87957782312026
317	88.06778952708694	66.4822554795658
318	132.20594195703939	171.58562485989972
319	3.8591579701000427	49.48562009714725
320	122.22442785174597	147.0000336086029
321	97.5849316784438	-44.23481371623366
322	95.7657033907729	157.8286734975321
323	96.14548497713265	35.92379059850924
324	120.23314882559096	197.92130113713995
325	218.34102395796083	160.33346245828162
326	99.08035802476412	39.61975299723214
327	100.28754721785107	192.80506240911512
328	-45.23782479722884	66.38454889229024
329	48.588681953935634	27.45687818945872
330	52.73557147144344	-31.581346662546117
331	34.05581301743523	153.5037171040454
332	79.17990519797071	0.9640913753357145
333	108.53016002145986	-4.628848872577594
334	101.60606761228318	-47.72401654434694
335	72.6945211386249	22.897443237614834
336	68.13793611161611	-11.731986188770657
337	49.493358724307704	45.97924379966446
338	134.4412317277965	3.2759647353010406
339	120.76282407207374	17.147252416254155
340	77.76100355109578	158.45957050485066
341	111.86339410361008	25.622812487138802
342	98.69478900356307	47.726457392288
343	139.10388658697227	-21.361530497967113
344	79.07011246330788	-59.962512466486224
345	72.6860844383466	-29.809077450664795
346	65.67878320275707	-18.111884515658506
347	81.8722380611717	-11.814230925017739
348	97.63396341559016	-44.35047145555931
349	97.23980628704453	74.23217080952112
350	124.93507523250021	68.79325152519418
351	66.39751050883521	-93.44794085765061
352	118.9062418702301	-53.309798515745406
353	23.811372198394512	28.50748288145544
354	72.75849913212927	-19.24582263172418
355	88.1487640009246	-67.06096384569615
356	69.15745328488075	-52.615066051008
357	78.47394638443379	-24.44485719224039
358	88.00510785705582	-72.61109048256189
359	104.80035872335112	-80.80193879999139
360	87.78560437116575	-22.490171198586232
361	32.86061587296089	-37.67144618561645
362	-50.762947807719534	-93.50637113146283
363	1.6379629853510442	-59.17109691316371
364	38.24669721261173	-27.054882891623983
365	65.45484226386631	-10.253353696258982
366	96.07818702323827	-58.60445149276786
367	39.422879351698384	-80.0737487995019
368	13.750447094460023	2.564926474360779
369	115.0842657064452	-6.231402661889198
370	-52.13190662330663	-29.804495860258307
371	54.67259870029912	-7.529665385532865
372	77.93512167525368	48.71362036197837
373	59.50296531363978	87.70665612105891
374	90.85853200993235	50.40898377470703
375	104.33503094469559	45.78087593257581
376	-11.391794123016581	-14.936355458213429
377	85.56829294270743	-8.993345207419344
378	122.08232754047258	67.22286557670273
379	64.88297072884366	-7.503863967815001
380	173.461374355459	-125.85535116777038
381	77.97147573855888	-15.881749891506413
382	46.28278824368057	-61.628792741127306
383	92.45410181302825	-44.045993062414894
384	105.34341819886104	-55.660968171837645
385	-72.7822617188913	-27.993387654848355
386	34.210268001029135	-49.06795382003317
387	33.35422888874794	-81.62427407452037
388	58.99588269485888	-44.24788898094999
389	-70.55419809749965	-66.88290546744857
390	85.51850609902233	-67.24095475908905
391	93.9760518261728	-29.959572292151133
392	2.794469745638522	-18.821187576398543
393	86.31824710426113	10.566800788030399
394	113.92793121885367	-18.369568862871024
395	32.006545267808946	121.6476483547158
396	70.32654382874061	12.040364321798831
397	104.23876656017879	-42.8401615711548
398	30.076454812261797	-19.46796414392365
399	95.67070834489083	-8.552450693519809
400	67.36193126620633	153.84579942548118
401	129.90295692530015	144.5252658466779
402	61.9778156387179	73.94082242070475
403	-22.588959065053288	70.83459544891032
404	87.03492737613814	28.922294387751208
405	106.17873231423124	165.81870347984804
406	139.40891394699673	144.21478459160778
407	68.00306576123849	132.84830712679246
408	106.15153246493186	23.8578063960333
409	169.79807200714527	-31.769639184797054
410	67.1972275415924	-6.66270371978793
411	72.05168895403247	-21.969686366156395
412	28.36824391335159	-17.20970340389426
413	69.40997424143141	56.841881396112875
414	79.96133955719009	58.785801199970884
415	46.11067977100915	38.954215916918756
416	95.92772240846223	-11.496089045750091
417	49.95957928553895	20.106170185088295
418	116.3415603810303	128.74517189939868
419	63.05930494099923	12.612092474484944
420	65.74239830009222	-24.472650041015676
421	99.78573451060852	30.53150942012626
422	77.09623490124575	-41.90364398426596
423	59.24384069108055	-31.760354537921327
424	40.60263565321085	0.038993324771957605
425	73.66995228940361	11.171915192072161
426	96.47285338655892	-45.250658936309904
427	70.31271374455152	-8.45743609046489
428	66.54487111567731	-44.38210985697001
429	48.30680623833825	-24.99991110523731
430	84.30877987959332	1.5006221254017433
431	59.216599771441615	-0.3528036014420286
432	89.57192993297846	-50.829600440330715
433	42.66127161293989	16.247778626923314
434	54.01801916446368	52.963368141177476
435	47.880889153105564	-12.944051461032645
436	57.63438340986654	1.029186782382609
437	70.94008956754607	51.24522961050559
438	72.83379381637214	20.36176609507124
439	67.41272603634512	3.99144266317737
440	90.42990684208505	28.92344925107366
441	76.2463944067325	22.85973179891251
442	101.22112447865396	46.39370866274286
443	88.5971914941311	18.46806497878961
444	104.09892624941233	-44.11947981472482
445	64.80579644836325	11.654642979779986
446	32.152268280360325	13.124240589541854
447	92.67069136782682	1.0211000936721621
448	93.02491209287103	2.036306924770203
449	166.36449322012598	108.98515094060423
450	39.700758574153625	103.60192441734924
451	64.48359096839158	-128.29101740166226
452	38.679727259953836	-66.09125931986296
453	12.930155707323438	95.02997541316263
454	58.93850064515395	-87.84068494357633
455	68.9246097674252	-3.716378209698698
456	27.3258663455037	19.979579332021718
457	-46.64825250179329	-133.89160781989182
458	144.59849720470532	19.285397395912206
459	146.09365054014899	-161.74135252127974
460	103.28062775572245	42.16864867576054
461	68.00922377978559	94.32873818544377
462	190.8571300671954	-56.62470482842356
463	61.90039001347245	-22.171218252092693
464	27.705747515015844	11.945237429023189
465	157.515644807362	-131.69195186795426
466	-39.88330021019266	-4.439338302686481
467	64.07284941247742	-10.330862079235226
468	131.3245979652997	52.5868283317053
469	92.29692318007383	155.86258539026437
470	87.43448765999455	-141.8447876799006
471	88.46284540402802	34.91359000393952
472	50.64327922464605	-24.884223514326905
473	112.99896325365694	43.529932302260555
474	51.354854241098266	97.46022991813072
475	85.62948275163895	127.4200472366206
476	191.10621575673457	165.38148039589746
477	40.21191826081919	125.3562106954961
478	147.66731233085596	28.25416325955492
479	169.48792704977913	90.87056393766542
480	75.95841819091139	58.66369004090561
481	186.81455048845658	67.64028417786898
482	51.67678083406728	-125.32672604993778
483	126.34328341972132	193.06469041884668
484	-70.53391701032888	46.55320824081147
485	41.25194676299686	125.8029014640148
486	-41.83461337256023	124.87785239829718
487	86.6680244137194	-35.83228150739113
488	74.35271867540509	-106.48241360214487
489	-64.52126691310559	-72.77159879120947
490	87.45648152066146	159.6055048118923
491	-55.4115903684805	140.9346436989245
492	164.20410765363715	225.66507810770625
493	99.26124573973412	150.63201308672245
494	67.4203107751909	64.81034294215546
495	80.51368416550467	-90.90164194492891
496	184.4472299585509	14.760348653173246
497	210.57340223458385	155.77165917858787
498	141.268264413324	180.4704437608888
499	226.1194532957141	149.87545308328936
500	158.46472465406362	84.91866620427554
501	184.4073506237176	189.51506557281192
502	78.957749891231	98.48289336759703
503	202.76541218097043	170.40088171010748
504	77.222917100024	78.7742778233419
505	80.65339476464389	119.8789059247607
506	204.10835215089696	150.39437432145505
507	72.87819069840532	101.65488552869488
508	50.49244069703618	95.75136519268942
509	176.72647262783033	83.80433863217627
510	-52.04962530930804	58.44858827765043
511	134.66985178638106	181.43843985324497
512	71.39807000343433	70.73033303028325
513	-43.005529495508185	161.8577338541588
514	101.98047698371084	-85.59669557599344
515	165.7103500105925	59.61109514657413
516	82.1715269655377	148.3458564956366
517	90.47428502488127	58.62174472725913
518	67.6995321234946	64.91957953247864
519	92.73777229848552	109.71089251521843
520	64.93349474940584	96.71363095235769
521	73.25463683919801	36.852960815373635
522	107.27221551793306	55.35634972508031
523	102.60972824103578	50.548902656257745
524	76.51080546754127	75.89887471524112
525	83.41324979140454	116.48861944416672
526	93.55991228796611	41.18362262960588
527	106.10369156259019	99.83349539961436
528	122.98745218431935	66.88168649115777
529	109.20897801274589	-46.01845261117258
530	98.66182751299087	103.31842690215879
531	75.58010233105558	85.66261394738265
532	75.65431477510668	185.6736387339716
533	116.7379333396281	163.4931587264795
534	81.03317080056844	145.89457722252388
535	84.82092624829559	129.18402979234384
536	13.786496396672987	116.05652116682714
537	98.13116899202774	93.76744067233162
538	71.63606342971315	72.1435911172453
539	120.6944649864987	202.1660557244261
540	123.44237229936195	155.11131319403262
541	69.83393321463517	142.34785769427725
542	72.79243358311224	197.49325422004324
543	85.62783032667886	35.14723591474934
544	95.72494069984232	90.35134730921673
545	110.6982379906482	182.68583622562582
546	113.92483902526146	167.01083644640505
547	93.83696726335937	85.37085567253109
548	89.6331646316853	218.1024553854089
549	71.3228550253749	154.3187519109198
550	197.34488050061287	177.3205436141448
551	55.47868987437701	145.61554966056127
552	100.66917042611719	171.33522413870574
553	81.75833864513987	153.4244304675372
554	101.57914788870492	71.4854022263338
555	52.3189662875306	10.161563058890824
556	92.1817623739753	109.59507547747896
557	61.33095218885614	70.74268188656393
558	43.67804661622158	155.59668873000163
559	123.61406059617264	46.227350944689285
560	98.27348140883893	192.75556103754025
561	64.13693949229135	184.56137171611823
562	130.65288303452985	163.692985245894
563	103.17459452103557	161.16761117910153
564	83.78912775261307	84.13194517635148
565	107.9606170971566	88.92575230030239
566	105.867004468936	123.41057143131154
567	124.70815252222617	106.08297126930772
568	91.46338509058893	78.88227480276545
569	110.37977545390156	195.1478161172943
570	109.8245337988719	132.71055829647094
571	73.2393200096895	116.51600522997097
572	123.84332040328431	65.6427926452929
573	69.47179691707937	194.42134435464925
574	74.1993693688589	166.18075715489087
575	51.60068217662969	187.51351812742072
576	100.70037256738709	185.13900238711582
577	108.60345437072476	232.8564132867375
578	107.24709510912285	187.70233716128087
579	111.56519179140739	183.69953986678374
580	108.21955165336313	192.31373921025
581	141.20985147572893	203.3941954997653
582	126.11003113685676	201.56666149196448
583	97.49916180026256	194.98409594483508
584	106.65643599441849	207.9345050959242
585	130.77917106975477	233.4025262757616
586	195.01601182461354	202.38378875244743
587	182.05334012848772	97.79681436294452
588	130.42483719425266	123.56909411058679
589	104.08598734952432	190.57936266397274
590	95.88074287136727	254.341579332845
591	120.37353159700363	240.35424380321052
592	94.82636665090034	201.17289775369886
593	80.85698824731591	-2.8737080661259853
594	61.33055547287171	203.0838241223587
595	82.8991036697863	180.79686344467513
596	119.37818717041993	153.14237477676866
597	89.46810239387703	191.58503888493073
598	108.98765529600664	7.02648338102513
599	-91.38081448761157	172.8608726725845
600	-21.609380124122424	177.45398891997644
601	-75.77268349057941	-60.45497478329509
602	117.33399507405008	-94.09678547982233
603	-18.886626891951252	148.36935767368442
604	-26.796795990431974	-40.8823699564319
605	72.28036486220124	213.60094784558407
606	-27.417826133764024	202.1662744785033
607	80.97756968056136	180.0289955177131
608	123.09635009158322	179.93447895958445
609	98.71616791371278	218.11309102665783
610	74.11867260494233	211.32710226066638
611	101.0979659995182	185.95846343137222
612	122.29565279672266	213.48953951195546
613	-3.113954228622532	105.81863044146661
614	128.66258919878055	209.54269391339682
615	111.66831120259862	185.00306889663034
616	-6.989645285868647	202.8035220896972
617	49.23461222626652	221.07426199118717
618	89.37800525949575	192.86407670355374
619	66.65900970640924	193.8649570998079
620	81.06382190357759	99.94502265698041
621	124.66154499189962	199.51084240867638
622	106.16369152573841	148.3977940304819
623	55.94729253267408	200.12537264445115
624	86.44736987253503	146.00018459667098
625	108.3954838920289	208.76184731954808
626	80.44649065633831	220.1868333242323
627	128.43813501621867	166.9212066207265
628	128.4115740621749	230.16866180966645
629	80.77696696063529	173.61965525778993
630	96.11235404297406	206.18019900951387
631	106.88291031927544	169.33730752307142
632	66.67464361728722	202.08559671122447
633	94.2261830230216	-20.632829077305658
634	85.791184435789	178.44137533405416
635	118.3964071226187	174.5660194212502
636	85.26777125937956	141.81213960921315
637	54.53511138128454	218.98451588126423
638	138.10827728556728	163.05211292408165
639	52.93391981373212	205.61868059224793
640	49.579326203265175	148.28164887221183
641	38.217357181645156	183.6039861250615
642	80.29777684837009	200.12588629469928
643	74.71947222317024	92.73258245327207
644	67.4750206814815	195.8451187700603
645	93.66052726135607	168.15463174710538
646	85.89807572751806	195.15824688499742
647	73.9948107294824	211.15404639505888
648	108.6641782346852	58.00511578176863
649	83.14474476501547	125.30197185059568
650	86.4836635435291	115.40465187877312
651	27.235288533664807	63.70986590067801
652	124.17176479643395	140.08592330409184
653	107.10464912772048	185.23100099968724
654	64.36141946762217	155.53221286591344
655	133.10980861332823	159.25047574557198
656	80.27300901327281	178.9478526721524
657	34.62784646680642	157.09976907268054
658	68.42565488245242	146.76168792311586
659	43.4009051114897	125.25089241553678
660	72.1288553849227	-105.64212543341849
661	-67.68692903797087	-6.360344935681552
662	53.0218013238574	69.61617747416679
663	113.88000328439477	136.4444008194559
664	69.48183841500227	165.5700184737218
665	45.45438299836046	136.12416835292925
666	135.24852007195148	205.23475802924395
667	68.56074740431211	140.38020807210142
668	95.48943625152998	180.80731048855324
669	64.95373410865623	149.04734431747931
670	60.33349133767044	185.33763323420038
671	53.24763990668541	-7.847698972894955
672	70.14337757926515	115.80339325098286
673	56.79231751658236	169.0581206042999
674	67.15032206073155	118.0587487619843
675	79.92579079757192	100.02946736274909
676	57.47866481327435	114.18662072064807
677	90.80064200148315	159.91911719462166
678	111.21627288768222	137.85309012704474
679	33.362138821492124	200.7034360942174
680	46.14582463045152	150.2348848713653
681	109.12187846260163	154.41619516440755
682	-427.4930190268904	194.41043058959872
683	99.88615312216797	161.2023814264934
684	67.00050043500623	56.338030761447285
685	76.30406455480275	122.08285255141674
686	75.79464489957566	179.47258926155402
687	28.767090538667798	150.87448774517318
688	60.27159551604912	160.94599743301418
689	94.86963032726543	146.74706072474413
690	-20.201817856249733	173.7800910718479
691	65.0253954025794	144.1230272010641
692	81.30140760331886	135.58138219393615
693	77.80387187528605	87.79472674703116
694	32.638708748395025	163.70253975163857
695	36.33092867568624	13.15471616755376
696	102.17203522709875	95.0429788385585
697	38.670604196514645	115.96521482710294
698	102.8967080437822	146.64156134964583
699	1.4476260285043705	6.9798460153244655
700	47.89286331051984	146.71756643838742
701	85.55487117591719	169.8028381761207
702	77.73887632085331	23.667472650793425
703	37.85160373465959	32.903809191418425
704	38.04801847372035	-1.5694461649377345
705	40.623124922342804	26.7102113716207
706	60.08965739406015	56.13918079097916
707	74.42878111859397	27.45786747768158
708	49.2851028995019	13.97167249441323
709	73.4055596835582	54.203856279281936
710	105.29872716782451	190.59274393991774
711	135.6540065128895	57.48772272225588
712	106.23926482454753	74.08881813982761
713	53.69843357581193	37.98051089261691
714	87.2050384768022	50.82999838883957
715	87.83730441600592	191.25946400673251
716	89.15636851558202	35.637930708811105
717	112.21759573052479	173.93073398870303
718	175.43749624859848	66.01891422709252
719	106.96986428405219	47.17641028142651
720	57.76546827872253	77.83742210069619
721	73.68254271835808	77.56866343933673
722	57.4405491717662	84.91094079135608
723	49.122602803389505	40.19267674019488
724	60.40393335716511	72.83661735708634
725	90.31239301303798	28.161828521024912
726	117.06266032191725	81.68409991644933
727	85.77279515534251	79.9913149978851
728	100.26209007390429	238.37776531441457
729	73.41017922087295	33.62052843216261
730	125.82070009336105	54.05370352175614
731	104.36501203843893	69.89181963963968
732	75.67537445083562	68.00347679323083
733	124.16124957404205	76.11615145229626
734	88.49692442293966	97.07283961757406
735	82.22855255443234	100.84743131334426
736	56.18520801024467	91.8589659330753
737	101.49161753778765	55.11671225982705
738	101.53600621160398	80.75648915289919
739	86.34336744490322	84.51579018574779
740	73.23723571108357	71.43311351116921
741	94.89530998655007	186.5050057790848
742	122.69646570408455	97.80714553817089
743	57.323355320337896	202.48479900496903
744	56.995084325098574	103.22515061864476
745	78.89088755901885	58.45544758868373
746	59.49694052204108	39.030516384966354
747	127.40291107003297	61.11544486155783
748	95.22513235600343	121.56816758829852
749	83.21134257410671	97.24222172113785
750	195.61943280661126	51.49283008110362
751	89.83850335259883	48.616630108367794
752	209.73267235637195	168.78368824310306
753	98.88165487070627	73.23332059379679
754	50.70264044873635	92.46197455552034
755	124.80107163803233	110.05896339105922
756	87.21966319309107	220.8295499001216
757	78.11725185257933	50.79838684687632
758	99.47964090673071	57.81535379027782
759	106.32510829987899	103.29114067556016
760	108.71042131583025	34.58432240380898
761	122.6916262296057	90.3959451285605
762	141.96276238815415	18.88847377660193
763	74.8163438249505	74.38868275576576
764	87.15567939751332	43.815467792014466
765	104.84554233701753	65.03755514956191
766	73.75756070739303	112.9386794821598
767	58.259852460572105	96.70016379658406
768	123.97980593762385	66.8251103561579
769	112.46339462575422	56.931400058599856
770	86.6938373373439	48.733890807266654
771	69.85087176456656	38.33072848668614
772	48.957931921380265	102.06798342039214
773	68.68715967834645	88.89726069241024
774	103.68085714449585	81.30224994459465
775	70.51547839435999	60.778059535118764
776	87.80670501163645	82.95405122404422
777	64.1589810787605	83.8950533296979
778	104.25900566141107	20.441936571210032
779	34.879797567430145	30.26327025400507
780	70.01453751635827	20.322077115037477
781	63.39550476548032	20.841650629046242
782	72.34827847665278	65.94259660732668
783	81.59992302586302	44.945652652867224
784	190.22083128942913	43.65767060261317
785	74.24663689915282	90.89975584300007
786	45.436442694229015	167.50606632987586
787	104.60621790183336	88.02582219471097
788	68.34812225611803	61.39023055117025
789	101.92051706198323	65.40152209776778
790	96.08073014828979	59.32254980426272
791	138.64278474001947	44.21388404970841
792	184.94120417576949	63.69624599313296
793	37.217919729039856	-6.627380249218392
794	113.1668987600425	97.87785879130857
795	48.52764014163102	121.2296613650692
796	55.40539273550722	74.79762412960099
797	83.92085885936831	56.108402148728956
798	53.890467311315604	24.88476991556852
799	74.58036537262241	87.01810958393592
800	31.547327333205708	19.693816882930182
801	43.27978956180145	12.363426559510211
802	62.971013887020256	47.15240782862113
803	70.59595584412168	43.258193867720586
804	73.89168347192748	63.44723451389777
805	103.15967253064781	16.10403693856751
806	78.13418890309792	83.349943854239
807	32.89012290254585	110.77501236025864
808	82.51102639143194	87.34575440741163
809	119.28097048116318	90.93309605724876
810	80.98460711850903	164.53196163747924
811	63.068933123097175	20.895555535931027
812	28.804658795236822	60.52075883154268
813	88.5194893145973	110.91114465461486
814	85.31047112014387	101.73709897199686
815	42.49494261952566	62.93059032723257
816	104.56747450443277	27.18976366761501
817	77.73930703907597	51.45102415322693
818	102.17368202533792	66.80294838142115
819	128.52326023194803	180.83780699705167
820	95.77494983731303	119.93008763753255
821	86.85663634507914	75.34208968450243
822	94.92344884974877	188.41207297164308
823	121.8584296879535	34.96006711334702
824	114.28063626007082	66.47636992142675
825	46.74449095202269	44.449403747342664
826	87.51722439935999	86.50683300610396
827	67.30946327376387	112.40690754940114
828	80.91968112706716	159.11437801736398
829	109.77604006904521	188.3131133001139
830	170.3459167581486	119.47435310837027
831	122.20670776448647	22.538731689368817
832	97.8396411449391	96.07552733367223
833	92.65780275166328	-108.30155850238148
834	23.191695043185355	105.38072257427466
835	88.99053216868955	41.47305087149855
836	94.67188009104049	135.93746601950397
837	170.60789522477387	14.173589479714659
838	192.9837557156047	192.57619127558286
839	177.2703189863268	145.98268245843445
840	74.06534490792886	110.07166655828715
841	70.54123786695041	172.6004276476575
842	68.06547427061025	28.842644630201217
843	57.837173318911816	-87.2773266256372
844	20.763479462322646	10.790503553836869
845	61.22935402829916	153.43661492135945
846	176.4068378500648	155.00577492531292
847	41.55748016837072	41.98941413076168
848	157.16736294064054	88.67743770665821
849	73.2050835473683	137.92174662882834
850	35.46292131248329	-19.6500398042666
851	44.23576776045962	119.67305765565533
852	26.932783481851224	41.22641611039852
853	46.15623702239173	53.58085983955942
854	47.640783074826565	116.94642169291787
855	16.678875339804662	87.96272759528063
856	46.08083318681648	152.71738612856888
857	45.79389648317755	40.41929221828962
858	162.18312618463074	-91.54201038561891
859	35.176329758710665	143.08967066668046
860	34.16668839834072	46.934915992586674
861	157.06643888355902	102.43817503875916
862	43.18928141839978	91.16124240985192
863	116.11632786059417	159.8609261960347
864	111.55198865435166	89.90168929053151
865	146.7466225203986	199.15693270818687
866	81.72158575849589	130.2830587414551
867	43.722258648361375	35.773154988175584
868	105.4878263930092	50.71512989262402
869	47.65170863013069	44.148737672947334
870	49.65030578693544	56.75143788441149
871	155.9024659504093	4.026228271368788
872	18.02455974356779	128.35148977736904
873	24.816011151997486	22.90220094506123
874	122.18798038742258	107.55552504487632
875	-190.95563466804066	27.906301944686348
876	125.62909324176655	56.458743587755585
877	47.446140955380116	35.28716066354141
878	30.075494996187594	56.187241102444624
879	167.40267923701498	95.08868161092984
880	35.73199111324722	47.91471290318703
881	66.18257771119451	61.60376575760246
882	68.46011226435228	55.25960143196144
883	90.2991352705051	81.3339267116634
884	102.80054925254873	55.1354601667424
885	76.1266471819699	33.90688516258201
886	99.49452814152643	145.75555084529248
887	69.73761632100387	64.55790800928793
888	40.06811311633204	13.404946204074593
889	51.87924149974505	128.3472890482817
890	66.57560019330256	31.333113224411022
891	86.61693535570195	76.81187718478516
892	56.608900345066594	33.855240336646
893	35.030061745909215	43.201180417730264
894	49.871048569861436	70.02273820633616
895	76.59568002841263	59.07973806025912
896	34.357286241004765	71.5232213355965
897	57.72639846105535	73.55222468452766
898	77.06160286988393	53.41563798839752
899	185.9466112958508	20.219323360410392
900	47.10608592657972	65.02504155056617
901	50.135235233912034	107.59186729437396
902	61.03022165244787	100.26779464573882
903	93.16154440329261	104.90774770888123
904	93.71929550992631	95.3832524625455
905	92.72577711470487	30.794103253650572
906	106.04118678575931	196.41515180334102
907	69.22884418297205	37.71579796589991
908	102.96704076953493	59.456376681176906
909	91.83996143008751	64.74211976225268
910	61.8891181365736	57.28218671930929
911	92.91034161201134	60.55383519910777
912	-38.7068677142028	177.45354116367434
913	95.78138395247734	105.92128093276627
914	82.77541117703282	76.94437327085343
915	84.6679833227883	26.484353708439574
916	58.21037233378186	46.10063993243318
917	85.64041037937162	151.98213807970842
918	53.67476244716022	162.38433111473813
919	52.589901066668624	116.76716518013032
920	93.43785571485935	29.13573343532981
921	88.66758621846013	138.76134933657238
922	112.53666535305523	67.78173951026531
923	143.5798533824482	24.155396703285014
924	92.76430810188188	-134.0512188021629
925	189.25888717265627	91.02948035763018
926	121.50414981019487	75.59565317166152
927	131.20021763546458	-38.373038775279966
928	139.92655807548095	126.27728629324152
929	191.64085280823042	-112.65320277577732
930	161.29357892963165	50.583379917589504
931	163.51120811366494	234.43848806474654
932	-66.68205947721717	-85.66892830120088
933	74.32789425152733	-82.27404372090044
934	-81.26843544142913	-33.72650561977656
935	-59.06608542994093	125.02200726033594
936	-90.1448511014601	159.6789612770047
937	61.298216984213845	214.40441863339456
938	-132.16155890298774	-147.87914991068064
939	118.96385700025884	74.31878037536815
940	103.38401544935142	115.960331227623
941	126.34940071326476	138.02149022115668
942	66.2556311858043	148.7526250784102
943	44.14473196224709	84.17804254982201
944	32.046622076693225	135.86799373698167
945	197.72051099347408	74.64610161865903
946	149.17536153090094	155.6816153419119
947	25.442590122957558	151.01196821785985
948	191.92118955666837	-71.19818857154056
949	153.9779922464639	161.48585604495287
950	45.983029552597415	133.6817949159923
951	147.88786025616884	49.21067147283062
952	125.56882010394398	169.85662366410045
953	39.041061296105	119.34165326174684
954	98.39151794066231	153.7232290861353
955	52.6620631883022	174.38234170256922
956	95.1823643325837	127.2851440317932
957	-69.38883681577663	167.5786161103099
958	64.6999260751978	146.56074473184628
959	188.3014312099628	73.70203456637813
960	64.35443282744863	120.13900144338382
961	67.19776813344974	89.01742406186536
962	180.81866095461066	214.85677374042479
963	168.76228839326643	143.39387212483624
964	177.655159556865	162.5805622532528
965	147.40006385830253	66.18710768756723
966	113.52376258904981	178.06277973584605
967	124.73832095272272	57.62980482235201
968	162.8808088947733	42.349947686651625
969	200.4375694177539	229.85486131841833
970	-73.22793958900556	-60.22969160634112
971	115.17843155417947	198.6680582257532
972	130.3393389556743	-209.54691046645928
973	173.6126595147884	-93.18560234040515
974	133.13654319033986	-127.58475597136731
975	191.78548871737797	166.19145677673748
976	153.57572938093404	165.2226563178826
977	170.46851854300928	120.01729908346178
978	176.19629036771678	132.41787697222418
979	162.95816413303675	147.15829066770627
980	140.10173596265545	21.270667664297406
981	131.34708044204714	63.9613614867009
982	228.0480458680917	-19.704293710651953
983	219.6870684052646	53.53063122538489
984	194.01915837949423	155.86488950287787
985	61.85314062531045	124.31637667863963
986	-88.55664581865545	183.59256596120036
987	186.25037975715085	174.9802270458033
988	114.08095786151198	131.19235345726145
989	67.09440521185142	83.47262096098798
990	172.0496272720158	127.2840630449862
991	244.35931541969302	202.02042777426493
992	203.69415713471528	66.99153753427596
993	129.27620870567984	83.4678521825019
994	207.657661817678	65.19322398878036
995	82.64186340872149	126.9295757539852
996	66.67607928128241	179.64531890052257
997	48.1192120662944	109.70034559072776
998	106.04691753535727	82.65710229571843
999	-29.623543271932363	74.43735626213514
1000	228.98408743530467	150.11804727707198
1001	206.30389344990124	200.69703505510822
1002	75.8910890372537	150.3552118368619
1003	165.15310671387752	100.07396680624127
1004	196.34586819226908	119.61782188816551
1005	101.87265841238674	135.86724451738337
1006	147.94298458624212	-57.53582541945356
1007	156.5713292035012	161.52287566298912
1008	-30.557231058834077	127.00145172720268
1009	140.08942927874293	83.66020242398085
1010	-111.25854431614792	98.93045787230541
1011	146.78213137250063	-60.42908143158874
1012	107.75059419890313	165.9621065277746
1013	47.16937964817677	184.63175123137705
1014	169.74545290239757	43.17982249352337
1015	93.86060287826726	153.40971003923602
1016	82.345624989014	182.95117768561926
1017	54.09639859118062	263.8307988095628
1018	91.66009496424333	141.50487772306454
1019	102.94752157400964	52.358941749168984
1020	98.49314759130688	126.2930414830131
1021	84.58506582834433	117.05178109428194
1022	89.78705535761446	73.47330302707512
1023	133.70676611869555	205.53400365374142
1024	54.753209215842084	83.61634739070192
1025	126.98696877623783	45.83298652856453
1026	166.71973617039822	147.35005175738746
1027	142.8624961076626	73.41070899115067
1028	208.2611236295035	190.33024327263948
1029	85.03673246854967	111.07088376073466
1030	171.44818592745685	159.37546944861776
1031	76.72607227549184	176.3459296794601
1032	112.65842244024428	83.28897958378482
1033	116.82372647937035	102.5243620669742
1034	116.44141344553636	118.65681027380147
1035	120.4342909975545	84.8370776340582
1036	95.33084902034138	99.92587799598408
1037	148.78669454705584	68.51959075909672
1038	97.59728439868636	89.02369402203719
1039	97.8920720868485	90.22404766003987
1040	116.41687881027167	109.18973043467771
1041	150.61841054429146	108.30107895391589
1042	81.81538852394307	99.22930559463437
1043	81.4480567954291	72.85645072803882
1044	97.62443518216594	84.13627505986774
1045	121.60800689432926	74.95162910227221
1046	115.47803769731013	183.54434133312242
1047	97.04900516379203	107.30651267664632
1048	116.45318566948825	109.59698850262421
1049	83.03457588572388	111.08098536395113
1050	71.90807152940899	79.84774224459332
1051	138.5267702908455	68.01471451098597
1052	133.0255976171097	64.65330795903708
1053	113.45609969091659	99.59251261473644
1054	153.04602582959558	85.27388642614648
1055	71.37449056571668	92.24012872267018
1056	97.9327847332174	112.22346994202812
1057	129.82159933366995	71.62661030177439
1058	122.60050534397679	91.75184452993899
1059	110.87962186355	102.42646277870618
1060	80.42748644159798	92.54002614621963
1061	91.15236732608751	117.64344985342827
1062	120.68949071792498	81.46478818174977
1063	89.36471072490292	68.59279493887402
1064	131.41529025831025	110.03138273413025
1065	130.86419542845712	53.73390946193684
1066	98.41284950373829	107.42035106590261
1067	169.1963879095831	99.33933288880385
1068	77.4254998132137	118.43514646479558
1069	98.92565679346094	45.80498793912622
1070	71.23076698713349	199.58512182434396
1071	109.06039078240944	109.33444064001769
1072	111.2850291117231	94.80013376961885
1073	127.90991624828534	53.908925500321
1074	97.56392444847529	137.3809948634263
1075	234.17873860065913	132.91085535207623
1076	98.85424529785672	127.28052313331462
1077	249.65423325444723	81.20659762071936
1078	126.31915781189532	83.11817140577539
1079	106.72506390527414	106.27677815889922
1080	110.6729713303768	96.6528017604848
1081	108.63820554454666	62.906934655863644
1082	100.69564438992613	54.46164862923836
1083	99.72936941434008	194.2732689857001
1084	71.21060791234909	104.99631786618414
1085	119.15662239119187	115.19232205141704
1086	113.71542443480085	111.05323077836621
1087	106.55343280841387	104.20938540666587
1088	114.61812660142417	84.23684813343593
1089	99.31015468887038	67.99913295483258
1090	75.04119093434947	123.10000223676016
1091	65.57587570156298	97.05914975278607
1092	124.81919700247965	75.19785710972579
1093	134.70524788288645	126.06208773204929
1094	137.80517441108478	97.44181055156808
1095	123.67953766106238	57.48323068851019
1096	96.76310456540247	90.47362406657801
1097	243.43214313148366	124.20000000055146
1098	110.57517396316908	111.01926821047117
1099	132.2311058555261	74.93827700333848
1100	159.43754981123942	134.1806332673146
1101	79.70605420607791	118.35962876246231
1102	121.9675069574899	63.27167143458742
1103	109.13250309259541	115.97176766260004
1104	134.20300597013437	257.95515877682124
1105	123.05272839432358	68.96609259661679
1106	113.4890252176793	67.12053222519683
1107	82.52489300523874	113.89621241292978
1108	86.65200822210578	97.7458846629537
1109	46.079863508231114	100.91115197773362
1110	71.29102415251424	201.02791155645147
1111	138.3884386542446	97.81128797556447
1112	106.56042228581288	102.05720057056453
1113	105.28746668374525	88.25104457744186
1114	104.69372642026057	95.74392377135815
1115	87.54342520070313	85.8418551420945
1116	118.48719154534156	168.16257082872622
1117	141.94079474837653	58.68838344261043
1118	118.33415521090676	72.92247438893249
1119	213.8448948747257	194.49574903406472
1120	52.87470576518217	55.73680865996728
1121	64.50675655768367	57.98323098834942
1122	68.47437276304419	111.92101764650764
1123	131.18482627904814	113.44759037781891
1124	90.22027170104974	158.99470644259614
1125	72.83426380716385	139.5148239305984
1126	143.90025876305327	152.92075570550898
1127	111.9428901906939	55.95947635348331
1128	87.76546051472197	99.20689936381035
1129	174.5550227618014	94.52110801674785
1130	133.45386464617664	179.75006021380273
1131	128.45188196034542	225.62769858100376
1132	49.60316169715768	176.58914140876823
1133	86.48107078067001	85.26736478265693
1134	86.54925969139022	70.61476602292151
1135	102.71083111658103	71.92319547257743
1136	69.40419819259905	86.00989358440256
1137	132.70940313842846	223.23065564470386
1138	85.43228681103972	93.4570280846823
1139	91.21188149303947	80.07001641695777
1140	100.57029426392546	106.82980473741016
1141	66.38937581185363	227.74145712536261
1142	126.5232367533468	119.60644860458852
1143	59.252469180978046	135.80758161120062
1144	127.41214107498308	101.90222828598974
1145	81.79125100658005	127.95872668891488
1146	86.34382330406248	82.13704218458477
1147	117.39848625354577	105.41425176295652
1148	138.8225098288979	100.98160523256209
1149	83.71670743982398	114.72794955494585
1150	64.4126862662017	95.8554130497229
1151	143.60631193965315	62.587650402046684
1152	112.38232482615169	91.63157413865105
1153	92.6248598876015	187.7784142199242
1154	103.54425225990505	181.95266602452222
1155	89.94453030570011	234.62434051826887
1156	130.36684364433228	148.60393157073347
1157	88.91103210812895	226.5732154057439
1158	121.73488921860249	221.70733769123433
1159	80.59460379118903	225.6499802662545
1160	115.40422436515671	124.60719125482673
1161	92.98897488558049	212.281147233765
1162	61.30432510975478	221.48624447140986
1163	72.32674767421659	-26.42799288310877
1164	69.73484552190872	154.6174365313595
1165	92.02744564367106	162.84336956205408
1166	87.58450533343708	186.0989847036651
1167	82.61623536374736	180.4502210374693
1168	156.4617579269372	194.28448670476683
1169	137.23978572175264	227.0967269569463
1170	62.605573381877846	222.62066189594884
1171	78.97873210185716	174.39593273513034
1172	101.60122727931967	102.19755504638064
1173	96.96573358240902	218.61304725697414
1174	97.25040878729874	106.47958579201598
1175	65.9759533192604	101.57758368384485
1176	85.12119907984076	96.27705136446252
1177	69.16163092562726	230.82657240736535
1178	129.1220458501459	111.44938081016444
1179	127.51435649285335	125.72278609673941
1180	116.97260913361366	187.72976145929616
1181	91.03470365433024	144.03094536495104
1182	104.81080596920825	124.58840769823799
1183	69.22565917778674	186.0530077978396
1184	95.9117841803935	208.03890807332516
1185	131.15830663340574	107.90374676397175
1186	96.17518901870744	133.02749119450294
1187	130.96078838176382	96.43139135083575
1188	120.18114579735831	167.1799036166833
1189	87.97220674565219	113.69745920146605
1190	107.15322874609723	85.52811139163667
1191	179.25689405152434	120.56830444331422
1192	136.64611705246523	202.39084164574962
1193	97.14985174475609	101.84713836575652
1194	133.95074747301126	127.98916662313768
1195	107.71020522974692	100.65609497100472
1196	94.82894350214565	67.03571061221722
1197	73.24128466577253	116.04407100630763
1198	114.36638134052552	176.59025769186798
1199	102.78683066200306	118.5201028724534
1200	91.45448962454361	117.56976149175017
1201	117.03350450745135	206.80648787974388
1202	107.76530440005757	247.49015751940289
1203	80.69084256589382	196.2076155191889
1204	104.76855196361956	205.48182107907093
1205	106.59776394252063	224.95900151884365
1206	210.6905506662228	196.21487072834105
1207	93.30905012469276	230.06495612921861
1208	138.88402033883048	152.10785454096822
1209	108.86659838257674	235.76260328856586
1210	74.37248557804932	210.71874339733003
1211	115.27977847482241	184.4957449045538
1212	130.86908408753825	240.05985591759938
1213	96.63674129722175	193.76175832828125
1214	87.91553910622795	196.08139392781436
1215	95.60980136836685	218.63860491015762
1216	141.00902631502896	237.86651969430483
1217	114.38465660178956	243.49630394392128
1218	87.936238417516	212.91171069346467
1219	87.06147648185386	192.2144339691321
1220	104.91698931835752	198.03017406727935
1221	135.83605935884873	190.02779381314977
1222	102.20362293396852	192.9877229915055
1223	99.33683936629579	192.01311608432135
1224	137.5025937983854	216.12439878875634
1225	64.73222366527311	186.70384831218706
1226	83.76174439849379	185.716957004102
1227	147.57050975248663	194.53577798274645
1228	92.47906813697053	245.49623197643012
1229	98.2895352306673	204.9720539052654
1230	82.72800764504377	173.35860499730202
1231	64.54141579617243	206.36422444691266
1232	61.74171693630747	175.42853604895103
1233	71.90514683710686	173.4589839464976
1234	132.988666347756	223.32549955474764
1235	108.19539770417131	199.94083433819014
1236	80.1349908648237	175.66408640898274
1237	92.0705273567797	231.52951219146507
1238	134.48056757777516	219.22790208507797
1239	66.19755855047094	96.38908977976091
1240	67.64835982200651	65.9517025375315
1241	108.7666313861728	71.26963528431214
1242	108.4889143954277	73.24602192972249
1243	37.340323043997046	124.82329248818542
1244	103.56048267417158	84.30337066554668
1245	93.6252775887128	50.29138891104347
1246	106.21507053890556	91.57110457457574
1247	108.4743156166385	160.4697724004234
1248	109.68916407095072	218.5836888590095
1249	82.33948434823587	183.4190482988939
1250	111.80590062610267	188.45896415710052
1251	113.29337817607717	228.94532919195697
1252	109.95645558933408	152.1169081778296
1253	80.5759677317152	234.16152379565509
1254	161.1979192009254	-7.552616302592341
1255	101.82431776959282	181.05144650889585
1256	128.45772454280484	184.28851065740295
1257	97.83425598321926	169.71394795549628
1258	54.61268408808843	156.75451101732952
1259	67.13680919509078	171.3842630297509
1260	90.59340977089738	246.00662914667518
1261	82.3348147588261	174.19284255779354
1262	71.48271373537541	226.92377075051382
1263	120.05548831456618	189.64655688425688
1264	194.05050423571436	236.7342430712646
1265	252.6285330818062	223.82795517072117
1266	204.42269618229528	211.14071470196194
1267	168.77732297845643	198.48981843941712
1268	191.14158376576626	208.97646762975006
1269	211.1105029348463	211.55689991080158
1270	183.4847110694619	237.99997807246763
1271	226.21118228186032	182.1241196143145
1272	172.3547677703658	212.51661070847584
1273	190.78029369082287	-65.45441419300292
1274	182.72333432594283	226.16178232910516
1275	209.43797726863585	211.85662510988328
1276	217.37808489555036	177.79965149183082
1277	81.18238063815991	186.07240711656175
1278	221.7526481230929	220.8045229687742
1279	167.86173154688197	172.81689495555628
1280	207.89445963009402	205.39245390059466
1281	170.77940239473372	237.9066520970595
1282	204.42586055114714	223.58135273530684
1283	-46.93527531593993	183.5039630058222
1284	217.3203291218215	208.83206770308965
1285	202.94474631205975	187.15857791613655
1286	173.72721714834603	143.09136481982202
1287	179.280111140483	172.5487614402337
1288	177.31392189608536	207.52942924659345
1289	166.81126755404517	195.2775911461232
1290	220.57384573735857	167.4762885964403
1291	-64.86783052156724	194.01479344362713
1292	197.4387563771864	212.50195206371865
1293	186.49518731811247	170.39848294760984
1294	217.4632496883341	-274.6805572524052
1295	195.2856390491068	191.29069052351306
1296	189.1701444036782	-89.29272457428611
1297	-279.6047774090383	-54.42879267271569
1298	178.6548253204193	-589.5675073263877
1299	-52.25466714545644	85.95547209634717
1300	-320.8597118173463	169.97164800073656
1301	158.35527169093257	-53.39758428469415
1302	-671.6020779876986	132.6332238753306
1303	75.29212666411343	-583.5899726897082
1304	15.849557483552328	154.18681357833538
1305	-43.016017377029826	144.20360715792148
1306	-23.830442553929515	216.52013745535126
1307	-59.74927263022723	181.4681717398724
1308	150.20962916428024	-323.1213785836952
1309	204.78948885210468	149.39464778773123
1310	-292.67791679036134	152.5809862654417
1311	206.43018039425436	186.58517094152796
1312	-190.90975950694127	184.73381943885073
1313	151.93098796391524	229.95714694757368
1314	189.1647190811251	218.8143744429892
1315	-29.702348575570085	190.92540478691183
1316	246.70267527919754	179.0662222483627
1317	221.45000396002843	216.67176752091214
1318	198.90348395988008	167.46218079966124
1319	200.9283742365144	240.8311934419506
1320	191.98447808628703	260.7297559886574
1321	239.01547084731067	245.39667264411779
1322	12.648711788843045	178.83110412711972
1323	227.45730894123682	-329.5936166352768
1324	191.78006826494936	176.7619214895071
1325	166.8686051303467	-102.25199267446548
1326	220.80215370819667	242.96660240616373
1327	-442.9300917858085	146.66284493498253
1328	238.27843774831697	-127.45265528892524
1329	192.08411530523628	141.34015744269834
1330	157.05814397933494	163.74524895044075
1331	196.0154761305204	234.7987907300328
1332	211.45888470344678	162.75514456076905
1333	138.7610483749304	238.9569002377847
1334	151.6873102961021	-109.30589470285466
1335	201.12219452714902	-609.35884556972
1336	254.63019912604528	194.39170937654728
1337	186.87925629190653	233.5638688677559
1338	164.70125999595882	169.81597556937356
1339	207.11385733045265	206.50942345608286
1340	168.38433264321125	-522.9073579017374
1341	-405.2132913019002	158.18894076231507
1342	167.60108059820283	-161.89181383716277
1343	195.2622326252079	175.5570945645581
1344	212.05691515548227	220.05795418972718
1345	188.18746666846314	207.26277113254332
1346	-24.968651236333073	163.96809826835442
1347	245.13083706401125	197.81913759341785
1348	217.23596699640768	157.5337248767127
1349	255.3765238669786	167.84338986854647
1350	-325.3358651983559	145.53726315287304
1351	135.80105471740998	169.40820288842954
1352	184.96959516985305	145.91322021584895
1353	153.75311483149767	159.94138719732865
1354	210.10432777782188	163.88875185788748
1355	-547.3442111996482	161.38685076669933
1356	182.74272584074032	198.97850573546384
1357	169.2806736815858	-652.8049218960562
1358	-660.3476663789659	224.92385131654535
1359	172.216594289875	227.81826038353805
1360	251.640705150644	224.4986548382833
1361	196.94707829550316	173.07316682548128
1362	224.3446166537446	171.85293278037335
1363	196.45948948454543	255.73104910418996
1364	200.21537730554178	197.91074799525347
1365	201.73410835613925	168.91009932695732
1366	213.08219992501333	156.6136231751189
1367	245.04372635586938	238.6905051896619
1368	-437.0603267824716	197.93657359655418
1369	248.28787730630145	220.3064564707994
1370	161.9890359174916	199.14433987252949
1371	213.1690696079972	209.58821661923446
1372	126.02299060034852	230.06952134703786
1373	246.17983149009567	198.29393770141903
1374	175.8750500015623	245.36788633126758
1375	217.19205018888997	141.92570206016393
1376	243.9288610329782	-320.0415060445747
1377	210.4977706134474	174.78267500679775
1378	192.1780168836077	237.71478344849768
1379	224.83190667881115	-461.42974093833436
1380	246.78611812800153	241.67151856955317
1381	256.51580946003537	201.06543174351182
1382	214.82648913952204	216.0408603850745
1383	180.42011970076373	176.83263240472436
1384	215.5846750330283	186.9290630123989
1385	175.21383270007726	176.8854111125682
1386	216.15573818864607	165.81638166314224
1387	206.93804423234826	214.07155464178228
1388	168.60000863109272	248.48384574267874
1389	-421.66087521201325	163.4913658517384
1390	234.49535377799256	216.64199325181875
1391	160.88280874269154	176.3151306145676
1392	160.80503589369974	4.210478664376367
1393	158.15128508088878	204.99634194318165
1394	196.1879853645886	194.58692211674378
1395	219.43981024750892	221.3672773627131
1396	214.76790692174708	178.3029350973303
1397	179.51828190064066	257.62807727714005
1398	251.66971213733876	154.234204192742
1399	183.50535509216667	189.85884991447847
1400	161.04626887692268	248.63584553074782
1401	-366.5777982524222	248.09549863288677
1402	195.1658463585882	19.93493837384176
1403	198.91011804742266	229.57602354616904
1404	201.04374352952237	211.17872967154878
1405	209.14949850524752	191.5530554658607
1406	174.59715158622063	183.54280243288503
1407	181.8994763164987	188.81025559817954
1408	178.4402765220646	176.40122409705248
1409	187.18472170883405	253.9963914444538
1410	194.062336309351	196.15614311100245
1411	218.68216953275726	197.64458924996558
1412	240.2507910140506	159.05943969044722
1413	178.61414181114088	239.44192232733258
1414	194.45546399971636	202.9845446206683
1415	-416.4272882164697	262.7537122086917
1416	202.0699049307786	194.25106663974498
1417	228.82280003395957	263.3373947229195
1418	-623.0752944996127	172.44944532924626
1419	172.43485390757934	160.8064351748139
1420	172.66979959141082	241.72139284424097
1421	256.3342544512933	222.2772991956642
1422	205.09017819830214	227.79245302778486
1423	223.7008092409378	176.80689306501233
1424	202.68531477538318	253.49418715005427
1425	240.03051775682587	265.9177816391044
1426	215.52123375295955	199.97425230175367
1427	183.91481135988118	256.74873151947276
1428	179.80886399375345	244.0136339439984
1429	216.15202332012575	247.66139087143532
1430	32.148321943218605	205.23341655667772
1431	190.21530088395713	241.42420684045507
1432	196.16713889674543	242.20807076026622
1433	188.87784853775412	196.97833566557915
1434	211.073183528428	194.5858076453204
1435	195.1216184180698	228.8313292348036
1436	198.33876808424574	202.5511014830464
1437	181.57659313205653	201.2074216554435
1438	223.5415243400219	219.61563109078244
1439	214.06764992330622	185.73739634860266
1440	216.94593777861508	222.92914752113026
1441	208.04551220631558	212.22222203221244
1442	227.52749961168536	193.06525317428117
1443	205.62750032644595	231.77323038355092
1444	201.63814563230085	197.3623748415065
1445	205.50678903353003	-23.24199857380465
1446	218.3503357872046	257.72836530111323
1447	247.19089905520528	190.71168099329435
1448	203.84197000548073	219.4981464894515
1449	209.90045110835422	208.37869258582214
1450	254.64397656108966	223.0794807487136
1451	225.67762523466803	189.76207317497602
1452	200.68445964649624	268.46749885331735
1453	206.94689335355372	217.5702624706206
1454	224.02507639659927	196.84067167471116
1455	186.63944732289235	176.75981246733772
1456	255.41947750694717	240.17735052191878
1457	-96.03896793562431	183.8034042502206
1458	213.9801946549298	221.3125422191948
1459	184.9723330654235	197.37240287839506
1460	200.7909779525482	237.52911838971372
1461	170.2084264926488	183.39677634776052
1462	190.42728339676256	-23.75265793515638
1463	183.49702041119252	228.32200063315517
1464	215.98657233552782	187.30856940009278
1465	231.53473139973312	183.25920283784416
1466	186.47130561735185	163.5545399801384
1467	243.6817748292391	190.6266865229944
1468	258.11100126244844	236.9915748806521
1469	203.6761723167873	180.48137568494002
1470	212.14795342497445	187.44649809710972
1471	226.9250815700189	232.0034520424083
1472	186.64930464826466	235.9340557083082
1473	243.6069918693814	189.88530568023788
1474	238.26552249803325	256.0501654594119
1475	213.66028825653922	232.46147140051556
1476	240.38983030844983	199.8989911663177
1477	228.45085605835007	230.98176878557982
1478	225.4503761785951	210.845822235384
1479	169.86746690088142	167.86521682052557
