Environment: LunarLander-v2
Agent: PPO
Experiment: wind_and_turbulence_experiment
Parameter: Wind power = 20, Turbulence power = 2
Time Taken: 3469.933295726776 seconds
Episodes: 2000 episodes
Max Episodes: 2000 episodes
Reward threshold: None
Episode	Train Reward	Test Reward
1	-409.47133552343934	-176.10779477278214
2	-287.81519607656617	-170.29750872079364
3	-125.3705546085007	6.558764738283372
4	-283.9875061156299	-372.00526763013306
5	-371.5634497315723	-90.7059876946216
6	-376.7605093664836	-212.17051829357155
7	-107.07350503771399	-107.61229379126931
8	-66.93758240863318	-176.84104709037547
9	-90.43356350357456	-134.10464021568026
10	-197.8122154406168	-57.299986190917636
11	-218.77893141171916	-181.08330989684993
12	-208.78301845291662	-497.0046170763671
13	-208.91004394179458	-838.8564955420452
14	-102.55100919448216	-1377.7641021767242
15	-82.17870457566409	-1669.4610002893742
16	-67.17851573598684	-79.06758643604377
17	-17.548031019123982	-97.08221298647462
18	-95.57393200875724	-98.02073675538288
19	-124.30794606462862	-76.87099365303361
20	-106.42031538899285	-103.20788780747237
21	-169.64117866473143	-170.89182287230767
22	-147.74492454632903	-26.841757275912812
23	-104.82999523955526	23.613831505081322
24	-83.67677959828025	-51.6557769643899
25	-106.83931089152016	-64.62715293891883
26	-20.52868101110198	-133.56272141278765
27	-105.4207639815536	-444.0468772127751
28	-75.28176535491973	-1185.1548306109773
29	-49.70397990130594	-2014.8006782274467
30	-94.04503399472992	-4506.53371306242
31	-50.004498136302814	-2456.0714786300173
32	11.491758875652792	-1456.649505606258
33	9.654236963431899	-1078.912246848543
34	-277.13521664482937	-286.4739762344706
35	5.406254435729181	-446.3249463019694
36	-485.2595175459738	-682.198630217882
37	-799.658850854845	-1232.1602778994168
38	-112.85306995914098	-1118.1185666619047
39	-69.9270532265177	-813.3865990732468
40	-26.44506449404983	-1182.6816836563005
41	-563.0763516482875	-3642.6356776370053
42	-1163.325839521695	-546.387674388888
43	-373.85278472732324	-1062.4335224488227
44	-515.6933871744347	-600.9219758427205
45	-1153.8070063216292	-964.2847259816066
46	-229.5248830157086	-1096.8459983213306
47	-113.7437578875861	-503.0805052377313
48	-707.5563002966061	-592.6562654585034
49	-90.977571830804	-1117.034218307885
50	-479.6976260743238	-2943.7451328460506
51	-7.180184332734498	-1549.0081345887563
52	-197.71123533802103	-2349.264616436987
53	-381.1486748390789	-4715.523288637596
54	-66.71116835864238	-3143.9415278513707
55	3.799371466387008	-2336.27564320018
56	-262.2639857191567	-1513.3198688255031
57	29.681198408826287	-1155.5905856814536
58	-285.41989795770553	-1353.7954220688225
59	-37.90872621129848	-1448.8773294903872
60	-277.3263283627777	-1258.05138977603
61	-70.59220362058676	-1021.235874394024
62	-10.109949478684566	-918.0301347146466
63	24.126604984902194	-855.7870054711444
64	34.5055418784132	-871.8333361816357
65	44.00144122830011	-1118.4998947097968
66	18.962390847766507	-1263.0093851358683
67	-18.4587911740717	-1144.0105554867941
68	-18.80886024386632	-1455.5002502521832
69	-67.4790368769851	-1618.231019544043
70	15.952345214750427	-1149.2938497882876
71	16.818134992443092	-1418.1730358136092
72	-24.37177273978324	-1419.4469884524929
73	-119.2768239162378	-1352.3440405563001
74	-30.233943034947785	-1166.8075064090074
75	35.91499700843469	-1330.225131185204
76	36.54758008991598	-1755.612278424068
77	-16.087741331249266	-1291.4908512587956
78	-17.316886676127638	-942.6700589437693
79	23.98117744675697	-597.3487252029665
80	-25.381910471477923	-493.93084040886134
81	60.24981176370785	-447.9591467329836
82	-3.132004728479828	-608.0676539609204
83	30.018376829069155	-1013.3550527774719
84	70.53666379129228	-1918.2042384201568
85	21.556229207941634	-2086.082836414732
86	-132.98419646209996	-1614.0452923143218
87	49.55814549635573	-1332.8600797793772
88	-42.477157079226856	-1091.1583795044255
89	112.10109628774003	-1405.2894362589084
90	83.68655786076401	-986.5428868648718
91	69.96222797390229	-555.1373124177805
92	9.498614358174024	-775.1893164930457
93	26.0064537939327	-1210.2920411316454
94	12.601209219962456	-2030.6473235036885
95	17.51471413912597	-1344.5915277521551
96	-272.19408499665724	-784.467170787602
97	25.553742247690703	-509.76926091400657
98	-26.25063678381835	-431.3786707379973
99	45.89806774515513	-629.36147510535
100	-48.600757189814175	-1010.5482373161251
101	87.04274960740538	-2553.0178268597315
102	82.95213127560181	-4200.620164302551
103	-67.23518435992786	-2180.261620097733
104	56.749177975228484	-999.5136672898376
105	66.34816556245589	-679.4981906100094
106	-13.806012504921156	-1030.4930576104036
107	92.8243963743204	-1602.413568646337
108	21.065381224490004	-1327.2127779464272
109	57.65442462013813	-688.4813792801601
110	84.6508407684505	-352.44228301725246
111	31.023861495806614	-383.9930922087126
112	48.738338490557666	-563.9347686636614
113	64.09565203834464	-338.85993602931086
114	9.51488434420871	-333.2576143532249
115	41.84290376739937	-337.0990913206121
116	60.33136855118906	-269.46992812667673
117	56.89678214968524	-562.2889879912904
118	7.110317439232119	-990.1121599073286
119	21.711690381064663	-482.7048238863349
120	70.06922595512125	-292.5951355608823
121	84.52043553898655	-190.87521596443267
122	-14.077491936422462	-234.11930987254163
123	100.40464037187863	-198.75738648154504
124	6.079684427903047	-217.28783444064413
125	-18.932363572585487	-260.41883988205853
126	32.27426636931154	-276.4210393225677
127	46.79414216258865	-209.41970082137797
128	96.07079108144102	-293.090023240247
129	54.099405145125466	-237.91254052847117
130	84.54794916989535	-187.4230602796097
131	101.65995378642984	-208.22175481976632
132	123.72862767358663	-309.3786974487341
133	120.34141370657782	-261.1812756780479
134	66.12105760636891	-251.85255578597108
135	24.38889314695445	-124.18529430364592
136	129.5277772393393	-140.15818293684862
137	58.516445856807934	-40.81071846007038
138	146.21271556106035	-76.58327434987346
139	75.03648891650647	-14.77430152699118
140	92.54951473730118	-52.063389664684905
141	114.08026984789052	1.3132434576087644
142	28.435395077977176	24.52352995553177
143	106.00516310631235	-39.56014514530762
144	140.88607992742635	-53.42856229298769
145	71.13813383343376	-64.65605063594141
146	99.82452549514572	-27.940682329806204
147	116.32634923378484	-22.84322964330597
148	83.01380311748929	38.533247972573335
149	150.99291824569073	77.68496865679091
150	73.39175964851096	45.74684336248592
151	120.71649062299383	98.28067378540587
152	129.480091754974	97.62319873363904
153	152.83492290462104	53.59148102848104
154	143.21788023513022	135.43120438017525
155	129.90667812561423	84.544837785167
156	120.06188508538104	153.08479714424465
157	132.44633899648784	40.192702380989054
158	127.24115388959217	0.5895595747529792
159	97.73234149428963	-17.8938262535458
160	97.3492381561489	56.08927740643146
161	129.41947087706959	68.3307532538976
162	109.38514493730109	70.26166715802906
163	111.09684483318044	6.923624943945221
164	128.7512708437474	62.680811497155794
165	124.17701678792204	63.606440160819844
166	153.81729674186985	-15.081171716631564
167	99.96375157569861	29.066610005274246
168	101.34963333058721	63.63768820913434
169	133.8409812441074	83.00170410351758
170	133.35371139550864	49.01120605143568
171	85.39186976998764	45.43602793874556
172	149.33766841321466	81.8764650342931
173	147.97094579676528	71.12594255360794
174	118.12185889175365	100.5318005035711
175	118.56817726843002	89.25024603071974
176	93.75875516165249	14.584826961117527
177	99.87270882898864	40.87081372709331
178	126.48761635955192	37.86117215049019
179	121.96684408136544	32.116259583360986
180	106.1041448832752	55.63179745188227
181	91.88440902917334	58.78798837649473
182	98.47670329817028	38.14134228245467
183	104.76937951499262	23.499647457602926
184	106.4368473504889	13.145811607350547
185	68.64761810518259	70.70650548761915
186	131.36963303106228	54.497061411352604
187	138.3604128705624	109.60472348770065
188	140.6005443328541	167.28684569778153
189	105.62490945384708	194.08857949810812
190	90.2467855622304	47.94387037959241
191	78.55691670857821	151.7831156665306
192	99.94041720522274	28.469161755262874
193	42.2067076119709	83.41879337749918
194	147.800773689735	47.43278908025211
195	109.01245671443176	73.56811123193157
196	106.95514467417586	38.21864918795873
197	73.5282264702722	71.08611080874252
198	113.80271539290709	146.9233968920134
199	67.17119691183817	-19.304743841222063
200	135.25914332068288	53.07516284700523
201	132.41077194128843	191.309947900771
202	107.51847500597957	31.104939381948192
203	107.09368146553342	143.18511222804136
204	76.60318891791404	30.067841044555472
205	87.91472520343842	22.718328890603104
206	107.62081876045748	55.05371030436785
207	86.83492655891143	79.37278738784212
208	60.78546772973962	76.10658332350621
209	98.59794940262387	64.34736574295886
210	110.6671111617745	203.52331950624182
211	74.90772732861618	51.951101589832255
212	109.78501169457594	32.666848456747005
213	87.26669304011594	10.685668004936257
214	105.7029183107978	2.516283913576058
215	89.54613360239473	-51.52167469095617
216	80.92123031469423	-6.421406040996718
217	93.8346315019253	-13.90033636152699
218	120.1444953314511	-38.394653654904545
219	82.16545314274953	75.77470937388141
220	114.39746314438663	22.281881155281216
221	-45.52647015771189	-7.973373813652757
222	155.26815291771146	-33.32245168454667
223	87.05485215540041	-119.2132447674836
224	69.27926187293384	-25.55085524767871
225	83.59959701770345	-39.9755995660007
226	54.693549947856944	-93.00179660264695
227	82.95085272273411	-103.2165317315463
228	75.24589434822319	-47.54144479467444
229	61.55169936159826	11.582754179678869
230	43.34993173235801	-31.917340275841322
231	125.32299901795315	-33.33195454639251
232	163.60165660069572	-28.92602541593332
233	-93.39733033535084	28.086641656751898
234	134.95158305061	75.64281322127414
235	132.68829272139155	-100.56662565976055
236	-7.330341771552511	36.14189007148599
237	193.40721607273252	125.21389160301379
238	-38.059278320416155	118.69634707234991
239	23.09960570722776	-147.61650661279361
240	-70.27661463193138	-73.5704003373077
241	130.4706360154869	-21.924900312258167
242	123.59567949081242	-7.114135009675622
243	55.027929222535924	-61.6747595649981
244	89.46803245243854	-23.554366360758518
245	71.68744014067238	-141.89928970493867
246	33.46997622841355	-99.94493677983668
247	52.22103581681512	-46.82441101632206
248	67.91646429234967	-26.818764236011067
249	-33.22250869624898	-82.0213688741523
250	75.51470467043114	-47.68048538917007
251	95.97698983665472	-54.37858864696014
252	77.23895558095074	-20.18575968928738
253	95.69049910548192	-55.551652089166154
254	123.02101163327023	-62.4723675245951
255	66.6759245089972	11.032024756413914
256	112.15649349235906	105.82090089277084
257	122.02832119185722	75.87947405123455
258	101.96182960336452	90.30498462757559
259	115.64481385114298	50.52695037804699
260	113.56573054014001	105.3316030264947
261	203.6176686170706	53.14246200391747
262	76.16777821766954	61.42736182607612
263	139.0802385087138	86.04240519721749
264	136.34977932629627	33.841327212828546
265	159.0654065767573	42.22489637926755
266	128.05667436693733	75.09175877389566
267	105.07416464705805	106.08628609977833
268	95.38114842042397	60.27212182341325
269	50.21274509529572	101.28146498470984
270	85.12582705327232	120.31003497320123
271	94.05827818325746	48.46649849063566
272	113.10122132557785	59.666396333728464
273	102.12199629912354	26.465092773806603
274	141.05024348601015	149.39648412361717
275	115.94486140572188	54.843653874413775
276	137.50999872345383	97.47591423163786
277	124.90220827124101	65.61753779789645
278	139.2230109067609	93.56473846176793
279	142.33995454881492	106.64116835670752
280	140.13070659701907	108.79092898654791
281	152.77178950986024	97.51649653399555
282	106.30735120384469	39.85552727054467
283	129.13892731021954	114.28409592548823
284	140.2584021543158	223.93917074365305
285	133.6440293633002	41.7179407493771
286	118.78850906724283	77.95919895410255
287	88.75270079157436	79.12352245526147
288	140.51362055985243	69.44441749147391
289	117.48342834333242	64.98914247253433
290	-33.144980891761165	125.66527112324921
291	115.33278125868277	-77.79777401385537
292	92.88278916340678	103.9313796709268
293	111.35221291349538	136.52345753647333
294	95.85874173684564	24.685083249259527
295	-28.3374280591554	176.22113044416537
296	74.52007374295835	74.72623618515364
297	84.88487888247523	109.32303816722808
298	60.12713763176624	50.57961467494027
299	89.89356882826914	107.5478907712026
300	85.08951050509732	-34.69800021562429
301	87.7841270541217	-17.53722916877289
302	50.75741228476092	188.82395446144335
303	120.80955492023075	45.697056609639304
304	78.64360117008086	31.416068401067694
305	138.09603004850337	39.982689627144815
306	83.48534844879237	4.09131349278097
307	96.35371305542328	187.49920127970586
308	87.38344511559252	-19.711493981036845
309	88.26964605488841	57.523338877701676
310	143.04848987038693	43.54001604750906
311	18.619405458929492	174.4370706737125
312	83.71384033304437	9.645832184427036
313	81.11918546702023	11.814616024313677
314	99.05062117042748	107.22184805017027
315	79.30597020371326	34.9733259512512
316	-43.34421798168107	82.44947757993384
317	71.18780151725254	134.07877020356347
318	-36.306029510414476	41.69438953009978
319	96.36365557527327	103.5483544249187
320	77.39121206768102	98.37247381314573
321	101.02949927674571	28.479867803995365
322	63.62560974548935	36.77884343449084
323	126.38062489395507	-40.760342914220175
324	115.8327366465567	-29.431050703877293
325	28.708629026914487	-62.88537995145397
326	65.55818284061661	-77.8531814368048
327	36.02220536375706	-27.580885825551427
328	40.7181703022925	1.0229665181242522
329	136.04455946470634	54.20464738223721
330	23.299386119935903	-50.570101865218746
331	46.15170058833093	114.01119423622355
332	70.57385193594929	178.3008276445966
333	86.6862716244597	-4.644011917022845
334	96.69467071717048	-67.14243080009517
335	53.6437479900711	-52.15314930785735
336	6.503481994655824	-34.96621698955375
337	54.909044093123576	-24.737745524657814
338	-18.761510846858307	176.85867432367547
339	5.452346097174849	51.22614460971317
340	3.052777884942775	-27.987446248070874
341	55.12193236169967	110.68350271950389
342	27.69882468194183	-54.162853302805914
343	34.36621100795175	199.74500095149637
344	92.3148890502553	161.04664937291307
345	29.257352168013288	89.32503711161681
346	-52.612943462008204	85.61390781592628
347	75.88521424038294	11.344097102261436
348	101.5520949836627	33.65019440015398
349	167.44849362057917	204.0046325073045
350	102.77707385687673	46.630023042671525
351	63.13227391044016	100.01817405024337
352	103.30169483746776	37.39194158725557
353	29.889925856820856	187.15311992397469
354	204.1844011643161	35.39000067573355
355	134.27053086136897	-23.984404416638036
356	75.95337296690764	-42.987352504998874
357	51.312996375853224	-8.079177575415668
358	29.211480260283707	-22.17471298394629
359	24.45839821137563	-43.323820015194656
360	-55.28962481444064	-59.54998148074181
361	65.05310495820305	-23.34825615629884
362	15.434735725928574	90.07819373138092
363	136.6709542717745	17.44686588376413
364	61.30265418597529	28.638381609776726
365	96.28525893222795	127.16555405917082
366	43.387037352903015	62.54219081509254
367	91.04120250840995	-16.411984511170793
368	49.31575404044768	86.98943643634999
369	58.03502075330583	43.96408822338095
370	96.56350800138749	31.700234002134735
371	81.61677020541549	28.056926732936404
372	39.2839651234106	87.40978497273117
373	89.01119903740522	130.9656931155752
374	67.54560093653618	152.11601152722545
375	111.14172717109591	60.51652744290634
376	51.01804091513074	29.67115462212078
377	81.93928698314991	38.57135785272236
378	180.8161461612836	166.37627794008748
379	85.80469726414046	50.30184086590582
380	28.974527755287948	27.511548767661644
381	75.56619876453027	5.4618702259668215
382	82.039349582399	40.134708074050614
383	68.62229239947388	96.86618353608279
384	86.28763919082051	43.74728230625096
385	125.21334118406382	72.15059479977582
386	73.8205852288988	37.25645546099976
387	106.9954278498827	170.29328191562374
388	155.17394912375818	-99.91409736897948
389	84.91093155841187	-52.50935387701108
390	-58.50488013154737	185.5756924418601
391	112.60000388414674	89.56198461254286
392	94.94547582382675	162.2600121643657
393	115.54290999472471	132.07580470238068
394	-65.47767379574022	75.55973946243287
395	84.43654316830991	67.5440399932888
396	92.46678674144785	17.079727739779166
397	68.16131434694648	53.036391175367555
398	84.40600319012614	6.472599096967023
399	82.41781365043371	186.04630032199276
400	102.11334783884335	50.02812977575318
401	103.91688238065193	21.361599911770586
402	57.983694885684066	91.24354704111308
403	61.958359410841155	166.75933021553817
404	66.53679983008693	198.1547735769579
405	79.51870875409364	-36.72726004909166
406	64.73590997638517	68.50205463345202
407	160.4913107364228	13.157622142915159
408	112.48558143802134	154.15460576487106
409	168.54333576169742	29.922352295497923
410	84.73693346870819	46.2803153637505
411	84.35751264154604	98.19845539662708
412	93.62516916303693	38.606959405910324
413	36.59777133629961	29.96024091749306
414	75.99621591720376	14.074670603487345
415	95.54219097618578	-47.10159633612333
416	51.474625402161465	-2.9199211742117974
417	108.51015594888602	-29.35151483821283
418	36.867524904375124	-59.887647379601304
419	12.428677276207946	-4.528225401353113
420	68.6549621064573	55.33994625421655
421	60.62303728957483	184.90506306448236
422	210.45860799880842	-47.61573263014671
423	55.38282500390362	-16.240799035488955
424	28.173210278421294	-22.223260055402104
425	32.33766664636911	64.95730937137357
426	28.910893045841906	-55.81793035237686
427	-21.996539734100928	-64.33480664204286
428	55.9661114917089	-8.154554496394324
429	63.83788249857676	8.234186542476053
430	47.35241357508944	15.87528983744644
431	25.99974682366261	189.71576744624792
432	111.28782458308625	-7.893754233921988
433	61.516508745033036	5.215823111641216
434	58.15864710755254	2.6756605397790754
435	50.090022634970204	-66.99307812938117
436	51.25860779195316	-33.80512187493945
437	34.419228500228456	-57.63679435093973
438	50.782695484168805	-44.41723090436834
439	38.3396314172062	-37.7549199727433
440	12.817000084132527	32.61287656080819
441	86.50895026500827	-27.563669013093318
442	27.277501182194055	-35.12108371283877
443	45.89702067689712	-9.83016874077506
444	106.65000409538388	44.371412385280685
445	93.38199111186368	44.165904146391156
446	88.15765066073388	78.80813410178399
447	83.30777841275496	4.119157917634093
448	40.08257882761875	1.352846576861897
449	101.28776620331793	73.13964351563645
450	76.91149771563443	8.561001493099676
451	46.02964979131499	41.02651548885157
452	91.61325826753703	115.20302431936685
453	97.04311703430072	36.89323675769279
454	92.48571739719198	43.847745290144374
455	192.74719537197547	-81.76028546652239
456	27.99396452210589	98.12380439084527
457	139.44406749579375	86.77429019072984
458	120.31949536294533	51.08082672235242
459	56.31493360497666	145.4555162954971
460	43.167066821432165	160.20487109069154
461	82.63834512415417	197.78100192404506
462	33.757189551736694	103.90751441081298
463	166.83156763172485	31.239803195906724
464	92.66763387591267	151.38822957841808
465	87.43352561284986	15.353468089494175
466	50.47533606511226	14.78189354317692
467	59.72089033607387	63.99893311705081
468	47.28240209146033	60.58245128421646
469	107.56716565031664	120.41541124582243
470	15.374063311604544	-9.643620452208026
471	60.58834526732487	36.88305566904021
472	128.1584224371409	34.425168889175026
473	77.15492400779857	18.722423876137405
474	82.52474414907861	60.89355640630112
475	78.46101546109807	47.13166180747335
476	77.30094241491955	208.16491054465848
477	122.15081513963986	19.461394241954448
478	51.3177349240412	58.21314119755761
479	86.03262133225648	33.44120025117935
480	56.45924904617862	11.981832833585907
481	52.34539069961831	34.911695904285615
482	150.6094218570339	23.157359687106627
483	81.71936417150847	38.21493804638649
484	85.83699489635241	21.67081927888611
485	164.97630374457847	202.09861157635623
486	86.06187207355907	54.792884357323224
487	138.6508743232076	157.1125159143897
488	87.67091443458136	10.24331242430416
489	113.537511435525	-2.504334745405237
490	49.18708271218945	75.93852778474064
491	63.63162402854986	2.5056220785071814
492	65.80358595177616	-17.48362707689394
493	192.19646935811	82.45975271192825
494	53.290831479115084	72.20075184305078
495	142.04870509545327	-106.63537945573853
496	116.02905089634034	141.17557817942225
497	110.57926160432378	132.67684448186603
498	149.50854866490403	105.19286542291401
499	123.83995596142927	-121.45578818142631
500	68.38506850740266	-90.96357331941194
501	122.86221526036955	81.17234592388755
502	75.75557418536401	-82.39741144973378
503	151.87217164088307	90.69241281142527
504	91.15854058015029	130.07223798879593
505	158.51941947901508	-124.97040323500701
506	84.87687128138897	179.0906131942923
507	138.14132940858428	128.284157660078
508	82.2720246860664	150.89543301126824
509	159.50509901874952	45.10559072023198
510	66.51540122579523	53.68618085498845
511	104.53907838699108	160.28162830300957
512	-66.5814106334328	-29.638851126303337
513	196.88081612130338	110.95568721382114
514	199.8333818696094	43.37381111363852
515	136.8202954617389	163.92178747229804
516	-70.55048590877604	185.3751587363239
517	84.6419669003056	-82.29647360409803
518	118.574981767054	-106.70679761285581
519	72.5177329540369	-73.81881708898447
520	155.57124969815646	78.88550361947222
521	101.2020497361292	134.60969086276876
522	132.9632144613601	216.25638897005254
523	136.5927068882722	156.3865899278282
524	-37.95770502134167	118.54407336024313
525	98.10527126848709	111.23204006134421
526	174.55305644732903	168.29135353059053
527	-14.86640695373454	95.67015275507539
528	106.88914822041806	57.42473315724924
529	68.77043908180896	105.25584647129625
530	169.53803180341026	76.25050210353406
531	53.064362401493895	75.48144875749665
532	78.53144947721738	65.4569891572622
533	107.17647730181808	37.50889426780299
534	51.66318800502471	49.27894595898497
535	50.38881102260909	45.93489101506918
536	29.423608272116006	-5.666259199793361
537	40.11293278303363	21.004748611395065
538	26.69963171337548	44.55849906582994
539	98.71914509218779	160.0987950193135
540	60.32725555595531	44.053399684799174
541	99.99325127102064	44.059907029571974
542	70.97101682422732	15.518645510048604
543	29.38372856437165	138.45687599738758
544	108.67094028607976	70.2017293797511
545	114.47791897569503	59.6606110658422
546	97.9985095293938	15.034712805802219
547	63.48906757408787	123.11020634614204
548	76.30240455095486	175.21056685434888
549	58.74415660372824	195.2111081691615
550	95.21874768428123	134.2863928251983
551	153.53814394308	-114.50102857322474
552	56.81188273107475	-94.66221988327584
553	142.3989681653739	65.94258144838814
554	88.18835888514205	-88.06091844344884
555	163.69283882629452	40.88379916970886
556	155.3063005874842	46.84171804999485
557	167.3254384128727	176.2216529133688
558	153.47597557800947	129.5066230398795
559	92.05510399966167	37.91754488411283
560	63.69904378144134	29.243869309677816
561	57.59800782193549	66.02754326453548
562	85.92408887399536	-120.66679709138656
563	95.1585832933969	73.34113943570661
564	41.50866875562676	169.75861672072415
565	142.0536718724607	139.63834614469806
566	177.0529227177499	170.43187288625762
567	71.78287152748776	46.834157997158755
568	131.36306709351254	101.62045857504458
569	57.99963556347482	188.23067494904473
570	165.1932598105028	186.2176490342479
571	74.16289591161791	53.70637818322059
572	145.91777157440404	139.85394200076132
573	123.99250294020601	81.81882031810784
574	84.87070033858554	51.966048317618004
575	-47.22684479066983	75.31107074359855
576	110.30328665901659	81.82294988247986
577	78.17175611462768	9.277386487236283
578	75.97606582253091	22.430758548868166
579	80.0621341289193	60.85134242795426
580	61.3552802909914	12.701713974854371
581	75.68898437375613	61.48824547950373
582	70.4473226708688	113.71456695143027
583	76.53400899697459	34.78557762175005
584	83.26659743704117	27.645597537686427
585	67.60461659147768	14.239393699620027
586	45.87746407727912	171.26642192653713
587	94.0827802607928	12.731562153251382
588	142.23925160587555	51.77972076401842
589	52.69381459952895	39.793440364290824
590	36.070438090739955	8.238357241005358
591	54.09720869592522	21.65030375976345
592	50.143070517029095	126.8207744653476
593	89.60827634637462	15.540450605526354
594	50.94893511009212	16.956852503830827
595	69.09976135015361	64.12139783087105
596	64.48342864693197	60.162022205875886
597	49.1552446279373	31.936896802223846
598	109.34418249946498	119.24601171050548
599	78.16816454778717	206.85333441085749
600	99.39301631696966	70.8274477668
601	109.0751954070282	86.70341393193816
602	97.5077498846384	127.78579045005722
603	55.39968610900644	59.73227502592017
604	68.76755485512507	95.52637135077514
605	215.59953595784756	135.38237937394547
606	140.01159122843487	79.95439012042581
607	108.87184483400404	20.228456565902412
608	135.12488527630828	77.72365715812153
609	108.5805665986567	41.850189189461005
610	89.0007060233098	201.00141768951931
611	87.48884284833979	61.10201826868865
612	66.59649623616053	51.717685764041896
613	62.20036070636823	64.86194961007807
614	83.06367016771584	73.55504389915998
615	114.42605160287448	112.77309927905182
616	105.7129998996428	32.54297104374827
617	90.34433157511039	61.635026229059505
618	145.74240792281495	39.59443228159009
619	87.3419925669211	44.165011328196584
620	96.9687265937354	70.81101340210427
621	74.63496859675968	25.171385201599584
622	55.2633567462791	171.1178702217498
623	90.06943542076758	125.25699710848934
624	126.38750668635423	37.61722770759714
625	76.71838918455421	51.945772028978375
626	58.17559141006985	64.47278086240904
627	102.57135996003608	20.341093436974912
628	72.98688395062092	78.18949484039574
629	119.32027050848684	41.22262313731939
630	51.84317727369379	29.181469934498278
631	60.357945745304356	39.65877670878149
632	49.95140128441195	31.997061023535597
633	70.2666438295542	15.382721514996309
634	104.98248099064296	79.96378378651282
635	98.53693470644987	73.38491905872074
636	80.54777179789691	50.67958027316027
637	96.47524491525165	33.450503918973794
638	86.43992484225596	68.2516424225322
639	70.87602247533692	-6.40624821267888
640	174.87448814166464	16.813019084885134
641	56.52523004453901	20.082016726316134
642	54.77066747119477	49.49979470444745
643	67.42677566258648	77.45137430795218
644	44.63144690818641	152.91593175098814
645	175.4748534467496	59.13295641834197
646	69.20328944941403	37.45673319739192
647	87.23460372887365	150.01854970690994
648	76.19251090168827	74.45390650656414
649	21.571404072271903	138.72238816386744
650	83.18696133043962	49.02253870324614
651	102.91777496120399	30.38943040062548
652	64.67597664796303	131.40375943265062
653	62.98366394234685	23.640124479774283
654	64.70848633858495	-8.316793916223677
655	82.51791264751043	55.51626842236586
656	69.28627658301137	41.011188718158174
657	79.07193042950276	41.7464351480753
658	98.51362947789015	21.13140951556949
659	65.92634634850927	61.126901924287154
660	107.92661959227853	40.323186575449355
661	93.20868872174324	50.7491478122172
662	119.9224309893393	3.1727266320813627
663	25.94940250782128	72.21247238065126
664	49.78297559843079	111.43057801779608
665	74.40427809135318	67.39153008154656
666	31.739883471011638	54.84922465887187
667	83.02397213775323	13.977431103838311
668	178.86188931098016	49.53350876123379
669	73.20407964052012	21.597187747543714
670	33.967505857822474	-1.7923270960674877
671	57.0750772699713	17.854235803325206
672	3.128499309059481	-1.282182835885815
673	126.7619722422326	87.93567081549881
674	150.9239237099979	169.89251904796026
675	46.103485757858806	144.96193737583724
676	65.77654532450543	157.42098031750606
677	96.91827022757023	58.00645348028572
678	68.477702509108	132.0616603598126
679	69.45205913656612	3.3638682360697802
680	67.34247339096795	114.46566056488672
681	63.19615591729154	69.11816439928955
682	51.1375853709009	94.21854423898468
683	25.55524136738403	144.10678742688228
684	185.4952267201326	-3.955395764690422
685	46.22209017572403	-13.727945583862812
686	26.615454856678866	11.434897800367304
687	-554.9737778082178	10.21896703846237
688	65.31156006394157	-13.851952512253312
689	47.75916789819772	-17.05167343776366
690	43.64977891250062	3.8252308947162987
691	28.94898908400296	37.12613019036822
692	35.289064024913735	-487.4499836390055
693	-36.91810685140593	-106.07384672451629
694	24.05997004915918	24.04083920321839
695	16.742997775860527	19.858887349631992
696	84.55185638233061	17.5745427035624
697	31.060961345472716	-18.835166167936332
698	40.32114517738942	3.401001534245173
699	64.34684525265604	11.094551588168951
700	78.9180454774262	-194.51678803629432
701	77.06622446887043	25.14373967248382
702	29.460065616974546	51.38889036369722
703	-621.5378028348406	65.58614853433967
704	-337.91548530302066	-454.2908429267147
705	-563.133996109096	-54.273256757753856
706	4.752834280169826	-45.04435660282271
707	-52.23857581064115	-35.61479212225758
708	-678.5236856228353	-46.207711585618966
709	-38.0647289104568	-29.907017528478406
710	-45.39022750627882	-38.6245517860377
711	-31.860011747842815	-75.64732202195121
712	47.66847487291444	-60.754267692028385
713	9.807273806668626	-62.77040055465534
714	-21.503396290257307	-57.2818818030462
715	-56.813368442617325	-48.18705890074685
716	-15.589989133283032	-24.856350096444828
717	-34.72970214658079	-64.1989655058131
718	-48.162707748161225	-42.54600984179954
719	-72.38683041637712	-83.42024845941047
720	-82.73460547151001	-81.8096631443082
721	-31.328505223750614	-44.47697844468988
722	-22.704592778485935	-83.68527868807712
723	-62.21381694057419	-81.49429438658758
724	-57.2246057419481	-72.75026971258536
725	-64.47536555747656	-49.02645111728973
726	-79.40651324971066	-95.37646694323769
727	-47.202398925234384	-72.3813493736469
728	-29.58321298036441	-113.89859915194398
729	-19.88753488275427	-75.77898550823605
730	-82.96255776159296	-60.06269118082011
731	-483.2795444027378	-109.37717180526151
732	-1.218738102504635	-60.07661229209044
733	-44.82321803735604	-55.738361887158234
734	-6.8541138112946705	-70.89611493991045
735	-10.27930342604322	-67.44081135068843
736	-8.335298872723973	-29.185743148512294
737	-53.101237900613455	-81.24460378901583
738	-14.246328294812981	-63.572885085163485
739	-17.89371348023963	-48.01448166793453
740	-45.740847000868406	-56.888556224145766
741	-462.7484366707077	-34.027407119522636
742	-72.39061454966254	-39.62557220587174
743	-31.98447434643766	-61.16825211867244
744	-20.95436895303807	-46.00576470199171
745	-259.57725596216767	-26.444364417693194
746	-12.048628332513585	-79.46080891807769
747	-15.198651028082576	-50.00627205742089
748	-45.38235282248737	-10.876789622998315
749	22.049322336102367	-59.68109444517595
750	-0.4194647709796566	-40.97711201675345
751	-27.339773753092388	-33.18539411487293
752	-32.556787074258544	-30.316225268155183
753	-48.868094617793155	-31.10153120039882
754	-8.267682101904269	-37.87264534972353
755	-10.390890638956973	-29.334993903058276
756	-57.304858011436345	-21.61676496525993
757	-53.41850980365599	-47.03923479957388
758	-13.322656306318898	-11.336664231658817
759	-10.005772394131872	-34.80435705221453
760	21.19765715766306	-28.55900180404758
761	-42.80499864485502	-54.18499205772516
762	-49.833648105913	-39.91810136485603
763	41.789306505496874	-50.242530868815734
764	-10.786814909022777	-58.710363653191614
765	-46.799352314147775	-41.895688027615236
766	-17.775981273088934	-80.7252393964566
767	-32.429914353907975	-75.32700379741401
768	-17.737342016337767	-82.1326255805926
769	-25.742672651651564	-40.82652443233676
770	-13.468614129452655	-48.34070671746088
771	-34.47430303089754	-56.541334058284754
772	-49.35627156787106	-41.83489609379907
773	-6.447986534237379	-0.6677003198393303
774	-50.45570029962955	-79.81733536605391
775	-52.81268242307499	-8.282656608689042
776	-20.913065397431822	-10.43182492884795
777	-43.280617736494726	-28.011633757810756
778	-44.3686430293428	-14.872944324125022
779	-2.787060964213822	-42.621932560024014
780	-38.03418662608312	-73.85950146314404
781	-17.212561022066744	-70.05034372930798
782	26.978220016997692	-75.19997911203217
783	-22.929470788282224	-99.46878265358404
784	-36.07926388557711	-26.226537875104697
785	-49.96532141221029	-17.86706135142244
786	-12.924544459255124	-12.872910905174475
787	-25.499473927736066	-37.536732121486494
788	-44.067378857764496	-53.176647873787445
789	-54.36807411585484	-73.5439441300579
790	-32.24656376725231	-98.92018546927235
791	-13.871256872506576	-70.19137328064014
792	-16.58139686320249	-49.03358682837285
793	-64.32927777607624	-47.02487976991141
794	-2.8244494963348616	-44.82440811822202
795	-42.1298639286811	-57.77070310139466
796	-59.774373448721505	-36.48293526356123
797	-2.8366025481615216	-70.13502913930117
798	-8.281106233476965	-64.23631689920433
799	-45.69960947299969	-26.03855620293589
800	-22.373193736007828	-62.14766728093362
801	-37.46920596432927	-74.11859560838984
802	-3.740541954952393	-55.15401733112836
803	-36.088873470209094	-42.83296637535336
804	-32.92476489047337	-44.67152586249368
805	-33.90000007366332	-56.091566934278305
806	-27.02919006485471	-14.966535796905095
807	-23.468140063748468	-17.69240479073845
808	-73.74649464123333	-56.475214060715665
809	-47.08919756497347	-35.87145427254572
810	-10.358376466545156	-52.77028448107046
811	-43.389268933198245	-19.5874928066784
812	-34.12868193366884	-101.96240573467979
813	-63.38211889594545	-41.30562934028273
814	-22.49376999516099	-50.99712400084454
815	-28.939999208115065	-207.37666165081794
816	-20.18748324065094	-43.68956109905932
817	-48.71254642913689	-31.90039005415697
818	-56.652296838127164	-37.5673267336356
819	-62.358506464171924	-70.32746294608009
820	-7.3861439428523505	-48.431648438047915
821	-81.68821925605002	-67.52653001523055
822	-13.29098456287013	-99.45483804909735
823	-30.970694660229018	-61.45272586912388
824	-16.277467335090645	-89.67731821005931
825	-27.48921431110722	-50.21724420616509
826	-62.68003067420211	-34.22800318363335
827	4.016221376230611	-36.80600945123155
828	-72.77786007498196	-96.40520790572047
829	-57.98991518967914	-57.49587035228507
830	-6.043002598695781	-55.00214655925028
831	-52.75607076510292	-44.76641995624247
832	-12.351437501100282	-66.70326613356634
833	-51.332706616793885	-54.34239883150907
834	2.0896459245659322	-17.988251901472683
835	-51.42710909900259	-37.86064791374159
836	-54.75895062056997	-37.341069115839964
837	-42.86414483448598	-41.871335139014064
838	-16.162537209509257	-43.87402687714382
839	-36.400085611368425	-39.414128360085066
840	-46.441498221726704	-0.7298751889986039
841	1.150661223381635	-27.910507671495303
842	-29.12827246071864	-30.16314817269033
843	-2.051403059117689	-75.5289037281249
844	-23.725711279943177	-21.48232382367745
845	6.064147856614356	14.488400907715265
846	17.61265262317658	-32.47306417202851
847	-19.817553211699614	-61.10513746220374
848	-25.07432295238122	-38.95437336621328
849	-21.729161046665286	-22.336181450070985
850	-15.337508386503714	-61.95292874485837
851	7.318514196120763	-13.661326968447796
852	-6.7960519739563585	-20.18305554852734
853	12.482113642958726	-45.26374745902941
854	-36.92826391111011	-52.957699915195995
855	-38.465293068479674	-67.43054886054858
856	-12.932742376886122	-32.908897709033
857	7.602126765085667	-35.40816802314656
858	-40.00775977062385	-16.457411105380192
859	-11.547272864142407	-5.811376880306977
860	1.7926789837842432	-1.275199629497514
861	-7.7136131499674745	-62.659201810562124
862	-15.214835605564414	8.382151615774251
863	-10.339464313764688	-2.94351297843313
864	21.683609315672932	0.6360973929938858
865	11.932363492620986	-7.121441634720316
866	17.934401293618137	-66.49063112053061
867	-28.164040446287554	-12.53873795192194
868	21.19022420719505	-27.646661674969785
869	-22.03973067342076	-266.9921306872327
870	-25.941118800378018	-62.45661920346112
871	-52.67389959469588	-48.412241258973935
872	-54.75693389407819	-7.003842027325118
873	-57.723852208586464	-11.626556515151115
874	-31.03507776150521	-70.90667203213623
875	-3.777850485471613	-29.361665463977378
876	-51.397761061987204	-20.90740222831902
877	-23.534653170562834	-25.882825530795035
878	-35.69973066788209	-62.635715842871434
879	-8.598141609641804	-58.8218015108749
880	3.8718948829300843	-46.58447913782303
881	-26.13468176645432	-66.27885459125172
882	7.727865473207105	-13.899646759250762
883	-31.967455313873398	-319.9845963534789
884	1.1810752204965984	-75.29809139087611
885	0.484914679809874	-33.50218286554518
886	-25.880740938096327	-60.833683445947784
887	-37.25438414747943	-73.778346947285
888	11.969953306535892	-15.170223013230272
889	-31.607694646008273	-50.190057972726436
890	-32.84446703865122	-45.44747873050192
891	2.823643196277771	-37.175587008517425
892	-19.301434763366178	-635.3179560873963
893	19.373493538991557	-20.519274261120508
894	-21.17356107866999	-29.801974218692692
895	-24.107362027451117	-31.589618550446172
896	-50.823143039909624	-3.502117157814702
897	-30.811349727437513	-40.01044344422806
898	-4.25725006655194	-62.95656854214094
899	-15.600869528115256	-59.525666395261204
900	-35.686307019240154	-59.78485062817254
901	-16.02770632117388	-9.173526794260049
902	-5.7830326751861945	-10.529473652157602
903	-17.603946161725794	-28.412325638082415
904	-14.628986732119994	-39.83082322534718
905	-37.399319999355306	-84.38925322764106
906	-6.913797005373409	-30.46728135071314
907	8.459837677204568	-39.14271668019623
908	-27.026208391315112	-24.91416988820468
909	-35.26399424018549	-77.47475511389014
910	-39.07274381719852	-34.843995713909045
911	-71.65686739568565	-37.753297269696986
912	-3.0542503550426847	-31.477280125327397
913	-2.962029958170291	-68.02235845666605
914	-37.303336668706216	-73.11238712132585
915	-42.322484257040536	-47.63838985492203
916	6.570057301978879	-21.581707135940775
917	-6.684947353118467	-41.552679114595136
918	4.985790760492643	-92.90253128500265
919	-32.817519175956065	-21.143711069966585
920	-40.04815843117946	-64.85901296883222
921	-30.851776959521167	-29.489646529396225
922	-15.021829422438861	-48.48435095311686
923	-51.680967285132766	-63.8845869813903
924	-33.24337412830559	-520.0905732417287
925	-20.72587357765584	-72.3302669564472
926	-31.155917799752974	-12.051167238458872
927	-40.8024869504204	-19.378577959785158
928	7.571170579014752	-73.30581970041501
929	-20.381900726373487	-42.9992247129203
930	-49.95587915181375	-44.54945641760342
931	-27.571903961529596	-9.084939364016588
932	0.7356307659264063	-1.524318796042419
933	-26.740097325952117	13.609270594590978
934	-55.31407100324902	-47.027299598815524
935	-15.898896225785041	5.695621398343938
936	-21.815655464150588	-34.008238600502146
937	-6.675923619504005	-44.28075053479532
938	-11.027382533908167	-78.45532464198925
939	4.190806026378825	-27.84654177769721
940	-32.47185917663388	16.17977409149349
941	-16.86923461781435	-3.9467694091685654
942	4.304545968717716	-17.046934367322997
943	-7.370170729931955	-41.907790215247594
944	-13.886501324818102	-55.99170245748913
945	-41.984679644326164	-32.427428530192124
946	-14.896341172782567	-290.96731299176815
947	-24.16735056582871	-25.88729266051198
948	-32.405026925636484	-37.604851468365524
949	-9.525754494695672	-4.370866466720996
950	8.835536724977683	-39.190115390803804
951	-13.842437604060722	-11.559914137052639
952	-15.805053052340892	-28.211001653253245
953	-38.70712304639058	-34.832295399467846
954	52.94081294580602	-22.812103631828922
955	6.683725500253045	-24.522693070160926
956	49.52740558172293	3.1923302392998716
957	28.768724051780612	-33.02282203834793
958	40.25792658529927	-43.21824534881451
959	45.92203622733568	-15.028547014238729
960	8.186979274846246	-33.900394664725845
961	-8.533343763854738	-11.43105605907292
962	50.42206061961362	20.338502766029453
963	11.054125084744703	-12.582057073759023
964	17.517406998446134	82.01441645847342
965	37.702601734958435	82.61508272737971
966	42.01368157056132	-30.31972279588835
967	3.410186631393376	12.753214192790352
968	63.146497500913085	-58.556685606918776
969	49.812511856590966	-2.9099477687251314
970	46.99786109051208	-32.64597123655897
971	13.196757133486274	-8.332539551469234
972	-6.9293373152858955	-25.200819597076567
973	27.571470273277733	8.878252978790961
974	8.09093696533775	-26.34601229374978
975	17.30916317893649	17.14416689202339
976	-3.0841086898665226	-5.67507914392057
977	-28.794196327143517	-56.9753348277394
978	91.23355789669735	-83.63084802549228
979	41.80296542046071	-33.861035195943856
980	70.66106170605163	37.09421492001886
981	-125.5262293550882	-42.76417295508179
982	-59.69475373744148	-25.038212987434274
983	-60.03318012500491	-42.302188563919394
984	-32.06810862790988	-19.59055491186009
985	-48.252083353921705	-15.92403719772848
986	1.3229591408830628	-27.646242170930115
987	26.40174394313031	-15.397227842854857
988	13.13283548618076	-12.725263589613581
989	9.608469185771083	10.140040078246653
990	-52.068841509513966	-42.67901763241245
991	82.35815953562744	-21.669341340800674
992	31.768926928945817	-55.482633623902714
993	-58.31630307761413	-46.163418769447844
994	-13.671459112942554	-10.368676657473555
995	29.035009089486337	3.0363340580418283
996	-23.31209248196467	-52.05531594448317
997	-35.162130456499625	-48.55549548475818
998	-1.693041048355791	-55.50604394375893
999	-6.825301776223797	94.07550858136891
1000	14.63854760394888	-22.401065313573415
1001	76.92898821921278	-10.863987730618295
1002	19.262396110400115	-2.9329361168901786
1003	59.12755774874379	-22.505771388321236
1004	80.49171431251887	68.7977887868596
1005	5.515211378808442	95.08205072600832
1006	83.558133404246	103.53243155176423
1007	44.05552425024723	20.39710718224303
1008	142.27055632042263	7.961100233147843
1009	29.792964413784205	21.554829757696968
1010	84.43949245525556	22.81915248187476
1011	6.9629655552277105	27.878808745468962
1012	47.72629532872047	14.223371050743701
1013	-161.45464830954555	-23.25174319211006
1014	54.4881332084146	104.73118174814054
1015	68.61385378848125	-38.36616582985496
1016	93.92685327333047	166.5128311865099
1017	92.86760153251801	81.16670607179667
1018	44.47207020415612	6.550504794240555
1019	132.07868106628132	36.52726809463908
1020	78.35139924503079	-1.0957537988411001
1021	47.80015218883349	35.11317582687817
1022	34.549849901201725	8.019408528660138
1023	73.30660890512443	48.19574648018792
1024	34.47277852297508	-40.15627500534529
1025	35.69695443630543	45.46413162042081
1026	25.851634928974367	20.81138743780576
1027	53.02168901257107	2.1683691659974436
1028	67.63552487795278	157.11601075033215
1029	27.494881521432436	24.715405904150312
1030	12.753696512342705	23.155055060951387
1031	34.379948764817996	-1.8344205217544776
1032	23.786231448078677	-5.873214613260361
1033	39.379164096570555	5.849049898857962
1034	157.5904107415835	14.246053199362613
1035	144.80366643163563	-2.2103657801852483
1036	140.54870529803213	45.42969462533037
1037	34.8918602244552	-9.514800608926759
1038	47.97395078500402	0.3540027507114569
1039	50.07366078626519	30.4912028119761
1040	25.936800280748663	60.38862040770859
1041	17.70919780596043	14.108280819135876
1042	51.340837354721835	158.37560737329088
1043	11.290258512425027	-2.701871815738005
1044	38.948731678546004	27.15078886787954
1045	36.199987964773705	60.420307175675696
1046	62.0357993562128	52.82497238789592
1047	33.581035550742584	-9.000081291696109
1048	-4.021750350639128	49.39808274591765
1049	42.34720450984346	14.911048028815602
1050	16.58050214962297	29.738229165225164
1051	23.07305571370836	53.8878301271353
1052	19.8396370436864	66.81415335635506
1053	52.46258933858838	58.31791780563589
1054	123.44806317749162	101.94770605820973
1055	49.8582079661232	85.53954206989496
1056	58.648268878894996	-127.61209848968898
1057	112.57766346919804	5.871634069959158
1058	91.9688524664153	12.242026699843514
1059	153.2633291749858	66.10964366075262
1060	37.24298562264358	96.17642719825014
1061	-37.910028074477864	90.2611966723522
1062	-6.814567806356724	69.05129201592766
1063	-31.99479133336517	117.87646507349551
1064	18.0167450700999	50.028918316167264
1065	66.37063240525347	31.91474323355444
1066	83.70778179137832	-501.6563064434929
1067	-318.9518356184188	118.66345861046909
1068	-28.228441000170044	-40.60512579462356
1069	-533.1401725621074	81.80863216374868
1070	68.39830909868084	95.37608895685307
1071	94.0914391523516	35.463848221214874
1072	-225.80936190511227	77.39175304633287
1073	-56.693956157437725	62.448025105940246
1074	166.51528327056562	-105.10643531552951
1075	-257.9819333500908	65.68000410055281
1076	66.09511817649216	96.4530689023873
1077	88.2799427339858	69.96919018817677
1078	40.11690664489789	24.236457195204054
1079	-85.23409678624651	-24.10527956456913
1080	35.42192258611833	128.39106722374666
1081	154.97028656399453	-22.817065035950044
1082	-34.58531347130442	85.75062841925624
1083	16.190083932818	153.91680339049043
1084	5.974591220896875	109.3153824997423
1085	122.07982136103337	-268.98263335872116
1086	149.19956987692353	49.983596064082434
1087	130.448423853824	-16.799451274871966
1088	116.97032243757918	84.43087448315502
1089	143.3126069649478	88.02206983031931
1090	-12.580947064677273	32.64262890465938
1091	26.737462314174714	58.85356500994001
1092	-92.08427711243529	1.7896286164827764
1093	-300.4475893442951	49.427944839238464
1094	-204.02769600110219	141.82866986104386
1095	37.31599127239292	27.96854342314891
1096	143.5465980914607	123.73333600428968
1097	153.0686775534248	120.59993654560463
1098	125.52839944466507	116.46761665616697
1099	155.16783198592128	117.22451739266708
1100	100.47939262738589	175.09827104277656
1101	133.61576002416928	149.52403602733676
1102	48.81283241368418	113.56897816219852
1103	42.4847071570362	134.5288268812995
1104	59.984543455442555	128.977410442971
1105	40.12799272988664	-93.0168997367993
1106	-555.2376874331109	98.53436995185172
1107	123.80276032963994	79.25300984886638
1108	151.68315441815196	-93.0478291911699
1109	14.968639981253084	106.07892488359988
1110	0.02177371481155177	129.3652078479857
1111	132.96809541337873	-195.11586708843245
1112	89.46717000310309	132.47376437936157
1113	28.02882944055662	115.27848689187054
1114	-6.82386836367435	107.79866810461776
1115	130.89059343887217	95.3297088734153
1116	115.99884931832294	137.5296167404251
1117	136.11446280164856	118.05273704177142
1118	144.8030408090362	121.53763661062997
1119	143.63564583335506	95.81305561045099
1120	149.47632067811375	164.85771352765042
1121	120.44676571480846	-64.67794015967402
1122	169.93453673538573	135.27556368829534
1123	67.21067071273725	17.090329812963393
1124	90.53790545297468	159.2962113591563
1125	188.40159886004164	32.258309670384875
1126	143.08682362806354	125.98072166794606
1127	160.48144068957288	110.0344710214317
1128	-93.6082722376241	61.888370250724
1129	164.1762462899352	37.22468524914619
1130	31.21827049045251	162.96217920908066
1131	79.52403767097509	46.518043574380286
1132	110.07859041438925	66.56906960695903
1133	-496.8490953615968	147.49999334253937
1134	142.76774961162033	-8.992223628107922
1135	167.2555378920933	137.90265956077045
1136	162.01348070660666	146.74553211046486
1137	-74.75574270986081	164.44773892571175
1138	-28.728236308170306	62.3856214922827
1139	165.05666517193714	136.95001342475254
1140	158.8300968685305	1.7279046595510617
1141	-88.88704344448719	56.79559588309368
1142	54.06286533985672	-81.17236476500607
1143	140.14495279274362	147.85844180088841
1144	-242.63156259018902	120.10826548395397
1145	-176.39846863701354	26.481164424765403
1146	107.46395913808968	-194.5500706388678
1147	153.91837644330897	59.289635198522284
1148	-76.43972965907001	33.96821638735652
1149	-56.56940882662038	102.01922765979909
1150	-114.79508391692386	155.67786336660714
1151	135.555409924429	136.24030000323935
1152	64.32360295997597	127.52499352448729
1153	142.9997799914592	114.9546581222142
1154	128.05742236707272	28.110229625680326
1155	102.13157911997716	-104.35457996655657
1156	104.33276877498571	144.1058284429048
1157	154.59118557661114	131.06286160486468
1158	-241.7532013733613	-288.8298090508555
1159	135.4057591941083	103.20249842722882
1160	102.2765978242546	110.79663055727714
1161	169.21998865525188	-109.2401284587226
1162	166.9292148883087	121.89796825352869
1163	106.12826775808809	49.11638342971037
1164	75.34840535292743	63.50419857080189
1165	120.919330891287	148.57235461327014
1166	39.5307418007613	105.15642039233131
1167	-27.74299184040595	160.66325300056135
1168	36.2782145653202	122.54707156464755
1169	173.34819398667813	117.70429106584652
1170	-77.38885496929134	-113.46297547033757
1171	163.6841830819721	-196.57848442631916
1172	36.693026409951315	124.47859069325318
1173	55.47385810653512	-93.64345039069656
1174	55.968822520976595	81.69400386151021
1175	-460.8159041649188	141.4520680089381
1176	10.989297973823492	139.42080157491355
1177	100.98037257849958	110.7575719186192
1178	29.632656557943363	58.73743713806214
1179	-0.6184340557411366	158.8946546610991
1180	-74.07550566143942	122.24835936181438
1181	47.468163419997126	49.81241305593694
1182	116.27085889849904	-86.54658637690798
1183	-108.95265575858434	149.33000145895966
1184	139.98886873320095	106.99208832703789
1185	80.69836633105751	-92.55632270214886
1186	74.2798116608735	123.45881142804973
1187	-227.52673619968573	98.52564117648456
1188	125.76144782169726	82.03043934763019
1189	185.27640758686155	113.32403079309199
1190	146.67917309222287	-463.8383079291821
1191	141.14632774548943	132.69791787066325
1192	21.17875057487548	146.5941532404276
1193	-84.27463954157875	114.90987489477355
1194	-458.4528024826812	108.86134230476439
1195	99.36003753283335	-46.03441311741335
1196	43.77669856623171	21.12201526628509
1197	68.42327556492907	125.10849867959544
1198	94.58275400591197	122.58618632402994
1199	-258.4550445414486	104.89230708765403
1200	53.7778520502596	141.59773812028575
1201	101.23811956401272	137.78559025772907
1202	25.145380935603022	-489.6743144942109
1203	77.0892229856257	77.47353109606722
1204	-193.31905430285764	166.90247680207054
1205	99.02830811882114	108.78685904584118
1206	-142.11910520458267	108.86823336720614
1207	39.256159953080726	32.936985919537214
1208	-523.9007286399502	-500.87492949316334
1209	-3.2875345654458004	135.4922429120916
1210	106.3658644716368	120.91531543083427
1211	135.50709426804127	49.10597482996192
1212	167.60843688033628	9.651770028246691
1213	74.81108094140973	111.2465203208331
1214	27.64414900395556	153.55420020018974
1215	127.73150281224513	-250.3933238275619
1216	113.24122962462408	30.411007730374557
1217	77.99797298799201	43.07218196096034
1218	142.4606200910801	-818.08360307322
1219	84.07116951246553	117.17747077456423
1220	109.23058162206654	111.31624615228725
1221	119.11190254687678	127.74106019613001
1222	89.3056831391976	-554.9971955185472
1223	165.26809055518572	32.953262565814555
1224	153.5432062122856	52.17253664585958
1225	122.19151338682559	70.87406533837012
1226	146.11822939126492	-216.5099175901578
1227	135.31185417966452	116.54296710285033
1228	160.93028875355606	-466.65460587755473
1229	-39.65866629416188	124.05745958400777
1230	-321.97463062684574	90.8998113624464
1231	143.2697391957188	73.03822480534035
1232	159.24887493031648	147.8293586932362
1233	172.73326618955662	137.75685134013185
1234	182.95850452685022	94.73274426638612
1235	70.36914135580733	125.58685703887122
1236	-71.56977504552317	46.786593686334676
1237	132.09914074462307	35.60652180056243
1238	28.708535156809624	147.8186167548089
1239	173.72768862379758	-59.56734659789926
1240	184.53440480723992	62.91979804325779
1241	-272.4483634987971	92.11901665700802
1242	103.39133843440617	108.1378977267607
1243	121.12070300922417	123.73466986750562
1244	175.79287172562965	116.149665234099
1245	-26.353444222314437	177.4984587211747
1246	46.52381922249618	48.42726480589553
1247	59.030989585824166	172.79255645413002
1248	53.79112948483752	76.49558885426099
1249	-632.6827752744672	20.35348344940638
1250	-503.82248448529674	1.2231164208425702
1251	171.17330176413964	72.21616199791043
1252	20.846265010693426	119.46393907745777
1253	58.074253126505	70.50809247904017
1254	109.06316493620152	135.29989903938667
1255	112.11172723374358	25.10458436953182
1256	84.21154507966978	49.17666355459019
1257	78.05089808573678	48.69680957438482
1258	77.23648793562116	56.630450146293796
1259	67.95802863715983	67.3689363145028
1260	59.57503462684315	54.53658076023482
1261	89.89581160899384	124.43981955761808
1262	19.81792532394744	178.48629158057102
1263	185.8782725639206	183.05035140019595
1264	69.06945782529448	34.1616201191589
1265	44.57285022307053	148.94385614732752
1266	81.754635036175	46.73541729503389
1267	42.87182272730811	28.775609624226004
1268	75.47823400245251	50.52627135882373
1269	49.646186359539804	163.9620900552484
1270	-502.64181228304045	29.07589395069024
1271	78.6181304134204	42.232119402935545
1272	110.03648937489555	15.340090842637473
1273	82.0087734514355	48.42955236573889
1274	42.44659851203134	58.94025118829034
1275	68.39047009798739	-470.72457198709606
1276	51.597191099907064	77.04385027172857
1277	69.39016719813495	48.852698818765425
1278	118.58895878082538	50.96934802473372
1279	122.6576399674597	75.53629723718588
1280	95.96033457385163	88.09147691223842
1281	90.00288706181333	24.027231993707865
1282	80.35307456508704	61.65334095282824
1283	63.78438200079167	77.6307956649884
1284	63.78367132013958	10.348362645663107
1285	113.73871949563653	42.388911925341546
1286	82.48674283402099	50.84238325964353
1287	165.60606709120964	28.293516788856238
1288	79.5605685340767	128.40442522870143
1289	-179.3382127082568	71.64154289739162
1290	-687.2659977288481	136.56483076182977
1291	44.32281868028177	167.97177970120453
1292	-583.0273621803118	70.9727762763921
1293	115.51356589896083	59.888655103220884
1294	116.70549921660897	84.93856724785614
1295	56.71952810483512	57.421715875808054
1296	89.51577282994312	144.43309321224578
1297	37.07639751471742	158.12159197454275
1298	49.11867229297073	150.07649396613348
1299	194.3987700456445	175.08961369596244
1300	73.90598846375944	161.53366449574742
1301	82.3972953497998	182.15562539914242
1302	75.18602172090561	52.29761636304738
1303	62.16493257143753	86.36115343929667
1304	69.23821511807546	42.35341116935052
1305	55.67794355009969	68.87422822015952
1306	86.55074599114198	178.64809422910645
1307	58.42539934994609	57.744019461836054
1308	80.37560261954664	93.28088388000518
1309	85.5222315164609	62.343756566031395
1310	72.21612144237442	58.86803251870878
1311	59.05106787437354	55.810725460110895
1312	96.51460570483339	-551.5103586519231
1313	68.17035901103955	82.17817665182714
1314	68.13614917245644	25.449487830266683
1315	57.50453674544014	45.170650716363355
1316	81.8032507335586	78.59616285897971
1317	70.25213834275056	44.112997396509925
1318	81.00607473320972	24.273429337834898
1319	42.148874928749585	194.11426405249057
1320	98.52414615427186	36.91501019253517
1321	45.67390043816208	81.9507513891887
1322	90.68318145591188	87.76642100302423
1323	33.532362122967655	183.49762039880468
1324	75.40318083148017	184.6056784859314
1325	34.16978545303999	50.36571464540578
1326	55.64770517438205	64.4285908022936
1327	91.82175285155787	42.831220246593155
1328	63.07540360496312	168.2057183325737
1329	118.47567863628599	85.0871746775941
1330	48.74585476936356	49.09234765388843
1331	74.66176021270286	25.27414864254483
1332	73.86661697267466	81.00731618071501
1333	73.75784447689472	49.234609279340404
1334	67.23005882766697	58.46491829019483
1335	63.55147224151273	36.031998528238084
1336	86.80787109192781	146.23455116079577
1337	49.30977148747715	45.38487365095533
1338	-56.600296652753926	117.81734175723459
1339	45.03752044516871	149.25514805956675
1340	73.49445117169016	20.37024900641073
1341	157.46314097897198	136.52673811657633
1342	75.69348123484528	31.148193479664563
1343	47.24702463117452	15.632269617429827
1344	89.84371641544382	166.24036923528234
1345	49.79438706131665	45.24237421970417
1346	63.860981221654036	20.613470868841837
1347	81.57308443905976	80.70687884842096
1348	97.59111285820845	26.18658352369911
1349	49.09861402638665	9.97292727306449
1350	75.64993080306012	1.0122468659403658
1351	59.92847097811929	48.14714635255137
1352	92.03934833620488	22.423637720932003
1353	157.01262324330807	50.826948318201275
1354	85.71480967458679	58.984298239664156
1355	95.02288110039358	37.24252850357966
1356	57.96820842097209	134.42708725942845
1357	158.62449343513236	45.42826604770389
1358	48.20140917824199	177.0555905573437
1359	31.702647715274523	44.933880995980616
1360	85.330416787049	81.24687605815468
1361	64.62127655358562	65.54534811532808
1362	94.76184961026868	141.8019499434814
1363	113.65599686428544	40.405526739824616
1364	185.0924885131883	42.31757462393385
1365	-47.167673483835515	67.72489676311238
1366	102.63689977800921	71.05827895431598
1367	79.40748174643902	70.5464953916102
1368	173.4813987044657	166.48049307135787
1369	60.68679217005685	180.0921743479969
1370	144.45651124375593	46.357207425228545
1371	52.90864192625818	161.70649081705648
1372	81.32632799783042	15.798688120263277
1373	85.98324839833334	204.65202768756478
1374	82.00851962771607	180.25995712443662
1375	93.45240130002242	128.48214156529892
1376	188.37554725740063	162.5818301634119
1377	99.00824078050024	138.3968854247771
1378	78.63414483532004	156.2315935953646
1379	156.32129681977148	42.072388992301946
1380	116.00229476704389	150.97024135245684
1381	76.35063571662188	56.39001559819269
1382	78.12216466986864	151.7642583778574
1383	70.21471232204527	33.09326505737099
1384	42.38586834388057	122.27668060536865
1385	53.41659103384316	22.396998192649935
1386	50.69566747374574	64.54653333476571
1387	79.41667437576804	170.2543715820409
1388	82.47349034430444	165.4528887817043
1389	90.25499406423371	8.569397170988053
1390	65.89337115978137	142.07289421506042
1391	74.43002641806855	141.43801298234274
1392	76.67742672834183	161.8042863718954
1393	79.9660386381234	28.052206294966226
1394	56.229390922840146	168.90801449533
1395	55.7344491041404	167.5535748688595
1396	77.82554561976154	47.2308164500493
1397	78.69104169445615	3.473125566832243
1398	93.99658135832446	181.5998367965181
1399	93.8908475008871	209.68428284353516
1400	28.885934921521724	71.75917846149825
1401	57.989191565371904	84.30615757870913
1402	61.49426141008675	46.79204158564495
1403	130.161095937147	193.91069860972829
1404	93.3121749917552	82.29013050701407
1405	63.26178749750166	150.14455854602085
1406	54.91391147949635	149.56935029538488
1407	95.12935389674786	57.73347220759542
1408	103.90353384054632	99.14395809382468
1409	54.41346166066471	142.69018194184395
1410	102.69119830847448	123.43400297151855
1411	103.13888426395651	47.95406898706537
1412	73.74425171346083	72.53007560216234
1413	120.7838173576201	30.344865751711417
1414	51.64829895324354	84.77840012294952
1415	104.12269540287983	98.83794112143669
1416	104.5459836749843	65.65085013382242
1417	88.37936372301253	1.8575819412052061
1418	89.88036217062884	61.075722042277306
1419	46.87287353841992	163.03936568143968
1420	91.42066877076957	76.76694330239667
1421	67.84441019743477	53.627807971763715
1422	113.30541812262878	91.28011661467797
1423	170.60973611576574	142.84425790889088
1424	40.81798813825241	158.16466445922234
1425	140.49827666718934	73.86321667179045
1426	57.34957092403267	55.9535208645612
1427	61.10485963860671	90.83437931830619
1428	33.715566722539975	159.8572441272296
1429	82.18829382764235	104.12740237195636
1430	172.62513111076788	94.87655662972035
1431	170.62573409155647	130.78291854522735
1432	-34.94581201459414	156.43874307544718
1433	69.00029421655618	44.56236269388685
1434	61.909592174131824	88.48561668204019
1435	65.37822015397408	173.1500155320109
1436	60.719556804614875	41.836287940542334
1437	46.89920894041998	58.20283150890089
1438	-182.36351900361586	32.89705159832034
1439	90.15740828425908	15.508867285982134
1440	63.89932985664089	7.160861339500061
1441	96.17763437565961	142.57772736825666
1442	60.926228246553485	-307.19829662604593
1443	201.94874407388312	46.38789566336725
1444	56.676884626287695	54.196483977018836
1445	140.94190359963915	50.745234889044454
1446	109.03640129614732	80.33821212682389
1447	86.29593086868762	70.75154573748055
1448	36.84262182471839	73.0929623785728
1449	162.36046963618043	90.40107365211946
1450	70.1629081801127	81.28841372795729
1451	92.24080164601605	19.092726357898105
1452	53.55535135362534	67.9000239417183
1453	114.51154410561145	46.933006750110806
1454	188.45605082769538	74.28260043827416
1455	163.13331007605325	43.17890495799313
1456	171.76282686042617	175.19636756093047
1457	200.96465009821097	57.448229997508435
1458	96.74571862781612	157.6476925356381
1459	50.53087346625825	91.41522220699441
1460	167.46651948544593	78.98960071220523
1461	48.481421679928154	65.85870379096049
1462	73.5457560550587	152.68405419214196
1463	174.8110722763036	162.28291291086387
1464	101.30227989392382	166.12900255404202
1465	74.04037233172347	32.001015469502256
1466	63.659846801839	-62.82230726384762
1467	43.45083982433548	34.30347036580073
1468	62.52672007645197	62.615454583352076
1469	185.37889846638	90.71110865896075
1470	82.48387806353223	43.362342799884786
1471	69.48317526340718	63.69400749752595
1472	79.91058542753981	14.687897274873045
1473	204.7801519550356	177.2906798803682
1474	71.54258914203406	133.9932541673161
1475	40.78296137877837	23.362416575708615
1476	91.725965230411	57.948671655039284
1477	56.76853292973399	181.72078412396044
1478	71.79344328636566	182.26496762943265
1479	65.03204179195777	50.28860190927504
1480	72.55542495063662	112.05929853202674
1481	82.14197599460377	157.0957324272339
1482	84.53940034372637	83.02076634966059
1483	133.23791569326048	101.19180414462178
1484	72.62540059392771	-228.11346721658714
1485	92.39590948896088	74.32716079460411
1486	148.8108794555057	90.80249018919895
1487	152.29963192054402	72.50616185154134
1488	166.0831735578068	64.61298764218829
1489	106.15708136186427	39.8031518062187
1490	74.1117536983802	61.32464765335238
1491	64.6254206140189	40.85187930390032
1492	45.678008266318336	151.73978364710914
1493	33.67177051525656	153.2762836502866
1494	94.92071748152094	42.156701483253414
1495	47.197193594744256	82.87506821151403
1496	171.62462343156696	49.461352246530026
1497	71.09698214595535	42.30888545934313
1498	68.72647267437205	75.20399544440677
1499	165.0172063436873	80.41067030453125
1500	86.6006107309191	198.07294684275797
1501	57.58191722930383	184.79643113255014
1502	91.30151380837289	189.92876718884906
1503	109.2089712287902	177.89673016493145
1504	99.55155517475342	177.20885460034492
1505	86.85564615213497	47.07015092155079
1506	48.47602260555981	189.87781476589953
1507	30.40959409238055	86.74767895651091
1508	103.38540692432278	36.84506224082416
1509	61.90584693295428	56.26567889979359
1510	106.48037131975028	174.7684333754878
1511	100.19926889577653	193.7772221147325
1512	74.77490220533424	147.29270410539723
1513	38.40239443155917	64.2170884160061
1514	69.63335980599959	165.12901512949387
1515	61.24734012658009	139.84280622512082
1516	117.51912112380394	167.34169038025917
1517	-465.5083785738966	159.5190146414777
1518	134.90164161170028	130.6909233806804
1519	121.05730036825277	155.85232361849455
1520	47.25637434613755	7.500115377674744
1521	69.66806590942396	111.17418499854746
1522	19.12726458544497	122.99731495953966
1523	45.13926911043262	40.18381123142365
1524	132.66145342773248	145.80819701718102
1525	9.989375033069736	132.24830786664683
1526	98.79671418040182	140.20011988704505
1527	28.54198641911306	140.9073722337639
1528	64.96974566400692	24.92676467514424
1529	40.7920454784334	91.71096877773527
1530	175.52178182813816	89.71417708595283
1531	113.55190312382834	133.40675683497392
1532	146.2208361715843	65.54257548921859
1533	49.85294343370196	161.6176397281426
1534	143.39060922937463	46.8899108333703
1535	166.49962449526146	83.27770005314615
1536	81.21202800948976	28.564010998711034
1537	47.81879629531158	88.06758371181738
1538	170.66036804863506	109.958973425159
1539	36.84944865495481	129.56268905039363
1540	83.88974924120647	67.81564203690971
1541	63.415464960383794	146.47307561524957
1542	55.54108044478178	130.73647627984008
1543	157.9034158060012	117.71216489520924
1544	99.51811630951389	70.8555770206041
1545	69.18200017379739	103.05133367721277
1546	165.87994870962228	86.99719905383527
1547	110.57983171729843	145.47433315743208
1548	70.24960412753582	79.06179270158398
1549	116.74922316770622	108.41934897394525
1550	69.16654352508668	197.34344809349025
1551	68.11681487690122	81.37073513914974
1552	67.40123933120378	179.52261607232458
1553	181.40765257452966	122.72198507092054
1554	-464.7885029327486	25.835794798539027
1555	51.635003118497735	71.92813173468701
1556	84.02147281698014	73.76665118926286
1557	46.2434641886502	60.473051694100015
1558	-16.44817097297566	141.12181814719636
1559	47.01671246472891	63.80249143244175
1560	51.762595216266455	130.50452638335338
1561	147.20273484404038	55.13536433484772
1562	114.04645895866899	127.27828986892199
1563	133.85715417127716	73.51574277168655
1564	69.87929374724843	133.18820601395316
1565	115.07029615217161	88.38307191144159
1566	100.53369028252007	213.9671814287551
1567	77.33879429292351	70.1673917145984
1568	93.41748799193479	36.15632672792309
1569	112.10602061248524	165.575042167957
1570	87.36197727338718	174.85121622713726
1571	50.05048553993786	201.97973820340192
1572	84.25313885925713	145.26536285858492
1573	114.28244935184816	157.6969720566903
1574	70.5086879506588	171.19481492972182
1575	76.28295852264223	189.3943136649784
1576	97.22007612647788	170.7266074606224
1577	117.54287161174499	195.13753549538802
1578	75.02947026775493	203.19256725343666
1579	77.98814141510103	59.1963546897543
1580	97.40750719042389	181.44389397929973
1581	111.27712009503145	113.96022398487068
1582	55.96686032116603	183.8427454665732
1583	103.91453673294961	148.5789034033727
1584	99.4000894750151	171.27052462174942
1585	88.24604996450651	228.7580166623872
1586	58.330130607839294	-243.49570578386934
1587	209.55773647303192	204.15648348615719
1588	75.41068404592284	203.93665219378144
1589	128.17885560982552	97.69242151763254
1590	71.86394691147952	180.87699227144287
1591	97.85597207933296	215.40677937880878
1592	1.314647535130021	179.11968882434616
1593	140.69353549942667	63.01865398612758
1594	81.64357445738693	61.820326386340064
1595	94.22326521870193	166.03686473840352
1596	114.01792539161963	173.89906836888855
1597	88.66526749583325	191.76771362184985
1598	85.35091476907319	171.2226233125989
1599	100.87704235373876	76.81922650374796
1600	85.97694122496856	175.83087698920212
1601	52.34508984088914	133.91210616241824
1602	115.09539818839784	195.13010212008902
1603	69.23596293690247	180.6755728840772
1604	70.03890866089759	188.03315046028573
1605	89.79799128778	180.41351692786623
1606	85.52950056963036	172.636781336203
1607	107.80517785184648	-373.501409418675
1608	168.26492763965118	212.10314006314303
1609	130.97800328585373	194.72961679128127
1610	61.56399703745159	190.59901788931202
1611	116.92306070965587	207.55641661491327
1612	-71.22325375491532	156.384675897408
1613	103.41848928490734	166.7775694655495
1614	89.2597992054131	217.36071459698653
1615	109.00340751099023	151.92276990333184
1616	59.01387287120144	203.18195695324658
1617	85.48255202516908	191.78783834667354
1618	72.40783727603312	210.3266175295301
1619	84.37868710128726	93.52993391852483
1620	73.30289786196455	179.8432194025054
1621	67.0801678931684	166.32327266715203
1622	158.79812932349125	132.32548441571754
1623	78.1400185925175	191.58212410677305
1624	76.86338994128855	112.41386854077656
1625	82.35371870473193	217.65212028490788
1626	106.66613379668834	174.39951033109924
1627	76.57844596080112	-461.35304547308465
1628	142.6229064358044	216.65742111160083
1629	96.63125857823397	202.22082245012604
1630	73.96712067655795	193.2005931600189
1631	63.36171028177382	189.53426389644451
1632	67.70700281795101	149.32385847941802
1633	47.860976352734276	174.34846102611309
1634	85.44213726485678	166.25663122112212
1635	98.25997697413267	234.40691247444312
1636	76.2228366255824	171.56994091950887
1637	112.6964311880033	208.08246447863354
1638	-54.51911264798076	195.61707615973194
1639	96.52114534258838	81.49613481811855
1640	89.86918828576847	200.52276384751633
1641	93.68197656771558	75.81299676896786
1642	97.61461365701017	69.42487981919133
1643	98.36980909219591	86.08866687825298
1644	71.81951157345686	94.05317143143148
1645	82.2017701740951	69.89466762318587
1646	96.07274364471733	105.164016970521
1647	84.26568145446181	204.66684751846248
1648	84.68822517853894	140.67576234780344
1649	83.14868566302964	154.06903013036322
1650	74.06297318825749	183.52839740850487
1651	71.49448220134548	163.3261671562909
1652	59.2206708953678	207.61763229050618
1653	78.11360499166216	204.04908978566925
1654	82.0277511991555	149.15962245941154
1655	127.67016044059282	172.44369101043355
1656	109.62153913936858	-32.55524537290188
1657	163.73963990754578	78.9439953365291
1658	76.79371768737596	214.843708546127
1659	123.30641400748881	150.60107302283342
1660	65.68448805705846	183.013137333881
1661	105.14445584113143	153.42960377383923
1662	74.89640623599546	208.02204510681662
1663	82.62825485499178	151.0146750556488
1664	77.56230042158522	153.960752286695
1665	74.49766294300107	199.17639813124904
1666	85.43454121153235	222.57990362727014
1667	70.48919881529645	-60.412533058597674
1668	-61.6111005955984	173.60673182207478
1669	56.461339029024	190.8427748375177
1670	78.54440373349293	197.24639497040522
1671	86.22421148434651	183.14100059338182
1672	186.21777956178792	172.30398458386503
1673	110.70625347770492	162.8790276288548
1674	75.22236806468477	179.56302980493348
1675	54.60678193397683	179.06389295167824
1676	87.01486251908399	169.0606096961483
1677	93.28427091127331	32.79176688955252
1678	76.83935706381752	180.80995754441068
1679	110.62383875303473	165.793161788995
1680	59.516267790668415	174.45882984561513
1681	108.66162055757088	58.45878591713756
1682	100.35814483087333	192.2736870043279
1683	92.81538667576129	189.40106543222913
1684	41.777903871834454	187.4733446368393
1685	86.68687431306383	147.0887974417543
1686	110.07620223157292	201.51405171969697
1687	74.94580912481655	33.068296319226945
1688	115.92802170958102	224.02401406963978
1689	172.31997933001628	157.46102143934124
1690	49.10299213295632	146.3737066016183
1691	-87.70310389140784	142.37602618024098
1692	126.63970858334379	-114.70097883948885
1693	179.08194728596993	69.24442498871635
1694	72.98521014146743	111.73272801562811
1695	120.70732995202901	136.31757262148778
1696	71.16667423916378	-120.80308502652305
1697	128.92125128280531	-32.90160920300876
1698	74.31966335872592	157.82291062520963
1699	80.88724506560892	194.28240851862094
1700	101.63170976518992	167.1858800585003
1701	66.0759358746854	207.27365848924003
1702	162.74597347148637	72.98791318082164
1703	107.414739881514	231.74265982591714
1704	65.64154923225347	78.60677134989479
1705	-46.29454530678619	186.64082437132856
1706	143.39200796428523	103.29254897275447
1707	-28.875201230054856	181.76702865807687
1708	187.65352965786093	206.76834828080507
1709	126.11535318262085	137.52816249029146
1710	123.86546172695604	117.8130996835415
1711	31.05178875351234	180.7167460885634
1712	60.94463214480305	182.79707926523577
1713	146.38854614010364	60.81610227036826
1714	95.68006447760652	46.40339531817351
1715	83.35640241423341	-121.07764767953387
1716	84.76731667655777	205.86332216288412
1717	-43.942942394568334	64.74048312430868
1718	96.67112593400668	-100.27300782390466
1719	55.73300666104493	180.2150424207094
1720	75.88005622193539	37.450477937719604
1721	89.47389442371403	47.67275628184831
1722	211.54100631074522	-60.18858635582816
1723	196.8715902942777	102.35993009494597
1724	106.0330192201307	152.44620713059945
1725	84.05446613398676	170.1497927486792
1726	32.534999924042154	100.55675906016182
1727	201.09187631974152	97.40457832742496
1728	183.25754898164394	59.94895221114769
1729	131.20250839256	47.38223129505447
1730	156.15714141549853	91.57036809346363
1731	113.36719318713932	53.65299281904897
1732	114.45711676969248	66.57941075646606
1733	125.44265953496382	40.95057535079729
1734	155.30605519420732	201.16440793865965
1735	78.28569901856665	101.02121951763317
1736	82.31672087111322	93.89700295245957
1737	-42.26019037877828	213.66633979742994
1738	89.47754339003244	91.0850486358008
1739	148.99834838096322	115.67864388155176
1740	128.9670491803322	143.1824057410176
1741	147.87691181814847	94.0271055753359
1742	135.57638544270608	146.69801284251014
1743	113.19572212460425	-420.9755278711016
1744	160.81627162508454	45.709551045368976
1745	50.431995612731676	146.6862357625879
1746	94.04100293070951	-401.78883638262636
1747	74.51627409405258	104.26599702959268
1748	51.136001386753776	184.88513019051328
1749	171.6202830100023	191.97350935305445
1750	62.778922213106796	171.44130191682956
1751	179.05501767706872	150.38587127431012
1752	67.11755102899721	113.0345348424133
1753	41.89579613536219	184.90171078693265
1754	89.64923070596294	90.75494334639676
1755	92.14602152227285	102.1796051720798
1756	163.53865926832324	47.8861132999757
1757	196.1523583931734	84.63006895867966
1758	65.33511585551311	47.407296101360664
1759	59.67407271830094	80.62312808737698
1760	106.53957851669206	155.3612167025402
1761	59.704388473500444	49.75628579730972
1762	85.5338557920521	54.882220921676556
1763	160.16354654983704	64.31147901943324
1764	205.39066352663238	100.7788274722177
1765	75.63022560891808	5.578122639643078
1766	95.79393368325157	84.90283572433577
1767	51.00715937621524	179.9365218349418
1768	78.3655143760243	54.43350442750916
1769	58.29375367614068	85.32144938262883
1770	77.8620295196798	188.64368585570745
1771	68.94521277323199	26.03618197079837
1772	69.059647927864	206.1248084645542
1773	116.10047335157384	213.68271925978974
1774	179.32641770273625	108.84465000804542
1775	87.10300880655377	152.4404954559448
1776	34.51316057818853	194.9070868833859
1777	174.45016402341616	38.782535067858234
1778	86.41905359255752	150.649301306859
1779	53.206458311143834	67.52146822964193
1780	66.2637504969355	-332.68152223292236
1781	104.11709999953122	94.32176633374617
1782	60.210497279503585	122.54789209469124
1783	54.884004320278784	68.91103791588247
1784	99.76281764216563	92.91265669473128
1785	77.29408081467705	105.6915366232712
1786	79.66480142798989	92.94453937468967
1787	62.784473500434544	196.7277990599316
1788	43.289407061726166	102.54670881146103
1789	165.64161324276256	167.74410381813544
1790	60.859875246491725	179.7672653424039
1791	91.78290640910876	158.28792058602718
1792	46.20469591564679	153.4086564274965
1793	67.87642115264035	71.7503874857966
1794	62.486109252617666	210.21355194347447
1795	80.52596708419439	200.78657646568507
1796	55.85492431026361	85.92667073846263
1797	63.18330368038604	187.075984500306
1798	131.78355496001913	229.1657262443715
1799	27.373548111321963	192.98691903916807
1800	92.53960059778844	-198.94301905558234
1801	56.32325892531753	217.68496567517036
1802	85.57284591323756	174.63824304102894
1803	98.39412970090275	-72.01244830214625
1804	69.61329476989557	199.9697308718617
1805	72.65849417249719	106.92019555283625
1806	55.983706962958	-82.23871592639986
1807	102.58312380447835	235.02907980231413
1808	67.03141834850146	50.35664363309977
1809	110.18093730067567	136.54367381267448
1810	53.957904277892794	105.67096771129565
1811	146.4959072843849	143.6354610775805
1812	114.4551172534826	170.33805156438297
1813	96.38725708775829	113.02508994859905
1814	145.67823520369055	180.34881387502173
1815	172.9000813403568	102.75329138448225
1816	73.434843311777	99.47675870759998
1817	71.42520184105487	185.420700922945
1818	-81.15371791488128	158.472323033484
1819	61.41050506617873	47.86032801259533
1820	99.21847094462535	111.4113856460119
1821	117.16003876809398	-47.7398392774526
1822	114.8574736877132	196.59988671969245
1823	77.76277960732043	219.6613387831712
1824	131.44753495326123	149.34201369541162
1825	112.48386575961528	102.02054064006464
1826	89.6171129715093	79.91528917336473
1827	76.2140611388604	99.34511958886932
1828	75.26148563753459	169.64859611775034
1829	100.82475774605194	218.57836209777503
1830	64.53362573821235	65.5819478793015
1831	85.55832776423014	105.72468267340142
1832	167.7603864422185	106.6511037107058
1833	100.45525326090512	-18.63626379518999
1834	181.9009525837601	164.70907587570184
1835	90.6059765271358	84.36266511067905
1836	167.96396672718834	124.20899737200261
1837	99.39317802639236	80.51568905780299
1838	109.69142151831366	107.5515109818448
1839	-33.727027288219375	135.02669362811076
1840	60.437663185224636	-123.82438677703854
1841	99.6748893686063	122.02048941914803
1842	128.2025371585957	97.69433280934906
1843	82.9897166589966	96.29337466266296
1844	78.03889998821316	98.03771510825467
1845	70.95690455029406	-67.55014507737145
1846	88.96702222565305	99.12876042721726
1847	88.2475426925396	-39.15688672061684
1848	68.75094716612361	207.80214747019733
1849	85.83393100053881	42.83530523287253
1850	135.8772674518849	-40.39269592657714
1851	143.57387869371394	103.02196287400642
1852	132.2380160085636	102.36207381669004
1853	182.2194354814751	79.5386786251267
1854	-17.474918120525658	-527.2394404980131
1855	72.50228992443118	88.98260561108137
1856	192.11361094595946	69.01055826558337
1857	213.05478259811395	39.41078747647839
1858	70.21100485169032	80.70782173428822
1859	117.49068561838756	84.4899800979479
1860	150.71997949673602	160.70216154117554
1861	59.56087863107616	172.13195207383973
1862	194.14380207175682	225.31696361613643
1863	186.1298233528708	48.74654646985242
1864	171.9231427375852	83.89167346889604
1865	106.98780463739874	123.86712595763106
1866	124.09986110124579	-26.84565222512242
1867	100.90168983880949	196.69666581323384
1868	134.0614529340906	229.15380354756832
1869	157.36138690117411	195.069798586846
1870	51.958563849705115	64.34398035095765
1871	136.41439389265705	92.00677267657967
1872	185.18850127475673	111.68816441208222
1873	89.8169614360664	43.8279880335492
1874	99.80484591499918	227.8502589771381
1875	80.69134788081418	112.29516421238326
1876	98.63774117045718	70.61428937341209
1877	103.66319551669264	130.8625294632084
1878	69.8039172309667	184.08017631716623
1879	65.98396784214559	149.30180479528016
1880	104.53707575883598	215.22179006976293
1881	174.91214176097964	188.00655821739082
1882	65.10420744650348	188.56835559094043
1883	201.60064563161683	73.19212235980783
1884	93.1366430663112	155.68644244577817
1885	74.43041194093553	60.78041519562321
1886	14.772949249916564	165.13027740860065
1887	97.84100505251573	213.78522684305472
1888	124.67862811249027	35.96499135196724
1889	219.08397747194658	95.64620255812217
1890	71.48208881315806	81.29325885365692
1891	111.23112944536547	106.61762488650562
1892	142.33788098396803	159.24790088165915
1893	159.19405866582107	118.17716839667295
1894	86.95976491864057	178.83697995383764
1895	-49.419870884263574	58.82501707721678
1896	89.54428099598516	122.10924314045775
1897	183.6913055385405	134.58277358824273
1898	67.49142201097585	95.558838442829
1899	84.32193541587803	101.1984130081685
1900	105.13529942420608	193.1006369191124
1901	170.95491542602252	47.64219894489276
1902	137.61987083751467	197.85948951617888
1903	105.24433754882351	181.3629815988209
1904	60.187831136164036	169.7899917858462
1905	61.95225828663378	188.5420785761366
1906	71.13713200507156	66.7772495645306
1907	170.90029943729706	138.8920049455202
1908	148.73225213909913	105.02866032706166
1909	93.85929846612481	188.67205466145396
1910	104.59096078584572	159.05917289332598
1911	70.30887541891482	206.97541243341323
1912	138.3541606997809	103.84910822107742
1913	131.48363953388005	181.06207389095908
1914	103.81091738535272	79.5844525623807
1915	168.21202115309302	105.1117255947212
1916	187.04352780974435	-93.37275903336075
1917	164.7941882098272	193.2310135651652
1918	69.18683741853502	170.71969287461923
1919	155.03733836422805	39.781703743911315
1920	114.2437181379871	93.70096431755488
1921	107.76233505348719	115.32972163798695
1922	181.32246695838882	166.72716044626844
1923	189.7348036706546	61.013343524881044
1924	144.17355824297138	187.12281515288137
1925	-407.5716576556124	202.97171815674238
1926	135.50820183549314	56.41235491314352
1927	191.59714529516037	211.55469151724057
1928	60.014985998731994	-46.78522198674348
1929	106.06289719240002	115.80788942883456
1930	201.96218653463987	241.32696519099963
1931	136.7463434566994	63.196213387224866
1932	103.9962888984511	208.3179335409872
1933	99.13217437887917	164.68451862323423
1934	59.48080885873314	101.93483551120627
1935	105.42510396035848	228.10934189857218
1936	186.4816524999178	195.9400670879263
1937	191.52279521917558	73.76765692094851
1938	163.345864872191	193.9008160766689
1939	61.67916066727092	83.63032325642808
1940	138.42006691475572	23.508800787657137
1941	104.20913308903391	146.44072515158751
1942	194.01475827283713	151.7517314356037
1943	-10.222990464760343	-239.0855840459298
1944	114.59826622704588	201.4024771861685
1945	-461.86643129819385	157.14161305049797
1946	191.18582315725746	180.43691788359803
1947	128.81706262506106	99.31283543926297
1948	163.97505846279185	107.54393106999032
1949	56.235474282032115	165.7349040727935
1950	179.9728621050596	57.084516670485655
1951	158.2385972578151	138.97606775517812
1952	239.65628564819082	203.41977668354264
1953	221.20203127806684	83.9184043533379
1954	74.88321692669834	109.63851559507668
1955	44.968217870850175	70.08882269390504
1956	95.672143990915	-41.54872209404372
1957	37.4938901086713	-41.97049791028941
1958	115.57647749212678	164.94112252737358
1959	245.40506786300938	163.13993991246235
1960	49.053715485978586	164.46003661819253
1961	93.40945499786642	181.95031366280682
1962	207.71935670355703	165.76180420386783
1963	155.22407640850446	105.59608901998828
1964	233.50412637021006	167.39677934196806
1965	180.05772996403402	100.80560277051686
1966	68.00698613391286	174.22250435298116
1967	103.75278249487354	79.09959078798497
1968	60.978036651371134	124.72434018109877
1969	227.2669419757104	78.92652057999891
1970	195.8080827893147	134.73851897121827
1971	-192.11370239824424	111.23775819642887
1972	82.36353636155975	131.93188875371553
1973	119.4250140787407	93.71407933609461
1974	68.76267877938756	160.75704997660083
1975	180.17850331153147	203.49350692391084
1976	78.34146756699326	78.16083962588006
1977	173.83247318218048	191.34126200717742
1978	186.98543712867988	189.63281414921278
1979	69.53184495751356	206.21415460457774
1980	89.15412940105391	159.18123654969736
1981	71.25183017858807	218.70515997519374
1982	216.94050809718772	69.66884671052257
1983	127.32839000768352	169.32042083968594
1984	49.57809649203247	-581.2350234140474
1985	82.22380410217905	105.2365710345495
1986	91.69619131143794	198.452611867325
1987	18.355991660867083	185.45149187202998
1988	142.94766532739885	-205.59894817813802
1989	87.91416860617021	199.0998456908079
1990	173.51233103485407	73.01700495387766
1991	46.69447322580162	130.30838378436331
1992	98.88187525940376	66.22725337498727
1993	99.17598131442604	145.85513364554893
1994	40.48739896121307	199.40882081199402
1995	97.32073439411654	185.5366173473278
1996	-174.50396408341555	78.41646108927797
1997	175.09304655159224	135.4451339330272
1998	227.2920841534204	217.68569828071617
1999	157.1298674069972	79.79813564781657
2000	41.490125291690326	53.28443794039215
