Environment: LunarLander-v2
Agent: PPO
Experiment: wind_and_turbulence_experiment
Parameter: Wind power = 20, Turbulence power = 2
Time Taken: 3363.9024069309235 seconds
Episodes: 2000 episodes
Max Episodes: 2000 episodes
Reward threshold: None
Episode	Train Reward	Test Reward
1	-242.76076796900043	-449.14017942370555
2	-128.0479179797017	-717.3454148207838
3	-130.37913844499855	-463.8842422112053
4	-275.6406678418539	-533.0232907316256
5	-255.27911118059464	-610.6355028424816
6	-322.7667046328509	-387.6990159820468
7	-439.37745236256245	-682.4531093220809
8	-112.96409264424622	-587.8948353478838
9	-136.33925365506178	-561.2522081929721
10	-348.6078590471011	-1088.3016575886736
11	-489.3262330295339	-465.70361437910157
12	-78.99070536778362	-508.486864943902
13	-701.1558209711077	-779.1912965638838
14	-171.55985684947953	-998.9447296482363
15	-226.29745471013388	-444.9840842984569
16	-175.91637840541404	-615.4098893529149
17	-224.90884420356812	-820.0590891433599
18	-302.3337433442055	-527.5321395009423
19	-239.7305879124833	-351.8374932675598
20	-327.7016203447223	-447.9420248264585
21	-387.9998009998699	-480.6140044896766
22	-81.29685408021689	-795.4860325408016
23	-121.77954586919947	-538.7154262196899
24	-294.7235099395666	-1341.0523846068802
25	-445.9919009082051	-979.0217125094698
26	-86.31198838166438	-475.43193457719434
27	-64.00350925824011	-593.2247757463506
28	-244.90998558729441	-187.5946928824898
29	-87.36744673968352	-231.42790175672286
30	-71.28833075250253	-407.54112920362144
31	-196.45828866052892	-206.30791716575453
32	-182.4134773009176	-909.3124658057973
33	-367.3062495622901	-1093.5205318601306
34	-77.64748665114685	-231.97483550687406
35	-118.27327569595717	-185.93774311956972
36	-129.94098103724014	-75.28616200081537
37	-34.225715099778014	-62.899883656979604
38	-85.93244138766073	-106.7875535343303
39	-182.4128573017868	-423.4144437684233
40	-325.919193305405	-111.79086718808092
41	-506.2969714228293	-376.4807728428239
42	-22.49042499175941	-93.10268386374707
43	-462.3890808234811	-88.50713827587174
44	-166.69160995048367	-110.96502955732387
45	-97.23332150665051	-326.90255332336494
46	-81.97244660341107	-26.279650078957346
47	-78.34164428202561	-554.5932705160158
48	-169.48808664017858	-169.21624016930204
49	-141.73273105987613	-558.0106062737361
50	-44.5133562455397	-175.59938720890557
51	-222.38101103183035	-143.8147017977741
52	-57.48655956996507	-120.65406629120682
53	-61.227779636635056	-294.89794071422955
54	-359.69886272473866	-524.2746316244238
55	-360.20065733654104	-137.46240952813005
56	-96.35168487209647	-176.69006744715995
57	-220.84787852434016	-148.77588038332138
58	-141.0516296323558	-182.65194659561757
59	-488.5811884502161	-133.98909107410122
60	-424.21762899699775	-147.00098270909484
61	-490.832494540154	-741.0191270812969
62	-407.5651516283171	-115.31141871546045
63	-464.2178224117974	-396.18874656644925
64	11.308288943789663	-179.84847939319246
65	-505.7997451186747	-174.69808688848445
66	-118.83993927138037	-189.37158330241408
67	-452.8661060233742	-162.23046972036354
68	-110.73342491193708	-787.1525765553422
69	-72.01745696798412	-374.24565757702504
70	-632.9723785767179	-146.62781107573593
71	-581.1822486550707	-542.4349733260744
72	-524.3748262676626	-129.65402520109572
73	-624.365224161571	-126.10247588178431
74	-144.89712388210813	-82.49562379191424
75	-44.698873390223596	-118.90605001238845
76	-436.8800890269182	-269.1367415295516
77	-190.2070351226958	-783.7583104478356
78	44.22817134632959	-154.28522877452696
79	-452.0880220299532	-713.0681279435612
80	-284.478691226774	-589.6753344430987
81	-429.92575895826036	-686.1080271535424
82	-93.70375753802789	-568.0550845601263
83	-264.6518823351753	-129.36564031608248
84	-170.14545511199958	-80.44880188936757
85	-17.788978532506988	-166.71284673362715
86	-86.76294850950563	-592.7446749479291
87	-32.63319260823516	-53.214553590708036
88	-71.28794362509147	-543.5492441449717
89	-214.5681326064497	-635.9533396513428
90	-85.86116238730193	-225.32954512853908
91	-275.5918032810671	-332.3755708550156
92	-99.88989072330573	-325.45668054224336
93	44.340340016825564	-581.0575913541154
94	-240.4029278874678	-259.10639668157455
95	-204.7728594216568	-707.8310770938239
96	-172.71286810376506	-1724.7576543539337
97	-412.53987543880334	-295.12442980080687
98	-283.7594304192927	-606.574638588168
99	-824.9465409482921	-244.588829014145
100	-802.237605821157	-331.3071357880475
101	-642.2340954039629	-622.3737043028398
102	-211.55053747128227	-168.12703656521904
103	-143.17128343664206	-393.47580659301565
104	-649.7590453048495	-625.6861232866956
105	-480.62418971784837	-885.001035696074
106	65.55586826396572	-403.2021349546128
107	-331.81823405086186	-211.43307311884732
108	-190.38596193631548	-516.4519880316668
109	-34.761419736862436	-266.15038550443256
110	-211.1665488031797	-720.0469070481479
111	-498.9412303454623	-174.93673631376464
112	-38.3817471012309	-488.3854534928053
113	-363.66891339160287	-264.5295785239495
114	89.71171767730596	-482.3903611042933
115	84.00806810339952	-451.97686631056666
116	-313.20566988131304	-432.48342919953114
117	-48.69604861787769	-312.2577168726747
118	-242.05994621964425	-434.7467196235863
119	-36.41249605057926	-388.4780773418857
120	-29.942276968310452	-362.9679828553008
121	-7.7044713159613565	-389.03652511744707
122	-43.909152927523564	-356.89339761280416
123	-199.47363350939537	-311.0577137796832
124	-23.894555791696277	-376.355239871405
125	-100.12441950187298	-414.7006834254911
126	-102.59011917398274	-368.9784897868943
127	-226.25996964452327	-218.28315326799085
128	-216.15880318419457	-436.50561877262805
129	6.024377742263522	-363.9157246618782
130	-50.75527845486167	-346.9466653725606
131	-62.805751957936906	-332.9369840071164
132	62.620389241052564	-282.420401231157
133	-96.24459649232422	-375.72975949205573
134	-26.805955702751504	-327.86617115446643
135	26.443883102573835	-403.3660144141802
136	1.7904546229679852	-442.2411721286485
137	-237.92996674230724	-443.1825288184156
138	-373.2991993251482	-446.98465305361236
139	-6.789680505399588	-438.1890292662054
140	-93.93361088553	-481.70999434381
141	-254.0582379773699	-724.6216673208229
142	-202.76958404500755	-910.9199599994765
143	-176.85329690933077	-630.5601572836512
144	-249.2092192352161	-727.883704529564
145	-434.1213946046754	-493.20847278471183
146	-51.308449475629374	-696.3080990144335
147	-6.163795182454777	-485.6312541668013
148	-25.171065229512493	-697.9832817762226
149	-13.059830260471415	-565.858663494129
150	-24.13072691370438	-757.2302692808215
151	-82.31500238002778	-650.5736391701206
152	-200.33469708901237	-559.0073751467289
153	-110.79598186408901	-722.1974688375411
154	-127.0158310137356	-447.61914276082234
155	-94.14477314489909	-627.3075895684605
156	-49.08390459686602	-495.8351085821956
157	-60.48513635322805	-428.2358332201205
158	-54.63703355714027	-457.53652253890897
159	-84.82202950391734	-396.00305811534486
160	-237.5844358141075	-311.3990008887133
161	-43.911028874478596	-341.4264279596463
162	9.722506477583881	-330.8132170688818
163	-38.03546438902159	-393.2243513252934
164	30.789161429450296	-401.2572731971737
165	-52.45945679823491	-406.8784694957417
166	-43.620663539991526	-386.09848253147396
167	-57.50631987455846	-344.93423582457797
168	50.542159176208145	-255.0615290046684
169	50.21431666830541	-241.66238568630936
170	3.0957626252960466	-235.14385778103065
171	35.247206100601055	-197.17693269680217
172	59.026254313061145	-188.65767249088245
173	42.189856756837656	-232.0726206852352
174	39.00939302542287	-145.90069370861428
175	31.568027117461288	-106.25555721032124
176	98.93522011644876	-49.47353203706587
177	80.61777385516172	-94.32764167543088
178	139.49308309335035	-96.0051596607829
179	127.81447390958473	-32.571678488254136
180	40.3561890406788	-59.649291492225274
181	64.5117830350253	-63.573175962635695
182	103.69094389877316	-41.38083713879793
183	88.71285056052423	-11.82237112616905
184	41.460551622553595	-89.46398541040864
185	44.50562219586416	-118.20366673834123
186	-28.21321254135259	-173.67780027870992
187	102.59161567654525	-195.54961070225275
188	8.348385063030033	-197.58964716769765
189	-46.66208824292616	-304.61330724876615
190	6.0224023029570555	-58.7650619299346
191	97.03257766138711	-144.05885172200914
192	-42.7705245380713	110.27369880174786
193	29.90366467224387	-76.41145264185006
194	-50.81898036299087	-61.40386757457597
195	-27.106329219739735	-103.06352997237565
196	72.5139670970254	18.56344510201538
197	77.37463297371353	-127.2623973533991
198	23.74741951506352	47.294614905529784
199	45.65788413358791	-175.04350013157887
200	40.330138930940876	-143.63759137352858
201	59.05461610606378	-131.65196283918857
202	91.16392528092075	-235.5457634162472
203	-4.865415484113086	-57.05955653876378
204	73.97360232445831	-84.11037570274094
205	-33.74594771815099	-73.46833979860196
206	-38.901084966293624	-139.0425679190159
207	62.92474761827872	-68.92734867355615
208	62.74616399900408	-159.3485259041007
209	41.09334728534917	-287.3714337768073
210	-15.328474255325332	-417.6853931721508
211	65.3632521862935	49.90348171063798
212	-2.4285877531970668	-49.18066478135064
213	-61.18270329704963	-260.63564018378776
214	-25.631821785043783	85.33059904279229
215	12.998649495866076	-74.7721250165548
216	78.37314355218084	-156.6309654204031
217	-86.36501280819789	-110.55733317351431
218	154.63883720571218	-90.48568190164795
219	80.85820960630369	-63.879617922468896
220	83.17127329473054	-54.227133533981416
221	54.26246954298799	-43.74468128927695
222	75.82856115162188	-86.31562153818315
223	25.576687492777378	-69.72492002861621
224	93.32049379479312	22.38266766754618
225	68.56274158542502	-14.20317516120229
226	79.41188617767874	42.33252096496176
227	15.496746357987377	145.83725307601398
228	108.06462790868633	28.943632458983853
229	98.18767843112778	-56.757717844088106
230	80.41024838738423	118.61116124965174
231	18.956378940627474	153.40251752989036
232	187.90497330656308	140.86430047731767
233	118.8317151669388	160.46313164740835
234	-65.09136800039899	136.80422750407604
235	89.71473228256795	-13.002993485563845
236	-70.31271247246525	-59.26636893366679
237	126.03583411455622	-43.92808670146047
238	54.01355726732299	135.00888442273668
239	86.84771827842914	-35.30040074590759
240	108.41761967697275	-27.40998316131626
241	122.65733091602942	-82.43961384528048
242	52.695392172695385	-57.82578819998499
243	129.4677245942296	-15.30705898327547
244	116.12944134811707	-5.250284449745485
245	99.96474574249618	-24.80990679094262
246	94.74322478729626	36.64305701934069
247	99.67938670766158	10.263102920148679
248	117.02603321761264	26.287508652060172
249	88.31056107718028	-44.54326911920273
250	28.526306823262498	45.0655492551314
251	186.30405935162344	26.905334113456686
252	97.04557393210325	0.7693389613970072
253	110.48705292975875	10.985094703763448
254	71.42071531250359	63.337703636213696
255	88.34401649194804	-49.69108274500515
256	-39.83417734410826	26.031822798291525
257	131.41891736471104	37.895208030554954
258	-21.871983845314148	29.266598120886858
259	192.16132033123796	167.95661719973185
260	149.49257074055402	82.88929722341074
261	-1.9606574591108767	4.6509447042112875
262	105.64538766180856	2.268087366920058
263	150.5274639021229	10.332530606015528
264	100.41032108340804	16.251580888046472
265	106.02594877579175	-32.5644989113289
266	98.54807789552915	-26.872674614331213
267	101.75966771848947	-26.942441335400364
268	73.10482085695213	-15.841823425106433
269	62.434680143826704	0.09199002004825935
270	145.0975381223293	-31.024235880538612
271	93.64432142452989	-82.51802477407118
272	64.89284689394869	-66.28669318419581
273	44.23189320205056	-5.477605417162105
274	-35.96168537198527	-19.442742256762994
275	90.92319301460559	-36.86637725198523
276	150.04110915300248	-6.068971622842622
277	157.7384393876854	-88.54388361559961
278	53.516070652197065	-43.47897615513992
279	76.69786276796404	-160.32637274144224
280	55.43652666591374	-161.34198657945367
281	82.82147120096643	-162.37088351531418
282	33.10830405641664	-212.79806597321777
283	13.113309383005754	-279.81219298890153
284	-90.28337642005545	-210.26626988396546
285	-46.559815951200946	-206.01463711758478
286	32.02242175642043	-162.22167454040627
287	11.542851105959771	-169.05324275769968
288	-160.82159126835057	-188.6906047573048
289	-24.208304202703836	-269.43342641608973
290	32.711999981217474	-204.43910217287785
291	5.990955601204464	-68.47732385833467
292	-31.502578014968563	-149.42197201179226
293	30.238717989437195	-92.16876016001244
294	57.47322124228913	-121.37211125405932
295	16.86304138392548	-137.13454833737674
296	26.07586703979307	-150.98935031432345
297	38.82605537815507	-129.09964919116587
298	112.35533901019265	-60.97652275920771
299	34.56434566642642	-22.837205365859674
300	50.673431374708095	-34.900666617860814
301	61.227701296029345	-47.2858378044836
302	92.35017530570695	-55.36789063569286
303	81.22815810650967	-16.04099864826378
304	62.22653461622627	-48.715467511442455
305	74.72964573829994	-67.53993604909785
306	77.75658702998939	-39.69929136278317
307	152.50015933314086	-7.210120150909079
308	85.80873450689691	-30.61236350409795
309	89.95424322103884	-11.81121890427695
310	117.14235800075976	-57.29026213180459
311	47.76272043766441	-32.923667812503126
312	-112.2115366942727	-57.78268135224113
313	102.16120512669478	-92.80184304122861
314	94.80482341018872	-96.85830276622274
315	79.25739585755616	-98.91647665962981
316	150.9828889271202	-26.8553586404103
317	99.60204027488038	-49.73863866298412
318	110.27749700715783	7.094675105081182
319	161.9065607915019	-53.2986063924847
320	77.40391639355593	-23.839894500875634
321	-86.61024492697449	-22.622473147319692
322	65.07489597822277	-53.35433424864727
323	132.8358504483846	-91.4330652621149
324	13.571611402776668	-61.7219756507093
325	97.19143886501638	-63.12376939823137
326	190.46022535940222	-34.351067113963744
327	15.91569661379483	-51.32646774348603
328	45.46678433994084	-61.54139614468111
329	73.03184763721937	-85.65892100311815
330	-82.11196357007113	-103.5454844164899
331	7.539757294714904	-105.39779207073533
332	31.67258856482296	-40.75408269121181
333	81.84946956445843	6.7672553011181025
334	155.14810238307945	9.947041410268081
335	-77.40442655366161	1.0523866477282624
336	-78.40467118918995	10.550732852968803
337	141.38570564921167	168.89985958629345
338	91.54873853912888	13.730103493213132
339	88.5982757926874	63.85619222914217
340	95.94253835835589	-25.99644336197272
341	102.52374793000286	-50.377883007162076
342	30.70158311188014	19.591751025012112
343	21.92115202237102	-10.54762917313006
344	48.52573767261147	-47.37981654086438
345	72.54548721999727	-73.65521359209004
346	82.94589883141775	-14.453127780185197
347	3.957539699595465	-74.8207203694454
348	56.73787645088749	-47.14411654207299
349	64.71525177861739	-38.60476106451051
350	126.80963252935335	-31.721688027057294
351	96.15773392168671	-51.92381339739712
352	93.82532202675509	-58.35375969480486
353	263.2406948450528	-64.84373354704987
354	163.81721445700126	-28.76372944466694
355	67.4622480318268	-103.86839796535686
356	130.1088339080522	-52.75863776246007
357	-20.600012495388786	-70.83131623547668
358	158.3649736494199	-24.567143346280105
359	105.99301410520837	-21.80888451024041
360	47.24551409042648	-102.56374264682024
361	180.4236960033657	-124.95812361434164
362	-19.35965143224633	-129.0789310084613
363	-1.4636080456281764	-103.80760515022853
364	-33.21270339770346	-155.14273080781496
365	-28.703225550362802	-128.4589892451115
366	-83.1353050451292	-211.71456904935815
367	-79.11617430597563	-94.1522134999649
368	-39.9426570294919	-204.37356529773209
369	-89.2043163662481	-162.66730179403356
370	45.905536125656226	-137.63920987344846
371	-63.53625096735936	-168.80310600991237
372	-65.79580070269003	-160.17243721806452
373	-79.15248659593122	-186.67556542421806
374	-66.75243873858476	-147.94558214659756
375	-75.72806153277352	-97.10327152917984
376	-66.83763216600883	-147.46588214747072
377	-17.834880407957634	-65.56645294512467
378	111.72632491161775	-160.75857616971163
379	-74.17510733437723	-131.91813408333851
380	-28.18381330689951	-8.280244283433419
381	0.19740069709467756	-94.85015023256685
382	-59.98147240042671	-30.368478333153295
383	-51.297376808772356	-67.53555494668075
384	41.04373997462004	-70.04436812066875
385	-98.71409323951347	-136.5129506356294
386	-25.857688111937765	-164.6822629257634
387	-56.41610503520579	-151.76261934506186
388	35.239406714964446	-108.00965109417342
389	85.1486134844776	-35.00192025151327
390	0.22185810179150178	-97.17008587376456
391	-37.853333145504216	-150.70329689510228
392	-40.024633513896646	-130.97769587874484
393	12.349844558965044	-97.1727115281846
394	48.77037635300023	-116.865053856183
395	-31.965606204019696	-152.36942133321853
396	-14.410126076859472	-119.4167139365488
397	64.138337700799	-49.292499348751555
398	-49.426572770923066	-139.94466467420384
399	-3.957416401199078	19.376080382627556
400	56.62990477278727	-94.06349347093054
401	105.59504755107872	-86.9138262494672
402	-5.389440484013289	-90.53122389805338
403	14.624214204257354	-134.5224448859824
404	-18.285938958880802	-65.74902549584597
405	49.9791209453292	-91.75160950630115
406	-33.412955169174296	-60.90963300092927
407	-28.61678662410521	-71.42366338709851
408	31.67404932227616	-66.19416442690557
409	75.08978313294885	-57.903545959520365
410	185.70184518612734	31.573273721534747
411	28.29988156836152	-22.560340670336515
412	21.902617784802274	-10.333055894949803
413	-131.1668670956569	-42.175373120287816
414	54.706180410640115	-48.32960244146957
415	47.83047027128262	-38.771596860108644
416	-13.07564275247761	-53.83588153793297
417	12.384231224779121	9.417690423560835
418	55.86721438017969	-69.67629250405558
419	154.5803818540314	-49.09484937954659
420	95.49812649396593	20.881008114527397
421	109.19668857162698	1.3706619640418078
422	148.5265950383017	10.445179839273548
423	79.48081261800921	68.28902985500456
424	72.44175754531099	-23.812347152448037
425	42.61190203054559	-7.6994387043214045
426	35.153156958433605	-60.654635108404776
427	71.01490464484598	-66.62627252906893
428	-65.09793578246914	-61.26210267865372
429	30.818538558753282	9.077718918210683
430	29.827261115424953	-27.708513050232597
431	90.03251358580927	41.78034629504786
432	180.212629917242	-13.465414553979748
433	81.1398545331958	132.7218733098685
434	69.16334929962973	-35.07961459331036
435	112.28243471193477	-3.880662089802064
436	102.97104907798533	7.96874801786218
437	-23.105418928023113	11.96709214369869
438	-68.19136682006699	148.4806373981549
439	-31.68694335570993	-60.210394195717335
440	-19.420206019994538	36.55395410843913
441	43.08910692783407	29.400372480690933
442	59.595783864215115	26.58505663447311
443	77.89300308981721	-11.747959225140939
444	105.78020869233518	-33.55596689067887
445	97.95413979524578	-5.784450199564256
446	58.16062614926988	39.36302055611259
447	81.31768920473769	-23.41074404055925
448	73.88355512995497	7.2152678569751405
449	66.62104292895728	54.33154568639711
450	66.86754803415833	46.52399009461836
451	101.36645128947404	3.766873982765826
452	69.92411449866051	6.448555100685887
453	106.60662093638642	-18.802187734276213
454	83.54860859346945	52.01377775279868
455	129.48181318240216	139.82575452334657
456	-59.14003619324117	107.34293601045685
457	71.19311215408645	51.96267402622278
458	137.7448840879314	44.25866458918584
459	130.7033582646551	150.26908261935813
460	-106.3420744357952	67.01353713709551
461	143.37309266184104	129.87888522691452
462	205.6307382853479	3.2337637327975304
463	28.084493292034075	-0.8325740788913183
464	141.23750325538984	-100.85450494084265
465	-82.31370706554327	-23.20331514478651
466	-54.72688480136577	-36.38903998348303
467	13.393279896328796	4.077819150380726
468	20.070376036351167	-63.62686645574083
469	94.21004755322593	-84.10945330587661
470	36.41627709519436	-52.95814837179055
471	78.66188847891281	-63.84444625209741
472	40.7867185977266	-40.14299360141352
473	64.91626316656311	-60.13944638748167
474	32.85745683577565	-65.72907916465908
475	152.82837192052716	-53.39500696271088
476	-67.90224909697686	-25.907836252860275
477	71.08064224096037	-30.376322393151362
478	174.56097157433499	48.217199479877465
479	134.1586760297959	-4.111521649827328
480	-113.8980658619918	-23.994577553514766
481	112.21252748323958	-43.47811195095418
482	87.75527941060454	-36.30277367467823
483	-101.7985219515141	-146.41411878352685
484	-82.1538485652954	-39.72189200264586
485	110.15791621960574	-44.90967733336119
486	120.82925347817189	-57.2462774878379
487	-114.52908525221503	-69.59969838442544
488	28.25732388410014	-46.144303038244594
489	89.12648262290978	-26.323408380443723
490	18.18561938482177	-76.43504167000378
491	23.09622308567758	-37.59015233121776
492	43.78891121036193	-40.79469313123941
493	158.57760744472216	-24.364433201893284
494	142.09855313433098	91.75277525316173
495	25.40656371701796	5.726697778262042
496	75.1340300876156	-105.29065968960174
497	-82.2730154700365	-190.81599156879355
498	123.47985918710731	11.229803410489948
499	11.100562405885153	-44.55192494757577
500	158.26460062472395	23.971813528291065
501	122.98004327356492	-55.58502359916222
502	155.2285940638484	-47.75955141070164
503	-122.4433446877934	-18.73131815648566
504	100.99960992423092	11.210516561744404
505	99.90331047012712	12.809611305322512
506	-66.07141712259295	-50.79159067470974
507	38.45256501200999	-68.56291652324298
508	162.61808717913976	-56.83860177356107
509	113.98004138379854	44.07581953223473
510	36.83054667355834	60.86077342882522
511	33.690342243759325	-24.520490380029635
512	45.429023255947	-39.41075544450245
513	49.35079258402707	-7.034064528677143
514	165.31551858055104	-12.192509102968549
515	173.2263704689398	-20.765656127127777
516	65.62854156646306	-15.416543424117975
517	105.54863150893308	-167.74046713894674
518	86.52559014835134	19.82295305511781
519	157.90141449705362	147.44088444474735
520	27.25926756619057	72.69369867675049
521	157.65348297176877	45.91255238063484
522	-50.862077822529145	111.42628123370325
523	35.836755774582016	63.954482388832034
524	-30.341156712498133	79.4592261234414
525	-79.12863836968485	27.307795596472307
526	-70.03285166549368	-115.89027254439014
527	-102.31703184994444	-26.90433870090081
528	44.48328872322981	112.08397609605987
529	152.1221376247137	-23.748329400040088
530	-20.6985613959354	-106.92457212476612
531	188.81603973853566	-36.501739943415
532	130.96679971792946	-131.51837864890905
533	123.46235383227157	-23.580995175400908
534	28.00694802507931	-45.89055961276368
535	91.17003985002094	-116.63763591298651
536	113.09887473553655	-59.894707771803766
537	-76.8082578188151	-40.883787874109714
538	194.37155275624292	-84.24232835807001
539	173.0825331621003	-22.6564896723866
540	21.628461586825367	-54.003356262046495
541	17.51180663489812	-32.10999462237811
542	4.777538383418752	-39.20422688487554
543	82.86364080868064	108.57159710346073
544	139.9142002893713	-22.913065118622953
545	174.89934834046676	113.57466819667502
546	136.2306914350596	-36.32216415705657
547	65.62725019097131	-31.5362702895196
548	93.33469594876031	-22.818808123820155
549	-78.60147614153396	-33.947935931804615
550	127.99021092974326	41.56374119681497
551	-113.53973889079141	-45.28745292707301
552	75.35354207813661	-61.96041939795364
553	73.92042574788294	-89.00594267060667
554	-12.487273974980885	-100.01396480077864
555	55.77251121749616	-55.81606384581014
556	121.1662825977426	-77.21184629166169
557	-0.49267501014613124	-52.58751477691834
558	30.247453000820986	-54.48149893768662
559	48.960420494638434	-86.13862716408806
560	111.57856193664448	-57.71435746094453
561	71.49079668811783	-108.0462140245477
562	168.18097795480244	-73.12422488534735
563	-4.721994163349878	-98.60250337609253
564	158.7148968957028	-62.31276510874167
565	43.055048441991794	-128.37864459463142
566	158.10584460196839	-17.71345583871153
567	21.142230434544732	-50.53439233708507
568	172.03488548127245	0.009875971326125832
569	103.05749731841512	-53.28148649905815
570	20.70879815502489	-76.80305094588499
571	118.52370551071854	-66.1191563057596
572	60.488381153121956	1.144076336554574
573	102.98808419234994	-96.45149288487242
574	74.64884331975398	-56.31940343193529
575	-9.150287569570152	-96.85598411933567
576	58.196849626405395	-99.75015521988396
577	44.81520937103463	-32.93410082375844
578	82.98319592385141	-57.620779997140076
579	86.96297257710503	31.539416609415394
580	86.69784430840384	-65.20604270168865
581	29.304150160178846	-42.09106730907534
582	75.31943143831523	-69.3964673343953
583	10.085162397627768	-87.42472755614942
584	96.79434457895057	-53.702901681426304
585	60.41019493588413	-76.28928612107639
586	68.64932549556839	-50.31097078575908
587	90.37768756439185	-71.23710956834701
588	58.31212007107773	-33.32892312572686
589	51.745807255045094	-20.378213947910936
590	85.65423947394657	-62.99746719485682
591	54.765740753565225	-32.015220010244164
592	52.897604187195164	8.651716822167703
593	126.73690215964683	33.936152917391
594	57.531201393117236	-45.35051950065573
595	114.59748515736531	9.168182193631225
596	54.21470452288359	27.034876831773943
597	168.65921921267875	199.63961531446682
598	71.16052559810548	-3.5716841659737177
599	-51.435221408257604	21.662596725673986
600	142.21458806542063	-9.39240694286022
601	179.50732866792993	53.1997612054687
602	207.12019787418603	0.794607372069976
603	142.36140449322394	-2.239623201926504
604	149.97854202476037	-6.360825873127131
605	49.111696894883124	-17.523637669112173
606	69.85265913824988	41.127681953230656
607	70.87235998267869	-1.2144413199561321
608	142.00689172757248	15.699254383634253
609	56.16645817926943	6.684289506533172
610	198.15500020910684	74.37503574086566
611	46.17191346482032	32.92929236838877
612	94.1078316121078	47.62760133731289
613	76.15336190403174	-12.802526603955064
614	46.601645891707975	-3.196618700427984
615	109.33059766886443	59.033221324656
616	55.168508462658195	29.5100062930054
617	95.22252271793755	47.52995301968686
618	68.56420361654344	3.151386406316645
619	54.65165135595644	27.867341398336023
620	58.73656904846734	82.30216960426475
621	56.19589283643009	9.260288345955626
622	84.98141837282246	158.80356591340245
623	124.64586016640588	42.846858713554276
624	73.3404902032899	12.103816533968986
625	111.77226845786538	82.21881110442108
626	124.20892847720962	118.44209281478507
627	85.45304618915539	35.848571984589924
628	82.89960758832723	152.04860756792007
629	65.6906787660073	-2.926181521974195
630	208.14085477404186	-4.320039921089988
631	87.11741796762341	93.92123756375389
632	55.72543596667711	76.27694491488843
633	43.8311623479927	30.48531381948314
634	109.75649637479957	30.27050003935552
635	83.65439707924413	102.86077977376719
636	56.80080565299728	164.05544985343124
637	164.22878060695376	120.29841492133795
638	141.124114839186	124.62522177256847
639	98.04349748544551	-59.91981373396813
640	120.39820397210134	203.55900465528543
641	76.69613588917292	110.045383761097
642	125.08709151367528	49.203303609688376
643	146.58663439866558	92.05975931809571
644	202.63982238800702	2.414909437050703
645	205.7125046132853	151.50316262168343
646	43.52695968203769	29.90021154956555
647	93.33941839200739	129.53853755893473
648	173.41427383179368	-13.516089076898162
649	99.40349306856943	-122.80082652427978
650	54.89598473679248	83.70161522438379
651	61.20025421029975	130.65162331643342
652	72.95789669695836	103.41482396733187
653	68.40488630596064	-84.31481636811345
654	168.1938378745219	135.83158045043712
655	141.31746250012353	109.29881907573997
656	198.4664325111181	144.8135682120234
657	151.70630429543007	98.59697230229642
658	164.01786958443253	77.26897081403065
659	35.183317199219225	50.30273553531562
660	83.04659105974426	79.93285091068279
661	66.8007377998495	53.36881027645798
662	55.582561560490554	54.50012566672225
663	59.0796013508195	84.39857211612579
664	124.29661217955662	24.769745956059957
665	52.353576384394216	52.687742592372665
666	50.98634088510084	0.9924735871702173
667	38.49336859672058	76.33936531627037
668	61.53051108504455	94.74935790835964
669	51.067285041735005	133.82172992058307
670	152.05363439435237	5.685027037207647
671	58.84495670792671	83.14516732711418
672	126.19829622953422	148.59662756973592
673	142.77934490007976	47.45838211567396
674	109.82368119115411	25.100542908009412
675	152.04446221492523	38.62963580329563
676	114.92203926952048	141.13475913786684
677	198.73379606498418	69.92848736112073
678	64.34040396432637	36.322209852362356
679	42.9236805971879	-3.0574649525347946
680	91.30581319137877	16.57757100530455
681	67.98962692623245	21.505068280466034
682	141.45440181085326	172.09851790299447
683	32.609558335121896	29.76589234582207
684	38.58138531112326	32.31619541623234
685	43.83079802087362	-6.173314186627075
686	146.31147295339747	12.057305587939064
687	56.865827673300444	-37.68420275705414
688	23.848553661909783	-30.118851103734183
689	73.2299016772012	-93.38655914192562
690	56.17008580430595	153.63415942192927
691	-126.0607662828323	-59.885779135941604
692	33.26299796350154	103.93436137808165
693	66.32723966597227	26.427741943527305
694	36.339103756401656	-13.872689416211173
695	41.80769496162186	0.6586961810909495
696	17.94734184284716	-37.361586044449226
697	99.49331947680632	-11.736345675347119
698	65.34844086614595	-4.823184431154707
699	52.84523403856421	7.979624412951068
700	176.7532279530945	-32.92711296701522
701	78.94724877618248	9.943086559076262
702	22.353691729826995	86.3010096286897
703	48.672373209705995	15.864576426385572
704	78.10108855382586	72.90622461624545
705	120.42902793217786	19.639403787899106
706	-161.98166208769186	174.51805522476155
707	116.51271448334538	-14.784081908720816
708	203.61262736801223	-30.8490602538654
709	59.82787421132916	-47.099522738652375
710	-85.52652991040205	4.090071668021624
711	-47.43461224969863	-47.357929157122506
712	4.4910885108309255	-43.811537782081516
713	87.0756125952062	-40.914239291676374
714	182.89582537363023	-37.119725285081266
715	-17.804997381769965	-39.34638968501508
716	137.0944340137767	2.5127015479049692
717	-113.65280261305756	3.872110144548095
718	58.89445928743132	-27.356702261450756
719	152.8428304276166	106.11133699407705
720	-27.41764130213914	-21.664481793555932
721	26.49432154573358	-5.223718903549754
722	9.784780095375135	-13.67982955576031
723	-14.142996936552597	-70.42761994911645
724	176.36455368560036	4.44429101720961
725	-7.794095930901686	-52.28116437983879
726	63.15663830343691	-57.30873184161704
727	53.142442210256334	-25.068467258871063
728	61.02462669574546	-18.00975531697612
729	9.689631962622789	-31.020520447295883
730	91.46749346120993	-40.02821960553726
731	21.074903303604646	17.13617491835177
732	148.55716691962678	5.744299476602409
733	-8.047160557595992	-1.9372517625131527
734	39.9192321978784	-62.141354178864695
735	16.22463743551961	3.4021830878502577
736	33.60090963197074	-59.687113152824985
737	158.27025777509576	-14.441101674649838
738	-39.88025466353998	-136.76501662518496
739	78.50633818011504	-37.40597580432062
740	145.9029479407053	20.684736738688148
741	42.24534556744443	24.39460673567727
742	61.60952794341392	60.92137992800537
743	20.552739313415852	53.52329977321558
744	196.44192302973198	54.98942076643719
745	2.2348972125735607	-155.8236217782033
746	31.272524403204528	105.33306272709001
747	171.81281771234586	105.68611085012527
748	144.8304022897767	90.31217551126905
749	-104.00179749775954	93.00312074103766
750	88.79665146105113	-30.85874150500777
751	-153.26824460134327	36.09739458148022
752	127.34829387394508	-139.96381987421321
753	23.350348209428716	128.89420998294122
754	19.529559469372124	12.932581292727496
755	22.60476205439064	103.34434452628548
756	118.99679891072212	94.64276148572188
757	154.17486392820334	22.1610648610037
758	144.17565137067288	162.1324021264936
759	33.43479866761498	155.07993568659802
760	154.41326754211752	25.91015330364998
761	55.85760938402557	0.24203651448938168
762	41.429242474639665	-25.860409010061332
763	63.744007419720305	141.50046979987744
764	203.99409971761688	171.88892640627586
765	-37.62836241979571	-14.124916106939207
766	162.76474697572155	108.692051516698
767	144.03867905667556	2.224150106657124
768	74.07918536235836	32.4674256123457
769	52.614255633174835	-28.826409814315266
770	-95.14174085937736	-46.36337306100363
771	57.44753859981106	-65.45924851164335
772	32.53282152901196	-112.35897397728601
773	2.8127468889495155	52.7143306482395
774	8.030319265562355	69.36857458193572
775	34.2341272967274	36.79851509661287
776	23.862710907214773	146.3010687514503
777	-124.72072542129115	-81.29758615804224
778	-21.093137734433803	-84.15939574137688
779	12.65120413146641	-60.833528221014035
780	49.20906340132573	-65.32581316668151
781	56.58474485603927	-14.831830488440925
782	36.89114298988288	115.1657952044196
783	71.44412188236821	16.15398429537674
784	81.85905512040688	-25.638487794499756
785	86.74702804998921	78.23595401458671
786	47.05281339423575	27.144975278213444
787	46.09384616521486	41.37205881539217
788	66.65154848200368	72.42035786876873
789	40.9240259891005	168.33331886582107
790	29.929662589784286	27.926622051102186
791	55.29775816954632	41.41408252999449
792	-82.50674947211664	81.31702314800411
793	57.66644861309472	12.676997558031378
794	49.212125601932094	45.11588067792759
795	49.77046157886234	77.39264721107146
796	88.63117487068308	38.26169175100739
797	44.46329809946511	112.60939964390438
798	156.7509034441152	149.30055482226138
799	58.67269351991513	18.86216388787317
800	97.33501487362673	157.39104210619698
801	166.97813295391933	61.124707860139765
802	39.0383072018706	26.957378072294283
803	107.96883753868488	114.0501695321801
804	61.844158482559486	31.179881946665915
805	70.84575819074	34.83391335274906
806	66.70172637489785	76.47821355278401
807	69.65161167767202	18.39228503097312
808	153.40218591239946	28.227415029513825
809	89.12102618153365	37.33514982690013
810	72.94487640260846	8.00089422555474
811	60.760383005367615	151.7272137368425
812	53.646071733601175	66.27573633966188
813	207.98086529242576	198.5113515892001
814	65.672525274419	62.25571607068803
815	84.02148857462029	23.233918841355923
816	51.975767013616384	11.868744236186677
817	60.19605591620499	11.451374820493845
818	65.23272008976039	42.569486626973045
819	-66.33223825105645	15.02401600472884
820	-71.46785156320676	-62.36078674257695
821	103.6809534004236	118.98747309258542
822	67.23513505576227	-0.9823150748325022
823	13.141613997025065	15.930609129010358
824	134.6276771681172	139.04387296962577
825	48.359808481713486	-114.27432191905487
826	55.93416366971347	175.22481362353125
827	155.52549811646116	48.810827896043406
828	-62.75340022215399	84.22759166752596
829	105.02847858921653	60.57102316403096
830	87.76819141775411	53.56451501207338
831	182.0172545228682	134.63619266254776
832	77.35208672218963	173.75005151292692
833	99.24885042853494	87.71860442946213
834	49.99660872462572	-101.83957002531481
835	73.05264459596565	46.683124057267904
836	58.1012129605711	-66.07106982235861
837	91.12154805882395	170.54175700145373
838	70.21035808709448	45.367150525243765
839	54.94672639695671	30.750456879601828
840	62.63940268372614	127.51069981064092
841	110.78860525636979	28.879222216510218
842	65.19640039213645	22.91971101100202
843	75.44320097067082	20.932247874743638
844	77.48155379781325	103.74241437247295
845	44.24281646460535	73.88765819064974
846	86.6618511242517	-101.21576730889915
847	66.5410456557951	110.23306854961764
848	103.93325100602908	-94.9838028217008
849	94.87199964668251	-82.618340897411
850	130.49709298211226	77.4523808234286
851	119.57905102127775	30.11774353280787
852	67.29182302265815	-43.83891730680655
853	-67.05823037782223	66.05477423559114
854	-51.35195078834862	77.2987373400249
855	87.76148958015688	61.711712398556756
856	-38.238580435260275	143.0588524216513
857	197.13317353834736	-98.31667073863997
858	73.72963426917842	72.30080189493934
859	70.86045290247499	59.04689039363515
860	87.76923797671387	133.55070159636676
861	136.60877529302397	-22.49313062084279
862	38.059547448342315	-94.17174834508081
863	110.77537850905338	177.3691889140132
864	159.0817524566309	201.29695235014168
865	190.2348705566749	37.63679403437612
866	-145.41477076980613	177.5041462272427
867	124.22137605947779	66.85317765896902
868	198.42895559345254	92.68992837690163
869	43.98877735352528	-103.14145063471852
870	-45.40973265871243	82.13464744468087
871	84.34296228034984	159.6632299022096
872	127.91565630949898	129.03229991166245
873	-37.36431737154404	79.43229609532035
874	66.9499896324214	88.19696666553104
875	45.410897461996186	222.01038636384482
876	141.34662288100472	62.649931189814424
877	144.81502902008071	57.106088453338124
878	-105.50730208933888	155.12982487589537
879	-74.22902953589349	-65.37832988288989
880	64.67906574785978	-90.2234932803058
881	94.83397562500697	67.16308572456123
882	95.14870720737458	153.02048472156724
883	-81.35991966381744	48.04839717697606
884	140.7142758630201	90.68052777410254
885	103.606959417332	158.68697760730055
886	170.17636875757083	-140.20620443064203
887	93.08896009043758	-6.429093423501377
888	-98.24703756293827	137.3693278814118
889	109.04874311712418	46.851438419582486
890	31.241320759061153	88.14974312821352
891	-36.16645473609502	76.3269982188181
892	90.03768151557735	46.38141535186083
893	95.14306040457761	47.802722162537314
894	48.419189172543106	52.82479685923499
895	33.29491566884857	23.443910981711653
896	25.889176191742386	64.70350302310503
897	85.08529527847419	29.99160281346238
898	87.29902355369165	116.44360474569147
899	154.352061753603	70.63940359101915
900	40.21358143795819	2.423887812291192
901	64.89547434769057	66.49931719646928
902	70.17975401254532	47.72739077813046
903	97.22312039694894	78.03633851968692
904	115.52069371501952	12.786670253182155
905	30.354253848772373	96.38707737454315
906	-56.9254472059805	102.9215759656827
907	102.50425334055052	35.290899372632346
908	97.61520285042586	72.63861330325626
909	78.55092889726082	31.979652994054813
910	49.185040724519176	65.4297584009144
911	97.18950085755256	46.17974017854577
912	84.99336411188335	54.668945749543816
913	64.44203371009945	68.36213268737856
914	41.82230826405492	94.05768729069892
915	84.03530229887545	55.45860234638948
916	-161.97236704531372	108.62552876714442
917	54.27654513508071	94.72366698725273
918	109.37531753756977	132.81673304969576
919	39.59436192606474	42.581204158431504
920	79.48793632674167	103.71374923826244
921	81.95299491032938	80.22577033051212
922	51.224885397943304	129.134661753052
923	118.33927541494734	120.17094972712474
924	-29.895942057681296	188.66652158045278
925	6.749703748577204	142.6801931172502
926	77.56216299233003	134.24513173338383
927	73.43233016997875	112.45973162681021
928	77.71619601298865	126.05511309183593
929	48.03445459301092	34.874763567008834
930	144.11774168295318	54.06481404597097
931	100.32451889883735	162.229665386902
932	39.6463865867541	85.21456449190295
933	155.39970317982392	-33.45041109747804
934	68.08279662766824	86.38860060701789
935	28.951828991166767	185.52009289697926
936	88.68786115058573	22.319556472968713
937	33.99787867540973	75.74071838253451
938	66.7542129809658	85.42321363535173
939	77.51670797937824	80.25667124523932
940	78.27728709195074	85.54463597019137
941	148.89160736812295	126.70918630415977
942	149.639887246162	147.08969686019591
943	-70.74347861035972	198.02428124435545
944	112.321940576435	53.03074789281013
945	58.55347821335603	160.1066729151661
946	172.35821594768868	135.43999620031252
947	173.55539658058694	-59.30678451297196
948	101.46321851488389	137.86213750391926
949	34.618119145465336	79.38630937569029
950	44.650170080124305	97.10146180149667
951	111.19922031728699	76.20228051619586
952	74.59363088239986	155.39517411265786
953	181.29385799024868	-113.35322380647789
954	151.4969769832735	107.0538805934297
955	70.01270712329921	93.98035140825203
956	98.2115575375974	-119.3117531262376
957	191.78424571258094	109.58281293095266
958	122.94181117722997	123.18173208334647
959	65.72888043684902	171.2782531019402
960	51.8249118887138	181.82429849642983
961	225.65769526487455	73.05151129812303
962	-93.2795659696271	165.71003640174627
963	120.01164893541895	81.21216215332919
964	80.13498655738618	152.88348332201915
965	122.77642305134638	160.55869113844832
966	71.73365872595181	-134.90770286061672
967	156.96505252129867	141.70430581686998
968	96.77538977722809	110.89897063975518
969	50.77151493257345	133.4661863401945
970	64.47260723688319	58.93252004981304
971	126.0624878321229	162.58235405339497
972	172.876981318844	155.2957183398079
973	136.36877883380825	36.60569185020863
974	-63.130542813376195	188.3495153484646
975	-73.11635596540324	197.30765772742257
976	-71.82300372647813	117.36147751233801
977	106.92712839793035	170.41852884523357
978	-44.54545687451839	18.62842486506306
979	37.18861106844126	162.11942955642616
980	109.23569525460374	53.66447586442311
981	151.1463740386549	44.297254105867985
982	193.69420708342665	85.6173793099402
983	78.05489744752039	62.178295271945295
984	37.58738217725507	84.2159302440286
985	-96.24059175054327	202.0055142285541
986	-68.58933486187294	90.1525202253289
987	121.78000384240855	51.39090766492578
988	190.34011813105448	-29.282676060610015
989	79.62290807877405	92.46334779351164
990	142.62716150255432	84.5860299306348
991	67.95033437457371	62.63765193285591
992	77.41543493960087	100.76662143734542
993	104.67065512834034	45.138998438551724
994	74.52045349298683	185.57031949425556
995	65.2768780980685	101.75869258831449
996	51.3823892696568	88.01081428984915
997	70.1008928226778	89.15167524440098
998	60.1999423999307	52.53204260774085
999	179.20317933879915	83.45417915991422
1000	34.41814146416553	23.242783443414964
1001	70.37896891660655	80.6268316171657
1002	49.187619561032626	92.88266313113746
1003	89.16787432405485	72.55967611214511
1004	90.94752405661036	56.3826658909698
1005	91.59862930063935	53.28210386758243
1006	46.20021127140566	44.79255593691185
1007	78.51644408965984	48.89794717942836
1008	190.2910906450429	61.531028808082844
1009	71.70040751400083	155.7450624268615
1010	91.64489669496183	40.217377123802635
1011	45.64733188976949	71.44406010253013
1012	52.28501578299524	75.95899582385621
1013	64.37656261215021	-70.89965777999109
1014	111.03731876079104	222.96210074680977
1015	56.686589138586804	-63.80045654082089
1016	180.8572355842729	49.58595543847095
1017	202.45617780812967	80.94990034766543
1018	64.3937429826489	73.4410009086463
1019	104.04781037021776	175.018318423558
1020	82.78325612075625	98.91161856698224
1021	70.29324631301519	95.13844840091464
1022	78.66782173534196	194.90824575758126
1023	102.65858914175699	60.988612483194416
1024	119.75651266082102	76.292852239161
1025	36.5368512280633	80.34153421911799
1026	79.01787689449031	51.2538409900644
1027	-13.80602474650145	57.784719761150356
1028	103.30264660940131	195.19879943436766
1029	74.1623001580806	102.7785822519902
1030	77.1023883844058	67.7548392270152
1031	-63.08576872237763	106.7592517696397
1032	120.92894734175813	-57.426666584234624
1033	-60.77331610428252	166.10254202971475
1034	63.149796334895285	209.20500186521213
1035	167.98332769863148	153.29466364571402
1036	103.36835975432074	111.3764900069006
1037	73.45779750176428	197.90838368169278
1038	94.64880593387052	116.01500668286724
1039	188.759804036476	69.371386673988
1040	114.46212268525643	103.28880724381858
1041	102.70105440626122	137.5132779703655
1042	117.32643689213009	46.915461545199456
1043	99.30618166671924	196.92958396939105
1044	69.57858559087693	209.7750654420225
1045	80.87974819887259	179.13885477215814
1046	54.75218787163932	162.43637465413218
1047	82.58500252129167	216.2357914001491
1048	85.53263151873838	162.14875565128236
1049	145.7177992717091	165.27701774479956
1050	82.66833979433912	172.59272115380708
1051	68.20812725514799	202.05942423727717
1052	150.7033743646428	185.82263051665618
1053	77.45457031543934	225.76842318361383
1054	68.72437721361062	186.7128102602561
1055	179.71731393108973	51.40886050023859
1056	122.1690407014035	226.0022388230128
1057	77.52215689013899	139.07729989693863
1058	86.14431189056964	195.8068030548245
1059	111.29772432911469	163.00198371511118
1060	67.6435439327135	201.22688035355213
1061	104.63830694816758	46.43486705568439
1062	94.42176501217678	128.41113330625032
1063	88.76167703243372	-31.923877713972047
1064	88.46487013616002	54.605033466672694
1065	97.18613282931368	143.84714626219693
1066	66.02165676496939	157.0738108461551
1067	166.33832439266743	42.736266257909165
1068	58.9161439620557	138.4243838580233
1069	-106.0053076757085	115.97620591134246
1070	143.70173618483457	130.2054817936506
1071	-111.7764585574484	72.3623924991322
1072	59.65384029193196	92.70713902631674
1073	81.65457497899476	110.33131603210401
1074	157.79641012881626	156.96604195697756
1075	132.72604707469122	181.6467045917245
1076	29.95717447327071	-65.05326884268108
1077	85.20836315505382	163.35711204999558
1078	115.83324593844122	185.21556070212878
1079	163.82978203376672	-102.20386656818224
1080	54.25990542749648	153.4272007003419
1081	77.79399278534197	139.9570757074095
1082	26.321289766846668	127.15031590404425
1083	140.40913397049854	145.13342540714075
1084	144.6590442796717	112.04071212630214
1085	90.25506379715254	114.60273372348817
1086	81.2691910272083	159.56810403108432
1087	36.68212460576547	-80.03454726524336
1088	-66.89977465811369	143.01409580657784
1089	61.353836649179165	138.8648896723751
1090	45.088464501162356	163.81681830420803
1091	35.45573694111007	88.5337100647833
1092	42.05312335939104	-99.11257514974056
1093	55.13329589124893	24.793978387251176
1094	84.30737692126456	177.31686707278703
1095	56.141998380857764	198.25138639830297
1096	121.60393958578419	193.46180902716142
1097	149.70275657249834	84.29793790770847
1098	60.267910536894234	29.43129688957507
1099	18.12970654047025	116.72055818491184
1100	16.97264184230503	-130.00834533784112
1101	41.828099641320776	-86.99756734080955
1102	70.3234476638832	98.35125054084065
1103	79.06830148066607	143.04813045698512
1104	137.60034176568453	-150.1091556511687
1105	184.73498167347228	147.05975904341852
1106	5.5269275060770875	-165.77201319474338
1107	87.87682914852827	77.09317657344873
1108	80.08646218719133	120.03395611346023
1109	-27.911940484009833	76.30780183986282
1110	111.01402808730494	147.14631720510326
1111	146.37315068048466	80.85159870961236
1112	50.17601991884926	148.64146179262275
1113	75.3167745819199	84.25793922386552
1114	108.2192253029099	170.3432785203621
1115	89.85057769136456	160.8304294542872
1116	-53.02587667686432	168.2860816351308
1117	97.0059664815805	74.31151169220608
1118	51.70145772538399	152.08062953517413
1119	95.40465425518235	181.08777084082664
1120	62.65240572362807	153.24595368991356
1121	112.22582469169883	98.83445095303792
1122	83.35279274683856	72.14474673075465
1123	74.6004123090607	25.841877536609168
1124	126.45010291118122	48.162347302265886
1125	-158.2787912534903	151.25508423440164
1126	-99.93950146396803	90.47546644316714
1127	-99.69553496218808	104.85204187517982
1128	-115.29607515501797	202.75070527424612
1129	-65.73813387367608	-81.00379053670736
1130	180.64834700300574	120.50673260630745
1131	56.99115002715661	128.76171363025952
1132	92.41456782333518	136.0378050441206
1133	60.206060090662106	164.3807207337157
1134	12.293793490323225	-90.13978718898649
1135	52.209568252648666	16.375388611466825
1136	64.57715897847281	128.0034780630746
1137	-35.376145180419925	149.626636585808
1138	83.88045844361525	49.77939957969156
1139	161.93196244914708	36.65644973162513
1140	91.52922280037464	55.95527935688557
1141	191.833591386051	42.19525225452117
1142	103.31681403886707	-118.72100704099446
1143	26.45707065857635	37.8737541416776
1144	185.43824655379484	36.915911236698456
1145	56.742969423699805	107.20471129772248
1146	38.761248720173256	37.25306979409444
1147	49.18626754499818	46.05063476197246
1148	67.00017245504176	-101.41398902532384
1149	62.14566685912246	53.08440913230276
1150	75.33396854950655	126.31765617658502
1151	-80.15042625701074	141.1034565341275
1152	35.03560861591222	158.3115227156807
1153	43.945996002394544	48.038441107568595
1154	46.5852081074842	37.92815880181618
1155	-90.30241875306278	38.680185465610094
1156	61.05881318418221	35.77799166650863
1157	56.64390631143867	31.682357321306103
1158	135.82748914309536	64.2890746148139
1159	44.8673695526243	44.30277816264282
1160	33.01905114670123	70.4932610396365
1161	60.8070436121889	35.18216389371319
1162	64.05793272530626	36.25890217467898
1163	76.39893354383183	35.50359047861825
1164	50.50696121211849	161.25528517275677
1165	78.37530382077556	152.41807894560594
1166	85.41094282126994	50.39070690888631
1167	31.009817289996302	156.93583127377002
1168	70.25765711394402	68.1570047471569
1169	166.82886719838785	34.61471497165543
1170	89.99911316275401	58.919763921984675
1171	167.71957796449854	22.76807911703794
1172	26.818665471977475	158.77053299555516
1173	76.88172767305528	74.51245424036466
1174	170.92255871441688	116.9514060386877
1175	185.23055818343272	100.79917134915937
1176	38.28195840637875	31.787013553554154
1177	99.57140855050264	110.72055757778496
1178	140.43323926513608	23.696251992648712
1179	41.39175973460863	48.43482004133977
1180	154.2311982698661	68.88411150310975
1181	120.51264340298063	20.413379858477466
1182	33.2873689041989	-166.31016619899628
1183	43.804285139624476	144.50827887508785
1184	64.26668732066278	-156.46963761225174
1185	49.65824608964955	61.16804339504436
1186	46.98850403109154	74.3465600911339
1187	-77.58144297485144	-122.42843511597883
1188	63.019901878477285	48.97869000204205
1189	24.678404322952282	52.66772880935514
1190	60.03381471076422	35.05276499485846
1191	99.27540306426903	-17.47322032600558
1192	36.28359592365237	37.51461747665712
1193	116.85759900118559	7.754018413784612
1194	125.80789275642965	34.42569326277014
1195	-1.5821471679931371	70.31557065318957
1196	138.94265060337278	-0.04117811173083141
1197	94.06920610313185	107.227634538953
1198	15.384187758554171	70.19991200074774
1199	93.94036693252583	96.59233646069411
1200	101.83346330531997	111.93939442668558
1201	2.796981477746913	20.805515425665114
1202	97.28171512907635	152.31062564324128
1203	37.2968249503494	159.3779222930739
1204	18.68152343870311	-76.61905729541465
1205	86.27528797653942	103.21789050627935
1206	20.937569086420247	-15.75917807974011
1207	-198.25782973314614	-31.77757917447283
1208	24.132915954928837	-14.044562138933767
1209	26.39813448664752	10.036694996657543
1210	117.46608500846061	-2.1028386528450573
1211	-180.25681280686334	-23.73969467709867
1212	41.54045241728585	175.2483104015031
1213	-9.952208462360375	40.64974447562079
1214	174.88943725939214	81.12881705074076
1215	-172.54992239404956	9.79584833693668
1216	73.8879877628255	110.8313440561606
1217	48.45445057760293	-138.51705304982818
1218	72.0153929659373	115.58109978031425
1219	99.82866691818188	137.87164887861806
1220	185.2550239076332	-99.9396288220526
1221	77.24303648779949	21.486530909202163
1222	160.43307701390933	-164.12012046221054
1223	103.43128691366692	63.280105592832136
1224	-67.62536676225201	-109.59101792875819
1225	149.25867306834013	120.61831251393082
1226	144.41829696990044	152.4894472421952
1227	35.03631414607814	-136.70617661519168
1228	51.9282054152977	83.66891188137922
1229	-145.02692350684742	-108.78886754326665
1230	-150.5831979145728	33.72793487688241
1231	150.02623059834877	81.18573658031788
1232	-27.40567511636415	62.93140047212699
1233	41.50663476724038	114.15886180422578
1234	134.98701641525543	40.93514516934976
1235	-148.44430787774058	47.8089260960932
1236	-118.7385943253907	7.314967470175075
1237	-139.557532445412	133.67204024273826
1238	27.02857364789295	92.37035986593888
1239	-42.995905799908144	-47.168965314740866
1240	19.078110312895006	75.87119830483815
1241	90.41029457644719	-3.3973412635103646
1242	141.54724380248535	125.2033362852283
1243	18.090595812232255	5.895987211083086
1244	-69.46818587168714	73.30102900094789
1245	-40.33236082752471	95.49320952971733
1246	-84.54593577652683	145.12764693879177
1247	-97.35131141839011	113.53608028519514
1248	70.71522510878788	13.555059554145323
1249	-35.528164281379446	-75.53072556823327
1250	-101.49584036450767	172.33202873780164
1251	76.61155419236123	140.92003888426265
1252	-58.94102027329654	10.812634007706112
1253	-14.254527460538087	-104.41055600959834
1254	-285.9194394659597	-55.82729901219254
1255	-7.237747904638705	-41.93665654970221
1256	-93.48671084763343	-35.33926337998749
1257	45.808662199510096	66.44322772367609
1258	79.17302246181112	-115.83386274582871
1259	22.74352636347109	-64.26655810848186
1260	-184.01174733952445	111.05288274261251
1261	-32.07184932948279	-0.6880359363056772
1262	28.739830802769553	23.165093698741114
1263	-17.638097370475467	-45.572431911300946
1264	12.29637255887875	-20.862981830444664
1265	-72.20345236060459	13.930885105149876
1266	-160.98829679496333	-54.38820039012181
1267	-60.65901438059792	-39.39931959691072
1268	129.47562872112013	-15.7976500139726
1269	47.87140793128286	-12.063135498557681
1270	-48.89398797786053	-39.95534893264455
1271	32.395183652735014	-17.96840528772073
1272	-4.491087509214394	32.62385344082617
1273	-42.58259756410372	33.52125342617341
1274	-23.62077878993196	-41.197700777015946
1275	-31.00271699489103	-85.72252243085903
1276	-58.69977398552072	-70.61097251861345
1277	107.04630221967696	-42.33088195393257
1278	-5.525617613818199	-68.55003326108111
1279	-16.833007755380027	-28.979637823143367
1280	-54.769996644906456	-77.14620898031492
1281	2.1138253343376006	-35.99928975894079
1282	-4.055424823167827	-3.2507130819376586
1283	-58.18029960142936	-67.80490673972406
1284	-20.64716700810653	-64.93578997641923
1285	-49.72920315644448	-41.75580625565669
1286	8.595831665346209	-69.73904444636601
1287	-77.19955836719286	-67.65727189961031
1288	-31.67463125760477	-34.16469972511003
1289	-56.40106239477137	-35.816700991589634
1290	-21.86828716953305	-34.409761776168686
1291	-53.840538594631504	-56.938089774553
1292	-56.35082337213725	-38.87761661612529
1293	-61.39992395961988	-48.07126698806082
1294	-40.54881300061825	-83.51635749363545
1295	-53.97317494362288	-69.74356073879262
1296	-77.56356368522901	-71.81999625339593
1297	-79.79663394032657	-55.128091051893854
1298	-41.280758974037695	-37.869366821281204
1299	-40.21582290177619	-88.45778020250113
1300	-82.72925585725609	-51.53340111248017
1301	-59.473064311779325	-24.151056911511375
1302	-35.22589746492747	-48.42656335765363
1303	-32.644024407817284	-45.29075928797206
1304	-55.03917317934082	-68.3598796828082
1305	-13.114400950754238	-37.473573313261234
1306	-30.89770283195107	-62.430237151124075
1307	-18.909532681578128	-29.930423226856252
1308	-25.6661270576844	-58.30340286350382
1309	-60.85475077692979	-62.67609032518158
1310	-23.97835731898785	-41.28666615842233
1311	-26.427107177667796	-52.99423369615886
1312	-23.360294546270136	-25.919551821547564
1313	-21.491909644735944	-77.50517484872302
1314	-60.39985157884496	-94.18638591281943
1315	-55.00014566873124	-106.31696259676094
1316	-34.28577532703554	-11.00809908993361
1317	-62.92917408637211	-44.76220178776659
1318	-29.57608728356769	-62.30598861109177
1319	-45.741546310491216	-73.18627101026469
1320	-33.410070276587724	-33.51266463840785
1321	-265.87337534044235	-65.68736419204932
1322	-247.0533607556599	-50.449234213513826
1323	-34.8513319063929	-87.26928948972127
1324	-36.67921113804929	-45.18286713934875
1325	-42.3402295907825	-46.91849706094646
1326	-24.327917435044846	-53.80905304809383
1327	-628.5441343124179	-44.80277898136991
1328	-60.93801060238685	-25.630269463057846
1329	-13.932888127093108	-10.519953300338361
1330	-553.6217970953169	-54.15900704437307
1331	-26.9064804841728	-18.021744351070435
1332	-576.2598535554696	-4.530524999787957
1333	-819.1209660712099	-53.73838459388823
1334	-63.08813674043963	-29.150039358073258
1335	-15.788362366567434	-14.707654129543618
1336	-19.088752258249016	-10.02441042751824
1337	-11.124966352643716	-19.06816166842616
1338	-18.517579106128313	-24.380527729208314
1339	-74.34273362959287	-27.04670646025742
1340	-10.718800008419455	-50.329203952202676
1341	11.122396033504959	-40.24826421495131
1342	-31.14191578673231	-6.684489958058083
1343	-253.2305890525389	-546.7264077568461
1344	-18.620744113090826	-85.5663291038677
1345	-52.47945767454983	-363.0562000129015
1346	-22.913031844217073	-50.75211398259819
1347	-29.784327970772942	-63.35988183806078
1348	-63.18853682800578	-36.67769798491357
1349	-55.5743425743682	-88.27171101324826
1350	-63.762721233128744	-2.1783181470237585
1351	-54.57164608583058	-67.27686516239065
1352	-19.84733533151984	-59.10337282512341
1353	-60.33731875698085	-117.97523087773529
1354	-74.237555116814	-106.2759072298919
1355	-59.58809237467104	-93.62598470650914
1356	-11.721921067012556	-87.74256192835782
1357	-44.30247875875083	-56.71504161857094
1358	-48.60832882343777	-74.86408997294858
1359	-64.2850695573602	-60.38873166254092
1360	-31.17931466854275	-39.474356531295975
1361	-41.234493683306056	-51.49794514952902
1362	-16.237872778478994	-28.339841247095226
1363	-49.97713956598831	-38.15034752095031
1364	14.804636979620641	-37.2248789845248
1365	-26.668422571216606	-20.86635121398627
1366	-14.082609415526468	-58.37518999787652
1367	-28.390673281485167	3.751946454020233
1368	-12.406228516102047	-32.66040264275509
1369	-16.35269417442101	-53.58489823245103
1370	-41.93059638837481	-52.459256611412414
1371	-25.7494350357772	-22.250022597549812
1372	-18.650269384534003	-38.05424490815224
1373	-13.714418663544766	-63.02698885302789
1374	-39.95597040298778	-25.99316979707625
1375	-29.27028198057133	-28.369615273765557
1376	-56.27343595414962	-58.70164280097595
1377	59.65064906591014	13.20223657114218
1378	-37.22214473565282	-55.83176631270639
1379	6.2209833456224795	-3.4928866638115377
1380	25.916933355737104	-25.427272416354853
1381	-53.40690955919503	-69.01062277520803
1382	-212.28670368145907	-6.29934288327699
1383	11.286064483132408	-33.013316184676455
1384	-62.83780299998499	-76.5730996215026
1385	-25.638134744015815	-81.98128602549123
1386	-13.779784641041402	-69.34880311750526
1387	-0.6362755733693597	-60.749126265986504
1388	-46.63361980586647	31.256860937364404
1389	-31.120168616751325	-43.383687131806354
1390	-15.313257384010084	-34.52491679937287
1391	5.091369910460847	-52.84586802210643
1392	-28.00966357638108	-23.794008677668568
1393	-20.00437064526513	-25.82284465981034
1394	-16.157692074585754	-30.84174173641385
1395	-46.610255124342515	-15.217965366059596
1396	1.914759308764322	140.93235342517673
1397	-27.965048385003456	-11.536386216814336
1398	-17.299327543754956	-35.20032546859319
1399	-11.379253224303145	-42.850452341762775
1400	-7.4836544500264655	-52.638839829694774
1401	-9.78971808171675	-17.956656838169177
1402	-53.91891944120263	-42.317075984521075
1403	82.07839676873625	-64.62545054109258
1404	23.315811001401553	-45.67032102285325
1405	118.3816236924591	-47.47607539642136
1406	-29.842275819533107	12.053910786266846
1407	-35.38674885832954	-52.843251768698444
1408	-20.714007539940646	-44.91786297805556
1409	-24.093376022544916	-11.168884448614909
1410	-58.5747640129136	-44.39334223116732
1411	-50.6887660085053	-47.28109851004538
1412	145.77484364194248	37.82460268469418
1413	12.459191893277268	98.61556169089275
1414	43.48844944145822	10.339849136592663
1415	-8.580573487190634	-3.0622121418035997
1416	-20.63489311701544	-43.67297088111083
1417	-18.89641549743707	-57.771943369514425
1418	-32.62537258326597	-33.65958666233907
1419	7.740626273968152	-56.531167115565665
1420	1.8903271323139816	-43.87588514920316
1421	54.100843935022404	-44.820297233605864
1422	-14.416412994511814	-40.52123383080178
1423	-25.527539869536806	-27.038325745203025
1424	-35.645759460184976	40.89077764829488
1425	-36.961274393361386	-42.456424448556284
1426	-19.43417498711901	-40.99119891539224
1427	-20.5623299174586	-49.478969815591235
1428	-38.43917518948413	-34.807972303427505
1429	-53.170677866659	-56.23236485789462
1430	-19.63357031950842	61.77369863106339
1431	20.197285075010697	-54.91621799472583
1432	-9.426966110427934	16.486836094592203
1433	-40.447844503352876	-24.38048685390507
1434	-8.512618846119219	-39.93489377320405
1435	-71.19804496960664	-59.849405649311564
1436	-8.326428340512475	-44.573577679690715
1437	13.256340370148228	-13.472672961600185
1438	-37.7655710257294	-71.21101431532163
1439	27.908251334623188	-49.40874883676602
1440	59.788023545212816	-46.14245662963073
1441	42.15668207679916	-11.584234527217312
1442	-15.31041081063721	7.197134915526007
1443	1.556547925757176	138.30160662617536
1444	177.20615087104343	-9.429847699563949
1445	174.2237223360825	23.77881715830688
1446	9.850547731647742	-19.637744681475358
1447	-87.68965438003252	40.582362579203
1448	4.200167330985785	-17.876767506989903
1449	-1.6307704771764078	33.37356424473555
1450	-22.67571888153461	-27.43914225890052
1451	24.024457891631357	-56.43746277322497
1452	53.318230943867555	-39.476887843483674
1453	9.378185092089986	-8.617090202295145
1454	8.27772253889214	-172.52328230130465
1455	122.18053344835315	-198.26332755049077
1456	-101.49097660899845	-29.1543488259138
1457	37.359947916562284	-147.72301905010437
1458	12.056427209633146	115.62729332698792
1459	45.88921989564575	121.59775669599722
1460	3.8365837847247604	28.86135251348542
1461	8.285085552857842	51.50068744504369
1462	-7.734490413727916	22.173102541043793
1463	7.01335511927892	210.46109692836217
1464	-29.820436321619916	-74.74351755337243
1465	15.12966649834722	-48.08519849999728
1466	-13.704349863305646	50.30707574466686
1467	51.625443762283986	-23.255310077654403
1468	-39.726712222568665	-25.545936493846046
1469	-29.862622059109068	13.611359177226584
1470	-13.348026612583343	-8.794763990234733
1471	38.62410269883231	21.683998142746265
1472	-9.078522913096624	-56.05760882666493
1473	62.613340604528	-2.88338353452791
1474	29.27990101893756	-103.58362961871174
1475	53.20174413183055	-4.4086209206957685
1476	28.995189038881566	111.17077502650577
1477	43.7196820972066	-24.99107869209164
1478	27.61003257232487	-21.756432794803832
1479	36.84262256012262	-4.484742057012411
1480	24.212687883115255	-20.285294074539923
1481	23.57809971972634	119.65697106030296
1482	33.08918277325508	-63.61871767881861
1483	29.17546781126839	-4.522868025292029
1484	116.64931456160798	-111.95767606209253
1485	42.83200539124168	-21.38032639731227
1486	43.06361495028585	-14.636048640305328
1487	-4.747259405593229	-23.317108896939423
1488	4.787528183161912	-6.340564649775387
1489	-17.176680671516515	28.342669315325786
1490	15.90113037335752	127.60543126263346
1491	83.91185639128622	-11.401441845766511
1492	-14.448564253290392	-16.821752471839343
1493	1.297595671936135	19.70725895364603
1494	31.92419507115649	20.50516197563057
1495	2.592878371537786	-47.96646069384622
1496	25.28816545754267	24.532577736237187
1497	10.767578327823799	-50.78405025512819
1498	-12.470961175972045	-24.020269780939945
1499	52.474032754757154	-33.63366871513862
1500	65.99916102287852	147.58039462126314
1501	-24.03144912008956	20.0951184477634
1502	27.184877201899443	-23.898095023484114
1503	32.195649416020224	137.62876342655701
1504	-7.615031533753715	8.869663668391352
1505	32.03322031028549	-7.698542074985135
1506	46.632214957452966	13.738749451977188
1507	43.07278306522153	8.92652725640924
1508	55.64099828829549	-11.422580456727971
1509	-13.342796194682231	23.054171000304375
1510	-0.48250134959148094	-0.0268624018037924
1511	42.58615836373973	5.354498541989371
1512	62.65231451529131	154.2413662679745
1513	58.20482953876785	29.611837240890992
1514	50.323151454428185	57.964855146561725
1515	32.33292923246702	12.713020537071516
1516	64.08693211662008	34.646297686944486
1517	44.72562103097411	8.959346719869396
1518	79.00729329538473	15.488275744964568
1519	35.958072318616225	18.88610611369772
1520	86.05048465796855	77.41009024519094
1521	31.35329978884881	5.718656410845521
1522	7.611698875262918	23.335139591279734
1523	52.72050526459758	84.09309770548401
1524	26.860520503615938	27.879070928130535
1525	69.86614101927871	171.90203273403336
1526	80.92106579467014	9.347246725987565
1527	41.807797959605956	52.11872620329283
1528	40.4971047530351	27.804829085947702
1529	44.489589678801515	16.058461715322338
1530	53.926268157117796	39.5198769582684
1531	60.35734511903167	67.34824257814583
1532	52.33790212348893	29.277563100968386
1533	86.8225971523786	130.09540337711158
1534	58.95194048421992	34.52004566943441
1535	87.38084813870229	31.10751144388974
1536	86.36192860549546	141.62052595362525
1537	60.12668129695574	50.52891318472261
1538	53.101206541609045	67.7220765692748
1539	39.5655298472799	72.51490578916614
1540	90.0359060289515	77.80350665551134
1541	41.010327814208665	76.042053085262
1542	78.76752908677732	33.46141547183945
1543	20.283604662691314	65.39686487830996
1544	109.41996439158304	149.65785425577897
1545	42.39665473937047	-34.194784841660095
1546	61.020670455127615	79.00455991986834
1547	42.46289261156338	159.10487475381936
1548	112.91545644975592	186.34512941154924
1549	-43.01961708675826	159.1814698673723
1550	91.65363672825967	-43.37252073830711
1551	46.48010019672865	151.8018478261947
1552	83.84613081095058	120.6646516141722
1553	91.90670616525448	192.46984740627954
1554	59.89641652155099	176.023792169739
1555	44.824342790797296	177.83639075762585
1556	108.72128312107405	156.62580939129947
1557	71.35729185438362	173.9139359753306
1558	91.1977855385917	181.7725537506219
1559	51.537077240363345	162.7911306134502
1560	120.5249547555692	67.03737776791344
1561	103.78886103707426	141.42556571759732
1562	39.99130481296636	209.54323512739055
1563	134.8415670493759	147.65062954839362
1564	72.40371654009246	35.428317150395976
1565	164.50910075666133	62.97299811899685
1566	38.41695335456174	177.72731783934552
1567	60.61373751878964	78.22958270871614
1568	20.09006035783338	157.70774706364222
1569	149.46001088363616	164.6112194147316
1570	66.41579156675277	54.28970827575808
1571	23.204826872000282	142.6335607861374
1572	53.75142706433875	180.96465744326804
1573	35.957960457075	150.20918836591187
1574	126.6497532170703	180.0487254680408
1575	35.26095238894715	145.18798623765966
1576	81.43896783007912	171.22818099651028
1577	38.50723865325483	123.27123009238127
1578	87.36211960140155	149.3355907831749
1579	30.731915791313295	150.187312055335
1580	79.9502180896797	148.61650528434365
1581	68.6731084570306	161.71714515539588
1582	51.10799576778882	166.6753553462817
1583	157.86796180030046	163.66748705443456
1584	89.85514745837156	-130.44851514516978
1585	75.52524627391138	150.8152030021792
1586	-65.93838577257735	159.96721371391817
1587	72.43264606813861	174.43263130545796
1588	152.50324375574743	162.358511621005
1589	81.16013559580652	-95.34696034735165
1590	65.59116580677728	158.77521111873318
1591	150.37355847516608	65.14621980963574
1592	87.04662625755729	146.84932363459268
1593	206.1851123122704	185.3601486546917
1594	56.80964948524255	60.404390283322236
1595	72.90292984698706	181.99802794322062
1596	79.2644434022492	46.2305267406085
1597	38.929291231998604	174.09780333122956
1598	41.575830693623516	53.015161347614495
1599	30.507879184158273	125.51566907419385
1600	44.607474005491326	65.21470916111855
1601	142.76227865559912	54.82692664091487
1602	79.52829046602098	66.59062083983751
1603	71.44194498353431	64.03338378760249
1604	90.72004346370373	-66.37664217687765
1605	-99.3813244901326	54.51419619626566
1606	94.1893037047476	56.975710812757214
1607	49.54682342740527	63.36259883910566
1608	71.21399246375378	69.69570492175656
1609	-47.33815645832074	63.56828348175987
1610	88.24463952464252	177.12804970481437
1611	59.20932434209152	20.95770931081888
1612	146.9359975782639	35.39214340844481
1613	62.398939673328115	89.77470654818705
1614	186.43249356203157	152.12147718138536
1615	159.69639610347824	131.4147995561193
1616	31.022882124981425	77.61712966605951
1617	177.0369095083688	181.79454129583078
1618	100.71542513192398	38.295262952778465
1619	67.29662474013817	-64.9751265494912
1620	32.25563660186265	27.698021676801368
1621	79.28919004897512	-140.8404342346969
1622	85.09415591843614	41.35239822833096
1623	135.7269798339366	145.18319012771937
1624	154.48770722671466	26.77033061968857
1625	33.497574749466395	19.119546828653757
1626	46.3144484439838	66.22459174093576
1627	108.49362335203004	125.39042208790933
1628	80.92087073765092	137.10169822503286
1629	-49.19125848165349	73.89725996707283
1630	-99.80768247025384	41.64177724233496
1631	127.11116431214575	180.98923941963864
1632	136.12252633373743	127.77925705401489
1633	36.31015231783354	59.94293425014657
1634	144.49144026634968	39.372079774846284
1635	-99.05152479633011	132.92941965028606
1636	118.97861074705895	67.96652928387367
1637	156.2570643097296	144.20094352660874
1638	167.206816486797	127.47413864254393
1639	146.0037022060711	132.72874593433772
1640	-31.699991142576508	-90.21940551578716
1641	134.16024000033335	153.82041954203515
1642	15.3769947395087	40.63692037743246
1643	175.8426835445249	171.3494909684842
1644	152.97304958686425	78.83414927284718
1645	90.22746713945291	148.25345901945323
1646	-65.21101437003571	31.52797822729627
1647	71.5808183983085	121.16674419333512
1648	131.94483778023783	47.348242200014816
1649	128.2507620725625	42.93996575605007
1650	48.335532230928266	43.954134469391185
1651	39.43431547808362	42.976316456189736
1652	173.55773355778177	68.50744786278867
1653	82.22616562879362	175.48196892632797
1654	75.2788499494079	51.885826642911425
1655	125.26273669096076	130.56312975830392
1656	96.64717351430028	166.49879264428665
1657	63.40628362270129	148.11686242966937
1658	14.14020526785134	70.87740459136118
1659	78.45676804313283	81.78548981178518
1660	88.87317333801043	73.76420217848312
1661	79.32322937638277	165.30438834383074
1662	190.0502147310113	155.2677636428717
1663	49.45760598398565	40.80651572857166
1664	161.4345764604227	41.98769983992131
1665	127.32912808306145	168.4364595468399
1666	158.84992887710536	169.63257658854144
1667	86.60830314902125	120.51898887434254
1668	166.35504993158605	131.19858409521487
1669	176.2570043358424	76.52236612371877
1670	-29.72957476620354	-107.16254085849143
1671	45.66446349903819	128.2353587353869
1672	136.93796952005823	67.89893519129181
1673	-90.96051861961683	66.52690657959502
1674	-11.45802730985669	-99.89864715911756
1675	59.07675186935802	-68.9800369538767
1676	183.75428140794685	94.29156389758967
1677	129.85599721326048	179.06180335349134
1678	34.222260778180186	123.6033451017348
1679	118.56081473718297	68.72118064517399
1680	79.367642381312	146.5141572410723
1681	133.62369597415147	59.937158220479745
1682	176.37152872856348	-48.1114233037174
1683	20.99825006315558	-55.39775553184238
1684	128.55318572713068	-43.03484868939071
1685	122.70337849327319	62.02777904073271
1686	70.56061760324685	50.25166960069604
1687	46.127524348523046	-70.18244969572378
1688	140.1701536031631	61.94028070204947
1689	196.5696145139407	110.77246657417861
1690	106.08640852995195	37.61404328219407
1691	67.5802276079273	145.5236569509642
1692	91.11046184974549	174.0725142343789
1693	97.57735153010937	156.7484022495093
1694	158.4844338438009	89.12586331939363
1695	60.61741476861586	134.88124245269776
1696	35.54462762184832	111.50229360226109
1697	43.0984587673433	48.293754940487716
1698	111.43133495772389	65.36790485488201
1699	88.04776610914755	82.41871657087593
1700	180.85278412027816	79.21670097665616
1701	153.388530933138	154.31394684499267
1702	78.8596989146584	89.48006987896784
1703	75.44212178644631	55.7060645516296
1704	78.10890683488296	165.19149854243278
1705	188.65146792403456	164.02367968905043
1706	-41.66165130677115	54.74520115634167
1707	175.92566289042855	21.9566156851049
1708	46.547204367609424	78.99540679772373
1709	68.62596035722379	177.49325270913818
1710	79.94259327946682	181.6621466452119
1711	77.69914001061949	175.28568378848402
1712	217.36082532682215	70.27095600216091
1713	68.47339246760592	67.89684318049177
1714	74.24043549681635	86.2503466425065
1715	123.00193826154315	197.97705393641473
1716	56.47950474782602	191.9386692231298
1717	63.473107153520324	109.4424772276061
1718	116.68031314781345	94.62464976355977
1719	62.168434435169466	62.008772372371155
1720	83.40612877921008	77.97438890635694
1721	75.14086134401592	174.69476028935287
1722	59.109627438460045	173.87364707672523
1723	106.38056135589295	154.28588560438612
1724	168.8167097702792	169.10417431564804
1725	61.31286419759843	203.35652750254388
1726	197.76543374079057	102.16093550001332
1727	98.77424028256206	95.89090636080327
1728	85.33497482777348	159.92611290596153
1729	79.90558349814405	93.11149984247234
1730	192.89909503069583	102.21235701860022
1731	167.70027748196324	50.083988365429214
1732	42.53856397598079	60.55261993206799
1733	72.65081526955078	74.68198295196935
1734	89.44394042258536	53.62926564697604
1735	55.96161425581245	53.4063815262469
1736	48.84306687486034	74.58037117983744
1737	65.44309402295819	32.261954339511675
1738	93.05947123428699	155.1562305931812
1739	81.23719085057053	185.0777135548486
1740	7.469252899927693	158.62683660978013
1741	146.87204897986445	153.55126898699024
1742	36.57060606856033	185.6087870305625
1743	98.31440006518645	46.50676369474189
1744	61.1420331501509	82.20940584313705
1745	49.23517747364799	58.818559811609035
1746	57.037590313645964	87.08123397378381
1747	72.1598700952625	79.16226407047132
1748	190.96252591741882	37.0869092106127
1749	52.29495501675843	16.071986663418368
1750	93.53282814038742	203.60720634762566
1751	167.83935344494813	126.56825384118196
1752	130.05214133506882	56.770391199037
1753	44.70667097466585	36.23848407850901
1754	37.06361121055661	59.14385191009985
1755	180.0735300417928	171.46414484922968
1756	70.29654528743615	84.57844142961076
1757	70.84631690888254	-7.397100503254985
1758	177.91448780559028	191.680227652273
1759	64.5082372979637	67.70480417610342
1760	171.28331643472703	114.09394620362538
1761	188.71949202060262	143.09489874220765
1762	152.71972073027564	43.41907677646375
1763	119.80190152125947	168.92065304383704
1764	65.45602320503137	84.94043726249251
1765	62.17798866346588	136.38061019215274
1766	47.911780826931675	136.47624595951174
1767	143.11544799916584	130.1835772744435
1768	42.29581996368706	104.93135205708886
1769	115.2178873222254	174.0224437767183
1770	73.31435761263174	198.4955919410445
1771	107.9211053261096	59.61471803902765
1772	63.23203106139565	180.20789238293918
1773	76.08911149412714	66.40916329805444
1774	88.4424442747485	83.0881827884438
1775	169.45945304273442	55.46067595039371
1776	37.80011083115551	48.50628660521138
1777	42.458172359444355	60.354758983457444
1778	68.18706276505146	72.94617519887171
1779	191.32715885860495	95.75736938160435
1780	72.26452574368776	56.45812400890388
1781	80.96733106079796	192.0149139339398
1782	127.02415667272817	56.09422593092828
1783	128.26732777472708	157.68487995586088
1784	72.72757880664724	76.55667843878263
1785	94.07458622054429	163.47702160324323
1786	169.97711867961442	208.72672051380238
1787	118.59829795621755	79.92585730207605
1788	113.94833142457666	107.99626563538527
1789	188.9983318215102	104.75617430550989
1790	95.81872188764163	80.61902568357559
1791	-73.3118700105789	100.07187068196764
1792	122.90151646958257	92.67687623895742
1793	115.3701886625008	154.23996582405167
1794	100.60067097509221	160.83689169947712
1795	98.24392721510063	79.1248261460857
1796	-9.389642112790568	-29.15898246342406
1797	127.9018053414086	103.0028287527792
1798	128.80277823759275	76.26761084365516
1799	21.291038531964148	108.87472667784778
1800	82.8719293513327	-31.831538136492938
1801	102.00231066618159	88.29635756744766
1802	62.661868089476286	55.65283085967284
1803	32.14988505578552	42.61913624524966
1804	50.92089998251817	148.7681563427469
1805	99.26182906225671	78.44116023081845
1806	68.10727650128642	88.31710266669154
1807	167.56001396170404	210.52580167481915
1808	147.5778388002568	192.93594637246287
1809	100.75906188316192	-135.43928159760162
1810	108.56634514148178	165.37361949990043
1811	58.913242039664624	87.02268110612314
1812	179.42614497961375	70.42769444612432
1813	200.14895020011522	77.81314123208216
1814	213.2655179040393	55.78187205836987
1815	-40.93575847769806	195.51170045343017
1816	97.85113595626602	-62.95787287629658
1817	110.64610228290937	45.456464481008986
1818	116.20563542351655	115.71841713616858
1819	116.37314712288179	186.9636864848377
1820	142.8926309796961	166.3880971637082
1821	76.20895337620945	163.10671309137248
1822	98.15568140860384	-51.380744597572686
1823	156.51852160312836	177.13799903126292
1824	57.629190000003575	71.74845723666098
1825	150.99299255845665	200.5196683263299
1826	178.5864906267434	134.0372354722766
1827	74.1602816136539	89.79686724369036
1828	89.34518595105308	70.61118521764426
1829	47.911588689544615	65.29723454134063
1830	65.53757479997954	95.41581314948348
1831	-49.295096631374676	47.52176649524854
1832	57.46755206896333	-76.83981106280348
1833	74.90569860416645	75.67607179884439
1834	79.15830217777682	-51.339421399615034
1835	-120.88516387951464	-74.53253188796569
1836	75.29513743306137	168.71849055626183
1837	84.89352634011321	79.897673591184
1838	89.03194360353119	14.081025207409064
1839	135.4763002334991	175.65967627334146
1840	56.26551855244519	66.25230349584766
1841	-35.47647123481052	48.11725986400163
1842	169.21625958846846	85.5770448292305
1843	77.55431000497069	-64.36682616282474
1844	107.80083167601349	177.82109913601124
1845	58.85881005311554	77.03576019010998
1846	97.04622288320664	154.93681761838968
1847	63.892237330918675	62.33051785233096
1848	56.31218261614404	26.314939578660432
1849	154.63429402507393	177.9044065505045
1850	203.87615170634174	73.96645448293681
1851	-38.7515515447392	165.2484917897243
1852	171.6592151109491	58.76739359222728
1853	84.98719478648057	77.22642214567563
1854	95.54452468898135	70.60083926147793
1855	103.8744776074156	136.37893182242635
1856	90.21554185482938	171.87203153189333
1857	-172.40365577602103	35.059102873674505
1858	64.06173902244154	165.63224442467742
1859	51.046279487692715	115.14831946243135
1860	124.88800725328588	141.70366151268752
1861	80.79229772932811	6.191126253155535
1862	73.27898417858516	117.29100998630129
1863	70.01806676490169	-133.22599659525198
1864	118.15056433557687	67.02972790745956
1865	-0.42394142877172336	179.43774595673193
1866	19.592962911578073	99.49187723076935
1867	205.86732945231276	178.03157564816726
1868	126.53386455587663	-106.01590669462142
1869	-18.01521306607397	-147.7671470226741
1870	108.64919015090862	51.96521558150572
1871	-157.96837466390454	211.2027100943683
1872	214.7587142670742	48.947615254085946
1873	37.6843893467234	45.8576376908474
1874	18.699379537064523	32.708486454704534
1875	89.813439867067	74.51846479256501
1876	126.41459296577416	-116.00401965092877
1877	101.20795658094102	76.3586427124196
1878	-35.15212023701042	167.2608160557861
1879	-34.43610438001543	59.19914430444935
1880	160.94019334312816	-4.185270487871128
1881	81.38045715664293	99.9004709796311
1882	195.90278566539445	0.29156112859586114
1883	-9.086905440095263	47.77350312602271
1884	-39.00273265698367	81.01200135921381
1885	38.9291322915369	106.88816203140777
1886	108.67801852018385	-8.841980306910255
1887	35.3968815276259	154.56588250327718
1888	104.2411992755656	89.67648196692818
1889	159.62335147754413	187.5718703925993
1890	124.38047515017556	69.6469987462653
1891	69.6031684773395	90.13083883759045
1892	110.49394982650702	114.22419408440605
1893	87.8436463557136	-19.927566987574245
1894	48.058892969953384	37.80598937000922
1895	111.61242418824193	51.453801897277046
1896	37.441530711691264	154.00189495350799
1897	116.77473263730609	34.179884969624105
1898	55.80475456335507	115.84033243497942
1899	16.290010567096473	-38.10360115052775
1900	38.31049973605232	-10.066788951818122
1901	36.887243302710154	220.2560665067166
1902	108.17129422835868	115.86683454502555
1903	-134.99982452788893	0.1837207337713631
1904	72.34047887981444	2.973516131217618
1905	-157.18478443786	164.50765952080417
1906	-22.843052177189932	-72.1624448306762
1907	-117.07753688935101	99.4374315999209
1908	33.52614969013555	83.6122996756853
1909	109.12410257088982	-30.41212732700097
1910	85.48093939170118	107.12029138293748
1911	104.63476877054848	69.26093669566701
1912	93.83968748173248	103.41191572334549
1913	57.52022805322008	127.79518518076131
1914	4.056251217239869	59.74219272892613
1915	80.66749436412233	171.46464200587974
1916	65.93898152304064	84.47141013474022
1917	136.5349440856561	57.88725157779161
1918	177.60083009414518	49.03546521303445
1919	71.14582678839594	-137.67552896360485
1920	123.48977632809806	158.65850659403046
1921	27.860908294365537	33.85620552661331
1922	-194.47331515400586	186.685694231506
1923	48.3419762778772	172.13757558103242
1924	102.54231607029934	-54.22865815108441
1925	193.99963889185682	163.13276471316834
1926	138.95212292767846	-19.360810939316366
1927	72.3260421305197	84.42408877302722
1928	58.72287450211766	190.340193787214
1929	89.6485682610141	82.77195908111493
1930	113.85726877674178	92.47679621075471
1931	65.0584693451571	43.97564292643525
1932	45.29057180717567	81.78173918927291
1933	70.14371167465072	153.9741930589791
1934	88.4196158147805	131.3341662894485
1935	46.480398043085316	94.37954456898758
1936	195.68613148518648	30.70723486105696
1937	79.39512211444631	61.40980911567624
1938	78.07327553231691	92.21553030413654
1939	65.30501048465467	170.081296787217
1940	131.01544825764438	69.71750332651982
1941	143.8667264116704	78.40723038182009
1942	84.62618735301818	163.15342367544827
1943	168.9012141857658	148.69246887299602
1944	35.96921387252517	183.97220384690974
1945	66.18259237020138	187.79600245366447
1946	143.19697221466632	90.90563600180398
1947	63.42519536432701	182.7111386730123
1948	94.57606705312752	87.31061310103149
1949	88.75820330597033	156.66919627266012
1950	72.21157235125055	57.201954468982926
1951	191.27041641075627	180.5049616981458
1952	60.08541466247709	168.43712028642133
1953	66.89918734778146	153.62762249871886
1954	72.42493467506138	73.0628677801323
1955	57.5078554192485	169.3850471269184
1956	80.68732652365247	106.14815144688494
1957	89.47808861643963	151.15814434792756
1958	162.49278756500695	173.50047670894855
1959	68.21034028457406	80.23481220591901
1960	20.64954997747718	58.81879310884386
1961	56.08095652780448	137.97114154469074
1962	80.45065955142924	174.74641836817608
1963	79.80362138768547	45.3297612493486
1964	189.40220912469732	103.93940736890335
1965	78.71331476442343	143.54568405520666
1966	69.23360009355056	42.08284928078893
1967	59.77475051134963	119.5086232830197
1968	-138.3472427601474	75.25188607686181
1969	33.91718075951024	-47.20385281471259
1970	118.28963524077817	53.791082502957416
1971	67.61501068794321	30.425727096371222
1972	152.50140434099873	53.89979201879947
1973	-79.66518853554284	108.37923937614005
1974	68.45992548628628	38.80351243950424
1975	149.0433559778457	155.00186239435087
1976	25.20790834376971	160.5943730151538
1977	129.22644128037405	36.469541679532455
1978	-67.35258961177195	55.81462072686413
1979	180.3636424124136	153.73989773559893
1980	161.64363244767273	138.53860380006904
1981	165.86569503441504	164.15100765272115
1982	-72.99577507272198	153.4404963236944
1983	173.08352245068755	39.24688550743803
1984	57.9223240376108	150.04256282181677
1985	142.81690705745189	77.13896494836857
1986	181.970371361716	187.00863173293376
1987	154.16718032011227	62.32129567787569
1988	72.02583935609148	65.84376131154781
1989	130.470868431216	83.50873443044831
1990	66.63956342529835	175.65388321484056
1991	128.4920607838609	134.47820183260535
1992	73.30094889704753	85.50249911711332
1993	150.13399417304925	147.26693064020554
1994	45.818099140973395	176.698012549498
1995	66.90846457213699	33.844183380964154
1996	48.49712556074318	-26.987543713366907
1997	63.773526129479436	76.18228793311955
1998	113.65177553903166	161.59203790235694
1999	77.60056829277248	164.1180662659384
2000	88.54986917128008	-99.9761556708636
