Environment: LunarLander-v2
Agent: PPO
Experiment: standard_experiment
Parameter: standard
Time Taken: 3476.941698074341 seconds
Episodes: 2000 episodes
Max Episodes: 2000 episodes
Reward threshold: None
Episode	Train Reward	Test Reward
1	-228.07508437079045	-475.07115501942053
2	-267.03226033822193	-930.8628828398087
3	-83.35731320885607	-404.0142027510716
4	-115.80542388083865	-519.2413367610084
5	-347.3535790809911	-350.12627195655534
6	-355.9422512955381	-247.05511228556577
7	-306.6635663083324	-185.8840565135617
8	-145.32438816085266	-158.14574586270322
9	-91.1020799018194	-93.36118923094789
10	-116.32320456702831	-123.9981170253919
11	-144.24008750728245	-144.15372069984463
12	-306.16117487509405	-142.12712795542103
13	-85.5482022063383	3.72693838418769
14	-185.6995445342141	-290.4326263355952
15	-101.05299091781328	-351.94072562624666
16	-101.7926376660328	-118.31414453645449
17	-313.37064881123206	-388.9156620509474
18	-85.8231030234083	-251.47108702560664
19	-420.8629290398475	-1095.2757117118335
20	-38.17670934577684	-284.13522717367573
21	-390.7208635781213	-345.0783690273348
22	-363.28885870083695	-1222.9322851017528
23	-125.21552708533247	-1597.9149257631007
24	-263.9874570320684	-615.7419259306653
25	-220.76746554539488	-523.8874791071659
26	-253.71875044035335	-344.02173723486703
27	-42.44420815245668	-312.97605478919013
28	-36.456495403353514	-905.3515643365727
29	-167.63796380997144	-447.0069181033882
30	-548.1743157161127	-1337.80585607579
31	-252.93314907985038	-547.2709428706273
32	-380.8585116530581	-431.7738575942393
33	-405.86259783864745	-663.8169958455959
34	-90.41796200047241	-418.9077144969066
35	-36.98427771689374	-515.3233971951324
36	-38.565022595834364	-545.9577775377678
37	-102.4102149822657	-226.90937507030992
38	-19.1834123207681	-267.5041965668725
39	-49.844366878629444	-337.58025920297905
40	-86.20155614650407	-636.9935427694423
41	-33.70112828280064	-391.07883985249134
42	-444.91683394769495	-104.3835254732195
43	-292.5864947656503	-234.18566202519912
44	-96.94690811259586	-379.9323690184813
45	-270.8693730138222	-318.7019931087628
46	59.02381144488275	-389.63002750055546
47	-321.4210094115397	-245.2111776847923
48	34.16145946314725	-316.47096511535494
49	-42.36951691338782	-75.58366562117698
50	-191.28119101564295	-60.299736524134104
51	6.4716760003722555	-292.64412009393243
52	-55.769699487980944	-210.18311862489884
53	-198.68418865870836	-459.18072480221963
54	-185.70749776463396	-284.64694611973323
55	-74.52051348488375	-212.70580051144105
56	-396.36575009097845	-303.55310852047523
57	9.10611326283086	-572.8030846853869
58	-120.40209440253845	-283.5795346860516
59	-211.37001489368106	-692.5977116043622
60	-27.050671556168194	-691.9861185430046
61	-433.1598956503958	-370.26262607059687
62	-148.9370026926847	-528.4598140938904
63	-6.629327638451386	-839.5039492983514
64	71.16553762605218	-626.932188471264
65	-418.8278663640973	-1058.038823116603
66	-319.6808640955111	-1418.2022404336878
67	-223.2093134000434	-814.1647522887679
68	-284.8982117559214	-695.1722731589065
69	-268.6309264460724	-474.30721194241704
70	19.495640676375967	-936.0677938768159
71	-228.05334419861137	-772.8323552612451
72	2.4913885633246604	-432.2928050415105
73	-243.06441199883767	-536.6121215850587
74	-249.45170299944817	-469.88205473232244
75	-131.92435822095885	-405.42332163854593
76	-13.312741980500263	-379.5434542606476
77	-202.07753086420624	-351.25344258162977
78	-159.33317009614655	-432.28495457116253
79	-11.991367509442242	-616.9576588348767
80	-2.7293278774248546	-498.1492355397214
81	-300.2125120997208	-631.7077153646508
82	-249.9228334063175	-681.6949311350932
83	-253.04830279275603	-609.9423988712481
84	-156.19292221748213	-357.54425210580183
85	-142.66853436456677	-376.2034192925125
86	-358.1125568383957	-307.6737084457941
87	-5.1394845788915795	-324.2347988599643
88	-153.0716151960433	-299.10933982969965
89	-61.62338682482014	-270.64043872166883
90	53.9461476318164	-308.05646911853097
91	-33.2228189805945	-249.74871740760227
92	71.1373920257767	-318.1647335112511
93	-15.945822523563379	-393.6482371083582
94	-64.21549681259306	-381.0495088119895
95	24.695798745034693	-381.42047370892567
96	-40.69775528978779	-827.1057831643792
97	5.601953775519448	-841.5431689549081
98	-252.8142009236225	-788.6060821129245
99	-202.84625087519612	-1036.31431608629
100	-217.88835050977215	-1119.722002108008
101	-35.495246601682254	-244.38190309162786
102	30.20986477813127	-1026.7667755647703
103	-351.72136294016764	-508.00593506943784
104	-261.3364927254138	-918.829870522404
105	15.466379781558924	-691.8351587070664
106	-67.93010634343304	-766.9337530247046
107	-11.34257332983577	-1026.8658823185497
108	-89.96918849182471	-1387.6486927896253
109	174.8750603621965	-225.02166441449697
110	150.57425649452694	-964.1176590775663
111	-103.18960576887162	-491.57273375733973
112	-196.6778318110308	-755.4147654756244
113	-222.24352434091765	-603.055402266515
114	-253.70780586197407	-1982.938341986194
115	-120.74639655740135	-3029.034933206069
116	-42.32994832049618	-3729.576647503249
117	-0.5149084004736342	-6291.301230664906
118	-1288.212873507702	-2272.3104833600305
119	-232.62689085510263	-2522.3300539959637
120	-35.52923136595836	-2595.4100289781672
121	99.49891170938406	-1978.4642624919252
122	-121.77445365313065	-1388.606928691026
123	-41.07154476285757	-2528.9740844249827
124	25.69987872601232	-1878.1202306800776
125	-49.989205510372585	-2553.4270359952634
126	-514.8980893411953	-1459.1200594316092
127	-18.267517809067872	-1533.0852152618784
128	3.643437177394939	-1112.3205058977944
129	-9.882453599851752	-1055.85880044025
130	-79.15239859922866	-1234.4407203130338
131	46.15876959716891	-1313.373403078686
132	-10.336627958170215	-978.0166304437164
133	25.54994657454127	-734.8552837057084
134	36.04008219322642	-586.7041554756876
135	7.499361003175778	-622.5528577921189
136	83.35951876269549	-868.559484057911
137	-19.842443811630933	-1161.4515813880382
138	-74.6741527394227	-1183.046874288047
139	-28.02253147406779	-1087.9747970021936
140	7.816653650506862	-729.7420706824535
141	57.860060755087765	-578.6589152091487
142	-25.76520737184929	-556.1792165512296
143	51.81413750257551	-421.50592894377104
144	41.261223058696764	-354.8124229537732
145	5.6487562023482525	-350.8766305313461
146	-37.95500780105668	-400.70637623596144
147	6.638057859273699	-479.007635187577
148	-6.361876427378848	-492.5933803571881
149	-69.47268428342133	-488.7734626296159
150	-239.9415641154147	-588.9224612438547
151	24.18721205933316	-878.794731263359
152	-25.384354451217376	-886.6753273659469
153	36.306124417548354	-919.9186140566993
154	60.68249354191393	-1123.4145948307676
155	32.1844773980646	-1146.13179006957
156	42.57601406406592	-1059.8555661649025
157	51.7057208066241	-719.0961914364653
158	38.682643882519635	-487.5086760477823
159	227.44160835634202	-378.2498051542771
160	19.73994713566243	-474.92688749960195
161	-62.20359211078009	-640.4589574672808
162	-8.20196142846737	-792.1595667129718
163	43.833705593208975	-632.3633888861134
164	1.2736207672759807	-563.8859133529827
165	-255.69256696796586	-783.3433925583682
166	82.49409552540565	-915.0451445448731
167	21.94752113010816	-838.5053697476407
168	15.073951570746123	-502.17970556296893
169	-64.24718967038685	-429.3558469538161
170	139.13732433251164	-382.10199018034774
171	167.04614004979106	-268.66099910738166
172	120.19959502864985	-347.25309403593195
173	199.86736604695966	-399.41507086469045
174	238.72202759219832	-320.46656579561113
175	13.152229563131158	-497.01101592059234
176	181.11129648658795	-643.3825614034477
177	103.91722072567772	-258.7994608361069
178	-74.63527540449272	-467.0048198837228
179	-30.415433734655238	-718.453024574121
180	187.0221868734213	-812.3657288196033
181	52.320388025552404	-684.8886363101643
182	-25.330308703062727	-644.5593874806638
183	13.075492998011995	-568.1149123966647
184	233.8903190157855	-504.0429260802622
185	156.96620183995398	-434.15927530240106
186	167.64677909089585	-353.97095651501985
187	-259.4301236801292	-539.3900973232141
188	-172.05877052388655	-855.0925462343113
189	34.3980015713323	-811.4708336643985
190	-35.27237016516957	-534.3851501197082
191	72.12190102183347	-489.4202771862343
192	-37.289410585991	-419.9792068963867
193	-1.7974292369349605	-281.34455649107315
194	-30.476248569718983	-262.13614056712146
195	-1.1755933937047427	-349.4052747137709
196	148.12945596675542	-258.83639384877654
197	28.466597399487583	-164.82302620534256
198	-59.705606549919736	-53.689954919798744
199	20.954045036050218	-231.0181910057761
200	15.40753739563931	-189.8369539906402
201	-82.8960252581089	-186.02805757846704
202	66.32029072031644	-188.97390701113815
203	74.56677023705849	-196.28789102445185
204	49.84775512812809	-183.8823420427226
205	-34.65542017650643	-92.48053836684348
206	61.88480863172032	-181.42396489203253
207	19.594930596339296	-262.3880785171061
208	37.72283040442707	-328.9403951054269
209	-12.442741623096628	-301.5798789160972
210	42.54959770232062	-134.74593759697186
211	-5.472684626029453	-114.65103379609222
212	31.558503383956914	-95.82726122420134
213	28.11400210670746	-10.087753508128543
214	-329.27258390289194	-112.29615128240144
215	4.162488701765695	-126.97630240616084
216	-10.498089416267675	-284.37300045073624
217	-8.760340296343186	-208.41545971343947
218	49.783824601263994	-236.11912389953235
219	-16.27762799405128	-258.54128101210085
220	2.692338213650821	-209.20135811243733
221	-22.320025785929623	-171.56025489463622
222	36.13471123572428	-184.7925649597342
223	46.90634870695571	-89.71756443158623
224	168.7906772936169	-112.01442500104706
225	122.92472063323396	-114.35427752773549
226	73.46773501767485	-147.1856738623644
227	98.971427965397	-188.302163970204
228	-170.51224056799722	-199.00659056910402
229	187.15903668975938	-233.8364339360334
230	150.5758194570804	-155.03996672822822
231	186.5523970464347	-97.81234375198775
232	70.79372657359848	-67.4945525178275
233	-133.91308733466596	-173.4081797338046
234	-97.3292711892216	-334.3772735882602
235	148.76281350845204	-265.641220201039
236	186.59512272052683	-320.1641438767895
237	-188.8795307137152	-268.1111516554381
238	206.68596629502164	-91.20135051409947
239	137.09372845463454	-282.78805335671785
240	170.41799260109335	-133.63627942941642
241	151.2800183003952	-141.162125781777
242	194.22654362210392	-125.6059810211548
243	46.934975496108635	-62.726596903477756
244	159.2641957632005	-90.0620206633346
245	-210.85631086425278	-53.60642314734457
246	-179.07098377309586	-80.15086949446994
247	-82.57216969411422	-237.26121048562985
248	-234.9369809536232	-320.20300109126464
249	-117.52238235944158	-362.700745471897
250	-135.14182969248392	-341.4284822971194
251	-180.4150585670699	-357.25917591923326
252	-236.56534566952388	22.20600545032881
253	153.10395391874493	-277.2310686128262
254	117.5006660744789	-204.33666519134897
255	173.3141334581232	173.64630499608342
256	18.460146361963293	-122.1844531262805
257	241.39027067168152	-84.11897681155561
258	-58.73179067416717	25.21761337544477
259	-162.5184453353544	-112.81167416525253
260	158.6618549031961	-74.64458943105797
261	234.09533562707688	-54.899202964453785
262	207.1086702494487	-87.05869120711334
263	167.00963180855894	-159.73231473193547
264	-36.74954924499826	-253.8901519392
265	110.89427286715495	-359.40475811291
266	130.52681320696325	-315.44332323069693
267	-88.21326399814224	-139.0861835060427
268	85.8505870230834	-51.697570341086845
269	235.77170059712603	-92.65220560746087
270	210.5223355467649	-27.317653937450032
271	182.18969348920524	-79.92444464821389
272	226.70258887585786	-37.08284523179602
273	166.92839608522385	102.35478228905158
274	-4.419302974350813	-180.33306841696367
275	234.91329576959774	65.95937680746015
276	10.303488909502548	152.2956881504726
277	4.639304081780651	-280.16374862079863
278	-153.79356611308498	-308.1601068255225
279	144.55234107630488	-314.7239695216354
280	177.41526065338658	116.61458758366328
281	186.79969628689372	94.10009285384541
282	141.0786016746305	-155.691693671283
283	-276.70727595107496	-192.79558438031796
284	-101.64224970440372	-181.1127855713023
285	154.14684532838035	-69.08614769698465
286	-33.904232447936806	-123.64046897102412
287	-8.594915980352653	-100.65131299192154
288	172.60387144042895	-130.23042241224874
289	-112.50443379167322	-205.52241527976128
290	-12.08719129353419	-123.0566102691399
291	194.10201995276134	-123.60857355368186
292	137.57019794411153	-225.1496125547465
293	-72.29190561227986	-245.35547782967362
294	-74.96690109798564	-103.92173113459668
295	-163.28396040335033	-172.5687669639081
296	-179.88697159302683	-133.54754752128517
297	-138.43820664705336	-628.1173656064261
298	107.87303529470276	-445.8144540538261
299	-112.6008689633304	-395.2985578537674
300	-133.14861356599562	-624.3610591734412
301	155.57441933341732	-409.87577788383754
302	-217.46781854529067	-351.3053510115845
303	-5.596831017558852	-273.61238641360467
304	-329.3407912667699	-433.4415082128526
305	-367.1050095750932	-297.9656603917373
306	135.60105556219582	-422.9753288024954
307	-151.64226897891743	-405.4039267170142
308	-193.47892834199615	-307.34302506248343
309	-229.6557346213427	-400.0437910474085
310	-167.69169321308198	-417.1731384632946
311	-103.52891304092508	-452.40408356612716
312	-163.49737210248898	-248.94407541025373
313	-286.3133513653832	-333.6867725038838
314	-285.5505069748111	-421.84459336265604
315	-197.1540289246169	-439.2225011632593
316	-118.71441628649336	-443.2135568010999
317	-50.58524168760128	-232.28818792914637
318	-178.96399680747646	-451.7063523258287
319	-68.44885225469069	-438.28087828748926
320	-316.6827632168445	-295.3406370117078
321	-350.7699726785372	-359.8821340178851
322	-76.44948875155828	-383.8895027235289
323	-50.045186217487746	-420.4212301980183
324	40.42135715298345	-446.95107802804205
325	-54.74742598862426	-436.6442463463697
326	119.61098020871492	-426.72980435917754
327	36.865106582115374	-151.5379879847516
328	-207.25064523638662	-288.5093677855578
329	-26.488747133934524	-224.41569186559167
330	148.9076065300704	-143.84931240466133
331	-70.30094075222044	-105.18947179988865
332	-53.274070722166165	-188.174422619454
333	-191.1056094317206	-175.9389940202167
334	-98.03216343209924	-270.81933313401817
335	-143.07287558961883	-379.30247193691855
336	-118.33349068620646	-395.50092456440075
337	133.27764873789624	-413.98389364089104
338	-80.10879277416372	-415.7852970454758
339	-61.739039130021254	-353.25120518116256
340	-56.12648793503793	-207.8359557473022
341	-214.7390609441353	-227.22092227359798
342	145.00334920441787	-196.91470640294503
343	-218.32667330483523	-135.714889712748
344	-50.13543672768536	-114.17601226839436
345	-233.8367398921229	-317.95335777744026
346	103.93367535471083	-235.4581705693408
347	167.7732246401978	-158.2747372577748
348	-76.72764631080733	-136.1480167409256
349	174.35866470681498	-33.98537611086011
350	217.25618857287384	-125.16546329048217
351	149.3673315233662	-6.310755396400082
352	132.89773701019226	-78.05496591937886
353	184.53348343630395	-70.18910003826024
354	-184.79762684840568	-83.74669290017341
355	183.91916024723218	-9.658835504271636
356	98.25998461412117	-47.321068211843695
357	17.22075098658722	-29.43561983950132
358	155.24298034606355	-41.49263144912062
359	175.48324512890449	-32.782247942590324
360	55.56764380488319	-97.26921467739
361	-212.23024862031355	-11.295520435561075
362	146.10430075457327	-9.303515860984099
363	145.44173142767139	161.33190989171075
364	126.63568230122144	74.15932550471885
365	-35.73046310987098	13.28399887513902
366	143.27645475729085	-23.308503072328932
367	-162.85919283754203	118.75403389351281
368	148.36327177806686	-105.03158216671378
369	199.4099982477723	-23.614232071994167
370	127.6018297102123	-84.98081226968488
371	90.1330336243357	-132.13601213983458
372	172.4300342763863	56.66386449539902
373	173.8987000109385	154.64466400737626
374	164.08641285511686	11.600636713319677
375	-22.744780349843253	36.4547629166917
376	-6.362300800990468	-46.06060146058674
377	90.75254062899884	165.241206814622
378	-153.85356598798023	-34.400745875625596
379	160.45446840075513	136.65828722406312
380	137.22271275737944	-37.98935506074571
381	107.37807350386903	190.4674370228187
382	131.0100189864565	-58.15391878302357
383	205.76250840308043	139.1455754767879
384	111.88247195501745	106.62495815942529
385	197.99150055165973	200.1213563091666
386	26.63918044404798	125.58362448027454
387	86.88849834218327	177.34209761284995
388	178.68498478328954	136.85809258745215
389	119.6172873919538	-57.40619981192864
390	128.33177936493306	125.9218562163994
391	-174.35521825587307	-80.66787765464257
392	146.5181331271848	-159.09073140148632
393	168.8656819135637	191.17148624394957
394	110.48653506015899	111.38265209616779
395	-25.7463605086663	122.6540035846338
396	4.915299780499566	53.66116917464548
397	166.59009149779493	155.24081688987445
398	-26.055464076288715	29.365920303877473
399	225.3681667404892	114.82126279351911
400	-170.447234739757	120.0797569294088
401	207.48970006141178	168.1629420602266
402	-56.29311352364556	-78.74704284238483
403	-271.6490173755591	-59.78450355738119
404	-154.71528021332483	-40.465190611192966
405	174.46624385343705	-58.27026042072008
406	167.66753939027274	124.34371024107114
407	4.145672739901542	-100.40294446765304
408	162.76248707169944	-51.35883346324157
409	147.064437988971	7.869321098046766
410	121.02477086468609	-56.29509021704079
411	172.56821184487566	81.45232840402858
412	126.20380968102019	71.09766819399313
413	153.09788005999124	-45.50459084193476
414	179.32439135008698	-8.170948410216937
415	-172.9974493309378	201.54151986625413
416	50.281834119758344	47.911852899093304
417	164.6133389431074	89.44204866007829
418	97.22051552509646	-69.01925525189503
419	188.7690894267575	146.8820692950712
420	146.8604546113625	131.54707954486298
421	202.76843958179958	210.5660501218697
422	-82.40560582868224	-115.84737158248608
423	217.4376508793818	96.66679435085031
424	-22.09427430847171	-58.5771392980474
425	168.367344939749	147.80523402944033
426	165.0632460585033	161.14180610371469
427	-73.44005586095828	191.37386745171864
428	-36.69968041775283	-34.724867842084876
429	-32.35661670377259	127.86627867305972
430	-75.81362579533112	133.61966319802548
431	-28.52474208287208	119.73726280426646
432	260.03018544652645	-96.0273559123792
433	164.44004631684015	97.7263177274356
434	-82.70282816809427	-158.30757614393997
435	-44.68930381746364	-221.13248463418392
436	122.95761018722273	-258.91696404197285
437	43.78899852419241	67.23752013569938
438	-68.67751873735402	-83.37686108709443
439	-129.16633363818767	-75.48970249868687
440	74.17405955405772	-229.65799056090316
441	187.61862910984757	-177.952977988721
442	-35.0678444323203	-109.85064099171339
443	-121.88259306631198	-147.96841041190254
444	-115.89565653118379	-94.0440028748659
445	-81.10614531356083	-204.04300798859697
446	-114.1219963653013	-200.60042411210998
447	81.26039007212295	-156.6372133618518
448	-128.37147477941465	-171.80443006280763
449	-194.96908412276787	-184.15655635789457
450	-148.26923226551162	-165.99978932122815
451	83.44721908822828	-293.4268138476848
452	-173.71768991267436	-335.58624977160764
453	-190.6030741017351	-350.93072008037706
454	-160.72931446089697	-204.12918128103243
455	-151.32879532469727	-376.9221531374403
456	-125.21887746977735	-858.3893243881124
457	-142.01240022708282	-337.736739943036
458	-152.01663147805345	-912.2060467855333
459	-252.54076014567485	-500.0772771175882
460	-130.94426920297232	-1456.2874281463853
461	-579.4384328347267	-1231.6025354629114
462	-213.92675131922257	-1509.4536134020036
463	-648.5983086520502	-1360.7542291046318
464	-297.1915177806402	-1414.1991738866022
465	-1076.2365748935078	-324.67254596600645
466	-116.86402310586303	-1499.6221459962799
467	-113.83830619333708	-1494.3413535725906
468	-203.3255648398092	-694.7177923141762
469	-124.35958199668484	-1945.0591970993949
470	-438.119785774596	-653.3223267746905
471	-914.043893310166	-941.8797857553103
472	-1064.5898461680117	-170.17999621416845
473	-249.28779011378367	-151.56296501287096
474	-737.3755071194109	-1662.4838322270223
475	-580.8339807367388	-82.83215552553229
476	-129.31275546699874	-904.3969773069224
477	-101.38338274935475	-718.7572101913929
478	-208.83016450403073	-639.1490896360914
479	-143.6111869513015	-791.0571732434785
480	-189.17099944597305	-226.53876789567303
481	-294.0685448693092	-337.85454440032834
482	-210.79383150758852	-173.28269957549492
483	-121.98173787582351	-586.0341228787693
484	114.55008473903194	-184.3822183152293
485	-334.59987301855085	-491.7340060204281
486	-254.8225852514212	-1316.3560322511084
487	-156.70320849058274	-894.8339618889688
488	-300.0944507732311	-1024.7911852138427
489	-405.97701171772536	-679.4256496697169
490	-545.8834179646018	-1150.9652450779895
491	-234.99558081257612	-781.1230139266409
492	-377.3089831749133	-322.2784777793396
493	-79.39251996990498	130.25910735002194
494	-74.6779200965094	-487.95846727562616
495	143.22795050389368	-596.2678942597361
496	-94.21343481216954	-330.0535878216651
497	11.217997753656539	-824.835121327293
498	-351.38027349724666	-765.5128060619185
499	-45.82131662502295	-547.1373081767781
500	-77.76796849832816	-852.6141070379314
501	-260.51128710611465	-281.91845284678055
502	-139.59003525056073	-532.5609482335651
503	57.263466239798916	-522.9700082431353
504	-416.41364991637585	-389.98886147828904
505	26.110912300308552	-672.4516732611905
506	-584.8173889096852	-569.9683840254805
507	109.70356151097582	-422.5520616321348
508	-29.311072769817308	-467.7764771138501
509	-152.599311157765	-459.1569097424256
510	-434.79136155484247	-459.2368954761731
511	-74.41127613567569	-427.84176635450825
512	-411.4049959234394	-454.88637784925504
513	-260.42657086901784	4.824025441793402
514	-163.90413573796388	-318.3099681114003
515	-51.185474230787435	-413.5664463433363
516	-49.54256437446988	-454.72357552830175
517	-336.6712398209837	-381.5169015347031
518	-238.70282622418176	-498.547845614013
519	-72.1168661342497	-559.8395112294518
520	-211.7834419649681	-486.832446404431
521	-286.2341387308176	-354.8655420192342
522	-101.91260957328493	-399.3924349516553
523	-96.04461095634447	-535.7522207210054
524	-15.41507421950699	-413.9123716155811
525	-151.09604717672815	-463.6954851399451
526	27.776156038512234	-554.9013397729659
527	-112.4900663935734	-417.8900219035941
528	-28.720600718883265	-460.6971843070765
529	5.036025376698132	-104.37548852839605
530	104.32844917881432	-307.4433474415357
531	158.04409093548	-225.86768726505716
532	-8.391412010877247	-140.25192775489433
533	-97.99919298565467	-168.37814848502737
534	26.46986762054182	-146.85891547692805
535	163.8764080166402	-99.55982729389778
536	173.69069322306552	-228.45184988745916
537	-63.18990373959289	-237.2844202719022
538	131.43241405612312	-382.4820718187215
539	-6.179811657167548	-201.27812247945403
540	41.37051849975351	-339.76544828700463
541	-7.07728002702751	-408.2998780544482
542	-49.9350753287663	-67.26798510640626
543	-29.17468119026008	-284.0043368662859
544	-60.01145287369875	-405.617032941872
545	-78.42193801161153	-421.2042861690902
546	7.3398587984863894	-293.57489659467734
547	127.70241749941184	-166.16765680856608
548	172.6691262638223	-12.937027179742167
549	220.61214325797988	-222.73433167268556
550	150.49154589508214	8.244448588110998
551	150.82622066121817	-77.28387615928743
552	87.08139876085977	-182.90359946633004
553	-40.819302710857144	-200.59873236450915
554	119.2547074233041	-84.74647405261288
555	-67.12841453994199	-39.935560224150095
556	-64.76269034457255	-280.3432586548495
557	-112.89003969024266	-133.48566679913674
558	45.379139682899954	-298.10154526406444
559	-9.350140623492754	-139.25755438070345
560	-71.65427610285501	-188.26782975582947
561	-71.31854204965373	-308.18871157312105
562	-120.43115169473995	-331.05260058984305
563	-48.887022629665225	-261.42421897447286
564	-61.419300680339724	-205.52726654382127
565	-9.966383681188178	-170.62749210735223
566	155.70571789149906	-131.89528960551823
567	-11.289094575470239	-183.84120981617303
568	-61.87839178335308	-173.95493297454314
569	4.43719044335122	-126.2409024966229
570	-35.275586191703084	-144.36694488718717
571	4.398127761051275	-101.80650164176001
572	-20.579536296867623	-98.99990401082448
573	-10.777857176264606	-20.354700347803274
574	18.02642327368846	-56.03858822780378
575	-52.10945589289252	-52.8075188363052
576	-0.8639611984432624	-97.9890085176995
577	-3.8403437208984426	-118.12337249069249
578	-45.09093679949817	-140.15790944919576
579	-36.458048850137644	-116.2621525116326
580	-3.1020767105412075	-132.0339712289666
581	17.56299042317812	-158.43735525047381
582	-56.13609630067987	-102.28108481922187
583	-14.233508203128087	-110.82684528602142
584	-49.77403499139401	-74.09442592584234
585	-8.879752284464141	-75.71543628476907
586	-1.7516924369334061	4.574086241995512
587	55.09977543048257	-84.69190531091505
588	5.885952627883304	-128.8784973664253
589	-98.7467867715755	-138.72499084143905
590	-1.6502802467948101	-114.36019260199193
591	-67.5164626311922	-108.55758031138446
592	36.67015326583767	-72.8133173480605
593	-34.3559209635667	-117.3442500386202
594	36.055726436819654	-1.6099511094595322
595	18.222031963921253	16.42488075256682
596	0.02852583793796809	-37.47426586465169
597	5.184023644266169	108.37173708706999
598	38.65932241346404	-119.87027588280237
599	39.110127198024564	-127.87152280176589
600	-63.406328137814	-108.0810752970617
601	-50.96208680300884	-107.4727617016971
602	-5.959775907273231	-16.844284711629097
603	-45.08072744679038	-43.91278371119972
604	-15.127440522587857	-65.78348045263047
605	2.24663125703988	-85.05361384623534
606	-11.342039129715587	-96.68598262777004
607	118.1003258656684	-81.38148383143715
608	-31.125813120944624	28.6013510644861
609	-59.475192026933414	-103.34664484919718
610	-39.53153618703153	-96.29015819415422
611	-57.471551122760985	-16.919529530245917
612	-18.251436396721616	-56.32265661186327
613	-25.519212682620953	-48.877182622598426
614	-6.596765915691815	-111.29358521322426
615	150.60150199636814	-73.96577921796731
616	124.90837938795327	-121.71572208923817
617	-18.61891186988495	-47.93180210750226
618	-46.92428653506653	-52.161842953705985
619	-47.20565018153743	-57.6224027919659
620	16.821837165669244	-71.68931305555027
621	-24.47358589649638	12.733940675524114
622	146.70407915652072	-52.48360553993404
623	-84.3196691568035	-44.936846223057266
624	-19.472514739035432	-40.719534100481916
625	-23.127384374206724	-42.038330113600225
626	142.52753374310873	-36.94827183609265
627	126.03665044850074	-14.928208669584523
628	53.51811137849242	-20.540237303315116
629	-253.46926974059443	30.765655039176686
630	66.09080899960854	-30.104021813556898
631	-154.02584492849928	-26.645928243604626
632	122.40932032060729	10.132494550310117
633	60.71188966203311	-1.054621069187233
634	116.3366268677199	-24.958910743920796
635	117.14898543621837	130.85293552493442
636	16.273381298338236	-2.9583364307670363
637	-23.840760620002424	3.891668878746936
638	111.39129255719276	159.69642238250344
639	32.0946735302106	52.377027724172244
640	116.7956087776628	89.08109889369366
641	7.797882797752103	-0.13091113862001724
642	3.2588098155900784	-8.724298377049417
643	109.03599521121944	10.908646588964073
644	-39.094813970848534	-5.752488979872203
645	52.542759060542345	137.37106586383456
646	69.62726852562564	-1.7689951199672531
647	118.6529027988807	134.92489122192788
648	197.19840772251607	25.394175426914604
649	84.99256368505078	76.65188381886404
650	-24.52407594077549	134.12459541877848
651	215.05220746210856	22.025651815780293
652	85.86421730362571	-16.392171092725924
653	68.71145191022865	79.46685444461559
654	32.78870631834971	-4.6121563971349
655	0.14225349627869502	52.80332194533153
656	31.852919548445485	-48.993957653783426
657	48.76911856287564	-37.96410028623036
658	24.812790847717984	-56.23211871183767
659	-95.10941783830165	23.40724380592988
660	110.17432810867619	-52.90907033678211
661	13.526117155935605	165.35310980739655
662	72.06765084657472	4.478178763174749
663	10.490672262928372	-54.665151243787776
664	12.420744931934177	5.083265249277153
665	-20.331300604081843	-3.3814233085648073
666	3.1233525882237174	17.948669984485697
667	8.11958903654303	-12.620632803063904
668	83.49652132306187	-72.0291180899487
669	10.531119148418046	-32.20573389421856
670	37.95826233269563	-14.155130661186469
671	29.872508340922174	-37.590796779273
672	5.602037469278728	13.187285697208631
673	24.199431412611283	66.55838922739579
674	-9.669149699849553	32.07931193146314
675	-33.18698576945991	11.799968190589238
676	148.03995014630715	21.924971870894133
677	113.67955821922182	2.0939497517763623
678	76.1295790429432	9.432688771282521
679	10.102591495346656	21.481502760024483
680	-6.875947932871572	-16.04432605093858
681	-3.5522809047118864	-41.639194829537544
682	-6.367132530731905	-4.405890784633185
683	-6.7364661906394225	-16.138156623095615
684	-21.926731535203636	-14.529908286794733
685	120.29175272822211	30.2351492155978
686	137.38155679292856	-32.838010404873806
687	15.152843880381152	18.085765010980523
688	-73.22090858076098	6.70325651539198
689	-6.075763581911402	16.371165042519177
690	32.2931013952763	75.43427706897936
691	110.56113303222615	27.172210802820146
692	-38.45866415886229	18.88196664482181
693	177.72583359582842	-55.4333591948094
694	15.331297742783828	-74.675180199953
695	3.608187024661433	-38.261678592228634
696	187.603870068954	30.519547081241047
697	31.054264109113014	32.1697554943707
698	27.79192017279785	45.37027535975374
699	151.84995338073563	65.32460964693531
700	40.32135775399921	71.59501019643501
701	114.57007249305694	90.36543983813883
702	81.82045110781783	69.06967901967374
703	60.531654458420334	-38.183861074297226
704	190.48466013934603	73.5694313932967
705	22.702368064060998	114.74226544259795
706	44.600297439402986	20.81832358822961
707	48.915549410418734	154.17008895644776
708	71.44575372887255	113.03891909464289
709	-6.7557495379553405	29.78723888700567
710	32.93715648834805	12.519305474962557
711	-7.255120273044714	18.955025833478576
712	74.06980704179401	-44.2823669620484
713	145.9739249654327	6.136103997089067
714	49.32272845883931	5.2074280365603185
715	164.7573677478377	110.18404094847631
716	138.49684349573292	138.40473633476898
717	190.7140204391825	27.310168961237643
718	59.71594563216666	170.3026514143042
719	152.82617821479968	92.09920416704114
720	154.3046943287154	-49.7803017073369
721	72.37559811848703	160.01636199535346
722	140.4551461561644	-234.3376965984718
723	162.3164221766873	154.6264394451081
724	124.47359879294933	127.28889041041148
725	141.30168764250783	-208.01005323386988
726	125.4191978867965	140.91720570476554
727	59.636320096747795	25.967418684972415
728	138.7495856986974	170.22083530048747
729	156.54166902621358	152.4664801611425
730	194.82840399533416	136.92533606518177
731	47.836392159276485	51.573853659649444
732	69.6870443923015	182.67547919410222
733	110.4778212608733	14.147633153957731
734	63.05096371789337	224.77397687491307
735	174.26952792679262	148.48158963203798
736	26.113004385402263	7.206647735943111
737	155.5371464815064	173.09413925364345
738	85.0783335441014	167.51706921539167
739	11.10643609441864	39.817002852791646
740	162.9714487347301	22.79479436341361
741	93.47061579057896	153.35535126982026
742	140.15888023560572	-7.552127257159773
743	62.71208353452124	198.5126470646544
744	165.16151424737285	118.18512873206974
745	141.92104849926397	83.34674350649888
746	200.21044518452288	178.45827383695837
747	84.41606507509991	102.2507373490346
748	196.28998356153667	138.76042326351322
749	178.68561398087706	-133.01463522150536
750	-30.584518120695847	35.12005666764804
751	120.13147299278654	78.09087634480831
752	24.241026715663608	106.67425520065713
753	43.59983920153607	121.00630400157027
754	-142.64849549168207	151.45072640966634
755	231.83200056285034	133.62447641902673
756	148.50786016468234	167.35219033593637
757	181.65295553152612	202.2339187411395
758	127.7074028808275	105.56579484144532
759	177.32965570764213	145.665032531811
760	154.59099531382282	-158.55895439149828
761	-155.31674023359903	184.60493999676038
762	101.70060682053595	140.7601408662264
763	-12.64087889303484	18.037308807916826
764	121.69956833399374	196.99362107997445
765	178.70848856496042	120.25014412504707
766	100.35134811942294	13.63517999364624
767	85.40106220645886	206.71971554627586
768	182.63226288825388	76.69505485772335
769	70.10106187340047	128.5091261318061
770	217.18067147390468	220.73561646317614
771	77.07925343170413	124.59396476496006
772	148.29178513088019	177.6172073131462
773	-232.6347178438748	-150.28617723900942
774	36.158041060865905	91.17235166222873
775	75.85555262148063	78.02650740621695
776	105.4852935067269	90.09213734512412
777	114.40923912591748	111.89636479183693
778	29.95799505107135	183.00964401673895
779	107.65358971744466	1.6710416227840466
780	-286.3102318740814	-127.0887830074457
781	116.33405725420943	56.71224073293661
782	-85.89749839089816	130.2282512014096
783	-57.31330543662358	-308.2191331431848
784	175.79959976015482	115.4079852775926
785	43.451918907932296	80.31249632986889
786	147.30942678676658	95.4174434543186
787	-211.39687250683744	-21.03045074833136
788	121.00043265063711	141.5179980782748
789	50.119172628795795	130.41557478592344
790	141.97633127768938	152.72864633620884
791	171.4513949957352	-48.89801024591106
792	143.18917257886397	143.1260665357306
793	48.12803789670288	34.785423969351754
794	116.80265514673137	146.7978990872105
795	72.6556381995329	136.92869556388086
796	227.8001937516695	55.72460018826331
797	176.66327679224187	191.1853255008426
798	157.40385667897513	-20.736637989088603
799	-206.35535487039297	158.7236517180678
800	191.5120712236884	122.96607268672064
801	29.261152526793225	76.44672803419718
802	59.930831351824224	17.05282843598235
803	-122.86149216424236	66.6078110344945
804	-225.46275442510256	168.91453570987073
805	21.602621334192694	88.83503521498017
806	77.47732531122499	68.56270846595972
807	182.880768510755	-212.3760265406736
808	64.92151772322521	156.75812150389294
809	201.3361529583413	-79.1090209144137
810	171.66057183339603	116.99390956415802
811	115.71312187396	-127.44089260081893
812	34.3937103659015	194.16090275653744
813	91.62075375671759	170.79152421436947
814	80.05174934563136	93.27853433467229
815	-147.28810081239487	99.90276117926898
816	-247.6411570223915	91.81980313407298
817	28.75754524561428	104.64737768846194
818	144.08228613959068	-232.16511655734206
819	173.84282468999848	81.99499858137816
820	137.58174970930733	73.46917644866502
821	135.2163016936398	-24.519504849682278
822	52.73643851705792	178.52953306612784
823	-218.81951351634228	-32.23528647834981
824	124.84076766713439	134.86356155426853
825	139.26348833397435	134.98401557592754
826	174.56762367210257	202.09559103786665
827	-26.87519642133084	147.6920215811331
828	-164.01010863733092	119.04702179018074
829	196.66468086542392	92.32095061580735
830	-181.4181803679959	81.3786727651071
831	220.67069636344638	82.43815069059198
832	57.81411092734014	126.56053824512213
833	142.7275698030345	118.84911453015715
834	81.48771362127786	138.50830575209682
835	207.91779603603766	171.97261799805713
836	-211.53222168203794	-137.03113800149777
837	92.90761812017388	-125.37664152588962
838	2.916654218987395	96.678518343143
839	95.28728932003814	67.61567996979743
840	137.61274801727535	133.16825603307717
841	221.2591779388292	159.1622370737628
842	171.1508147052392	132.78511573115819
843	71.43366725983998	-220.59776633574836
844	194.57162535986092	225.84521099462773
845	173.99982341703418	-130.3364707689746
846	147.89089812500123	134.40843413133902
847	127.03252014967912	224.42571898128787
848	-144.03522809626418	-103.93794278328443
849	157.24126657063192	141.5815258057869
850	-203.90899624339045	86.38246202676089
851	136.5593495665902	78.23502990992951
852	134.01598838914293	58.04508479260369
853	125.3043920609897	100.11624862051195
854	186.279010576857	154.1433165001649
855	113.72937983620949	-245.18063707974895
856	-183.74228142054312	131.60833605549726
857	57.22599298135569	-272.36762667164874
858	140.78954897019494	-134.9830992667868
859	173.5491929934389	202.2503608638233
860	182.95293295572657	156.38506574584162
861	-42.464285451616405	179.21337876213104
862	13.517264576254039	-80.86604938167798
863	238.90870677125721	165.64111261230076
864	79.13455315426582	204.8589889288633
865	248.67398136412714	163.0030787309966
866	71.10041254987053	110.52364501717642
867	197.907858006492	150.96754533719312
868	222.23862142702535	63.89947748156044
869	-73.5449186160697	-257.52289530672846
870	125.18930186051006	119.64040086359712
871	187.46716724634595	145.22587292778815
872	-172.9957629347569	-58.61218530685008
873	149.9960566685154	207.4862368949642
874	190.85265972921286	-119.8452675982323
875	-186.09678748702834	38.17469000004543
876	-281.44476740099697	159.1713054867195
877	-103.54052261526067	169.5030736508111
878	129.03505561316655	164.2637062744115
879	-5.6921703458706565	96.58304261725822
880	118.50370392184452	-278.31481220260764
881	104.6524404208701	178.77944273238975
882	168.28714187565163	214.34016168615426
883	92.32882866756232	212.02234223161938
884	139.94106146030396	122.54092930767246
885	196.25726026882114	176.80830101635067
886	186.01121231843172	195.50106185701418
887	140.8059106138375	-123.72892953196734
888	110.08786501085292	-78.57914901116891
889	207.66242276037093	-129.9010800137148
890	141.49968482600318	74.53398246814473
891	171.84711966646762	76.81536656637844
892	43.50798616089516	118.44829194221869
893	55.607172847915365	25.305714093370504
894	196.332745520964	36.62166120964913
895	143.63097235991899	141.79569517902806
896	185.4995770008748	91.89587039803227
897	2.0062127091463275	-73.64933965604402
898	130.6320338021493	-17.997363935939333
899	176.85883737221917	101.81086184581548
900	111.80957415026046	148.2134098493309
901	6.384229314302172	195.78443864684428
902	184.0459580824333	114.73464093070562
903	145.6766937104946	-2.1362204680985997
904	198.7362382680961	133.84445966957824
905	-98.17172721456909	171.87269460858283
906	30.496826332859882	154.14724065107964
907	207.8637484477165	128.92089914812743
908	76.42346811832071	-26.775438986032754
909	156.25200886807244	126.71897261869424
910	55.41653220577335	191.97381933838852
911	210.5182620024622	89.90905734348057
912	120.01194672106601	157.17396652178374
913	-220.49392436823598	177.01986665188707
914	160.86945029204972	-212.67159610087413
915	116.049309826615	78.84879006967603
916	170.30402551809777	175.74605802975398
917	37.462690845495715	45.091963791896106
918	211.02509017894613	227.12171499286066
919	56.99747761642888	132.6322407994932
920	169.15902792371816	162.1166806199036
921	110.7141481166781	-245.30978194020486
922	-37.52940657657015	131.9558214969775
923	175.7449552186924	13.627470325527334
924	140.47269539532354	169.73532530533356
925	131.33349227355552	80.8858827283584
926	61.43326356300143	101.20138339762835
927	154.58434330961953	40.42023513757594
928	140.65943661226174	163.8622652293622
929	21.96542159131228	-70.35695258580998
930	226.50837352328108	64.9351963374904
931	153.24163960997362	114.53399621563494
932	93.69898144804638	59.32969048437803
933	-8.147643750992197	-2.8459942139020167
934	81.89993833297365	134.88073446552642
935	-25.44464089724393	179.47495627673362
936	210.97843539076746	126.92441231381926
937	67.96321342378886	-11.48780525641692
938	169.42177245865773	190.811873549913
939	20.31817284293645	-34.607446159239245
940	191.29073378147308	-3.2898393047087118
941	209.21609641332788	188.7235878139195
942	178.8241617286307	185.40494363474238
943	198.15617382881567	96.18317972923617
944	-128.85657496298154	42.06743029345475
945	-20.745657444770615	134.96875999079896
946	51.3756040949298	-11.224903526384262
947	196.3779554364735	191.34913234736166
948	123.87353583532858	87.93693244572754
949	130.64373973873865	130.5403167205769
950	118.43566013124013	94.65505212699888
951	117.4857115395959	47.26041378163903
952	149.17713053334677	119.89860934780097
953	138.6903249449078	70.22007355439291
954	141.04207595700734	144.19261414135002
955	124.69489257169192	144.64224083297057
956	153.85287305799915	124.86128991672697
957	168.15998678047094	40.417408943455115
958	21.233045584339216	161.57565636504424
959	125.36798092133856	-187.33733064183247
960	75.30444989703341	95.13521519993314
961	194.33102619777864	102.40991663420996
962	215.11033422454528	-66.59606545928884
963	222.6678420699972	201.52433169348117
964	8.310792038190556	88.64217019430123
965	190.6774425273308	182.50184866733017
966	132.41717543959103	164.13514227259398
967	-54.24682574395059	75.54747652895635
968	159.95178385591106	181.82551658851986
969	170.21205361418288	137.20630234018296
970	-4.428491097797964	57.23788731066966
971	121.62882587449425	78.85182160371068
972	79.73795402669953	167.2513955065897
973	210.4180388975233	7.471619864893932
974	172.43751375107206	177.5345776315482
975	221.79258545122974	91.3237843131609
976	181.75713817974548	135.7180886693031
977	190.92799450359823	131.26759663491814
978	-256.26923420727053	130.27549254118202
979	191.92038009066323	200.28819196731115
980	232.38110807491702	156.5557111166529
981	183.99082046511754	105.01766312710777
982	130.88128222118985	-105.77926543449585
983	134.43745872111447	239.42034555629377
984	53.583032170862694	18.72724461994622
985	90.57447874808557	157.29115319890877
986	129.98450954232266	169.00853541048764
987	108.61934649274187	104.74040252615478
988	192.58877376908424	81.20356475598821
989	47.851421985314296	136.85123653714828
990	124.5168642170766	160.6546580001484
991	5.883837820172658	125.28066069778632
992	19.65462054699445	-17.948033139931205
993	2.399004107044324	143.56871997255752
994	148.85197901235057	29.36906487357396
995	150.12211623726435	-69.6534287446919
996	26.696654626286044	-57.25107130310672
997	61.07486813320525	25.585038306047068
998	77.77629283657198	1.4004653924019057
999	-20.572372611178427	90.57102730799731
1000	44.097425485986584	4.360971073586344
1001	44.81952637533648	-10.575394385176896
1002	135.37235931011745	-5.202284255431428
1003	149.39221155592116	18.209452484040145
1004	-38.9566348193499	-10.543231353292233
1005	-6.322661031947642	-25.153379640047678
1006	26.066462051167665	14.090340294379791
1007	22.23311748828133	-27.802501911483443
1008	120.50945214109404	-6.61470616400372
1009	16.930208967701038	14.429004126653034
1010	4.685446548035975	-21.478058098518513
1011	63.14186091395861	0.08170489441734174
1012	5.187119752948466	24.291663065570944
1013	22.202143404799475	-14.7787816809495
1014	31.695857805083662	1.150453525419703
1015	45.692287806828766	28.923494215878137
1016	169.31208023912603	-37.91767667711796
1017	-41.399861889014446	3.3973491820770625
1018	-38.046866466309396	120.80959465919011
1019	-109.64716982919613	-0.20163235917495204
1020	36.94059496424996	6.947748770962749
1021	47.322127176791476	-8.453700475106137
1022	14.741423990397013	-31.325189618228766
1023	128.05812879392744	31.879960029442127
1024	-99.56178431943655	3.962742321500332
1025	-14.920110943216038	30.853320481204115
1026	-37.981391335200634	198.4697354036624
1027	104.4249097374902	-5.971757943897345
1028	-3.392976581496412	1.743512809739238
1029	-22.767548967252562	28.193797900971234
1030	99.68985883942457	-52.24107630667916
1031	123.84888769595867	13.446283478301966
1032	94.52648537497407	14.801387098176015
1033	-16.059904676128905	57.25805115851713
1034	37.63784105610197	26.877521411785395
1035	-9.040474396074424	-20.304658435120082
1036	-30.591325969283865	130.61143880977292
1037	-27.982203146070184	-8.46317136462778
1038	-0.2192702442632597	-38.850496839248414
1039	22.186971194740956	-22.604755335649966
1040	31.157816647117464	-27.197537521948206
1041	11.37300649830794	-40.935785923272846
1042	121.09695741017856	-10.20150212056811
1043	-28.042178021231045	16.428103181278846
1044	-21.599700296984388	-39.3808156332541
1045	-300.706722445342	8.801095547569533
1046	-10.37569498590284	156.72441430050145
1047	111.72065899245194	-4.112574543337372
1048	38.59761531718525	-86.68352926398917
1049	133.25734153839727	-14.050377051758703
1050	138.51602763340964	80.27693716294327
1051	-26.15117410995208	11.761221583230988
1052	137.90264389045507	83.5703278277167
1053	45.53252201415968	38.20475812519696
1054	35.655623048258015	-0.8280567916459023
1055	31.703408361305428	141.31388524205002
1056	107.51333340531606	-39.45443395809909
1057	46.14926553706603	83.45434069818546
1058	22.408831209694824	-2.7243772458948063
1059	31.3238912933622	123.48421101240663
1060	43.16822062953546	157.10950076536233
1061	15.25784934922392	50.59673927910268
1062	110.57276228895061	24.56123769966178
1063	-16.239298741635764	-2.6414792260061786
1064	20.166528277380923	60.802661364874695
1065	147.35078437066903	-5.361579718125337
1066	129.59670760406235	31.48191136486257
1067	36.82116512520354	26.46853638042959
1068	145.26284199168842	4.717582538219626
1069	-18.06843719347077	-7.182130720109282
1070	19.251481482860584	-40.62955144751414
1071	-16.963142499326285	96.50080304516952
1072	30.187609893944494	26.551041959592723
1073	54.10721162613311	128.08284700739932
1074	-25.71088170861561	51.563936249985396
1075	17.558112986499275	6.443240890801953
1076	113.40770064562982	-8.452986602436171
1077	-2.306644867428254	-18.522858353538794
1078	20.009556706938795	40.17274692883609
1079	-2.867012798716514	1.5744121426894913
1080	-26.112188398235652	-10.699016513052113
1081	-42.17210053685512	-10.117307748049639
1082	27.97646312799472	-27.428771124145225
1083	5.2260950059028435	27.849380579113628
1084	-45.14431203022159	-33.49836270681215
1085	-52.07823879821785	7.222490985955325
1086	64.1109589561316	38.25958987183276
1087	132.63990379011915	95.5160419080656
1088	-13.479911350353456	40.099798824408886
1089	11.660054346244308	9.542973029735002
1090	8.5858340325451	-43.73639890012236
1091	-65.42181635660823	-43.03426611874479
1092	43.586689907573415	9.479577925481856
1093	58.33141889885162	170.8411587483842
1094	19.624161068565286	-5.50011847108844
1095	11.786096334737163	9.975947829829131
1096	27.593729283477547	4.840912762583438
1097	-26.769120774095185	133.39351419145677
1098	-5.307020022307333	38.78226620466573
1099	128.031181525976	38.393890258631565
1100	96.6753540057028	-22.37915654356106
1101	63.64901656442009	134.82454956573883
1102	-4.151046084955956	54.4120566901851
1103	-23.06335160812	-14.140282390766657
1104	-16.564658437045995	-24.547907833242416
1105	-8.315281313732076	-34.10720068256787
1106	192.21433359650854	22.246523232037138
1107	123.66783573627644	-20.28388970407414
1108	-29.730005071210094	-41.60616528116085
1109	-28.23526098133877	34.406698036202094
1110	72.37369048526082	9.000301861166777
1111	-92.7043501659159	-27.70590080876643
1112	-14.460521793501991	-1.3877594197281393
1113	42.49597933731121	-5.3453388455823845
1114	23.149290659322503	-23.49268324597805
1115	-19.330692207613716	-34.10463664020827
1116	15.693631173936927	-6.515740775923062
1117	-54.011736682863344	120.5912276664337
1118	-109.7301794967681	-29.760807182530176
1119	-10.747018702540913	0.3005366541211656
1120	4.860838384129554	-63.61880248887457
1121	153.85523922326826	12.83920297418922
1122	128.16209021558123	111.24607119299057
1123	167.48606388404193	121.76865089121804
1124	11.48546039353977	-27.790095751680806
1125	7.132080629380754	-53.921054229634954
1126	14.027476322999634	101.67418887141974
1127	95.9349919622108	-27.552791193205362
1128	192.27769267872415	-40.31999816990029
1129	-14.36995113227696	-46.268822159488764
1130	14.980872825175519	-29.814800636614677
1131	-28.101382510689955	98.3928563769013
1132	16.647408799642985	-12.503539739937127
1133	1.5698887363618843	-17.234974434575104
1134	-20.83861986109447	-7.352627341781872
1135	112.39396868381745	31.785530372404228
1136	135.63961016704732	127.9246620700817
1137	136.01553041947673	-37.47047975453373
1138	13.104600375528928	-16.167628964746903
1139	-5.012392081803016	-23.308008580099138
1140	-14.5379855909585	-30.026158499314985
1141	3.629937652465698	-55.316124729664665
1142	-17.220937354763944	-48.06525348375814
1143	-45.98372165681664	-9.510707827838477
1144	136.66703684746966	29.444746224383724
1145	126.66976180296444	-16.203458591430618
1146	13.147718215932803	-26.276371523785127
1147	155.04832127655968	155.69666487781006
1148	136.5410966612159	-29.5156389669476
1149	-13.274717121746958	-0.8698262035809154
1150	73.64963458243638	38.30098337842081
1151	1.6005750579884652	-52.31540499926659
1152	34.994049665460594	-29.362562458152752
1153	0.7718183026829333	166.3612037224869
1154	-35.43454863866515	137.5551055641063
1155	50.75455017549983	65.14981833342212
1156	161.91005313356027	130.2568149931168
1157	126.96055866500257	-11.52388174175943
1158	126.22260687377752	-34.67542065362291
1159	35.64358515203857	10.34080275129052
1160	-148.55933018741308	137.95563536760568
1161	58.36955729970187	118.20200881224214
1162	143.00849048136797	79.13995151682232
1163	134.84986251317605	154.49295126505757
1164	172.97440736878872	129.04872546075595
1165	34.07670978127669	189.7956267677929
1166	21.635135363577337	168.66848686117572
1167	187.5110779278247	88.24423058021371
1168	137.35108741296082	8.326404295175228
1169	136.33558658506217	116.91660373513362
1170	150.7930487314731	53.94242252224476
1171	111.32288526085861	60.17239143521907
1172	119.16418016059973	65.30536948537262
1173	161.34859565236604	111.75421753242912
1174	145.540202551397	-28.354372019776264
1175	-54.42198438214187	123.56389824070534
1176	111.5713504939059	107.12382002727735
1177	-46.245011457827616	231.517361021685
1178	41.17356077947924	184.99323955896594
1179	176.3241346510892	141.5928544978971
1180	119.9406179249162	-111.55166720045875
1181	132.40670991134795	109.24958170714898
1182	203.19149335302382	9.546467466548362
1183	-21.860419056290045	154.99435453424394
1184	-32.8904595455821	140.11082458314402
1185	-36.02159599959924	113.51601628342858
1186	-95.60134196170274	132.6112218189419
1187	114.86157825989991	107.45829353728071
1188	-33.85999817348353	116.4606665842382
1189	171.6252298894708	-76.02976449228204
1190	97.52825838801257	161.7356748841259
1191	125.31539863096525	-11.598360716499515
1192	-37.24033943679384	-185.11365893372425
1193	52.19348911034418	167.08596871750217
1194	147.7895849698529	-99.82482510859421
1195	71.26773692638898	33.20892276272359
1196	-14.770166886315883	99.95282857886568
1197	145.91952043180396	97.53138720414009
1198	96.99238805285191	116.35544038890521
1199	168.60938621356897	61.24251616162168
1200	-380.55854988289354	124.44023213534003
1201	-56.53727113707953	186.78705755762797
1202	87.40515448948213	65.92948022940139
1203	218.71108919578305	-197.3557415831728
1204	163.5577613952634	200.59188520032131
1205	12.56441551904418	128.57597763935374
1206	95.69348410256417	79.94953847123455
1207	229.92655363970118	150.1204878527996
1208	136.57189747586438	105.8251999290255
1209	76.1889098965894	112.317274905682
1210	199.65576383653854	66.71395057018415
1211	-200.01296970742075	117.21070753031185
1212	179.51043217902065	175.77384269915046
1213	231.01180293828017	143.54293306396113
1214	159.8956395842954	179.86140250826247
1215	203.95289511506905	144.1865125138437
1216	183.9136075916942	124.54288001693902
1217	74.33665636757637	100.05917046862625
1218	162.03691375764237	111.09841780009972
1219	124.2376771788794	159.7310096310089
1220	140.33805728860125	137.66455560094255
1221	131.0707064028448	93.02029767070697
1222	-574.1466294792984	113.23195237335784
1223	146.84146239523108	-75.06544537314687
1224	232.0700094485598	131.1353617581381
1225	161.96425695410014	149.85272107509152
1226	-52.62415120436562	80.41721631562567
1227	-51.747991849400506	123.41455511054303
1228	192.5185968181858	-235.20941578140315
1229	-132.11002140644786	143.93272352893086
1230	221.7991972969735	99.28504971156673
1231	117.1917157553172	150.7248046331574
1232	17.34383889864928	100.97018207511901
1233	162.98807368117457	91.78084900578548
1234	98.92267010008074	170.31465236864491
1235	34.63757258292604	195.99187425004962
1236	128.36916028534347	-544.9783798695091
1237	62.016412252746775	159.86285975681614
1238	-1.7731309243898452	114.19648898383738
1239	68.50575307574111	176.67653793667535
1240	150.19398441483517	145.67869048523127
1241	209.2177631537666	-64.8467326534074
1242	170.21199350882915	166.5110086291529
1243	17.74465145018732	103.87211674659602
1244	53.88653136462686	149.75106679757397
1245	102.26743855838922	28.184888827972017
1246	136.11975849627382	-13.764334987685055
1247	130.57036077579602	84.04488491093068
1248	140.68039734761538	19.1131328862774
1249	194.08627903887447	110.36887851230146
1250	-71.8606737307998	153.51536838850961
1251	-28.68732101096201	157.43031485307876
1252	136.26078745300498	37.69811718359957
1253	91.3371876115993	86.81391581185787
1254	38.615779510425384	177.98608855475632
1255	138.98283258147893	-18.8639657646259
1256	204.1654263488739	148.5071267983254
1257	164.20280021925782	115.62543618787035
1258	101.38276730865329	127.0238634918438
1259	94.47967613952648	164.08247865771875
1260	-9.09100470030011	36.28397903594601
1261	159.33327759438916	73.22098509496418
1262	109.92965419971443	193.7239702782819
1263	137.02762645609715	101.76911330845584
1264	118.26004661360176	185.26871416370398
1265	-37.05447967174004	118.16755022805282
1266	126.30160143311261	117.76713195540393
1267	162.00207861306197	30.742744785494516
1268	194.2134334036872	165.0869239564887
1269	-253.8647544868046	87.45349901022179
1270	98.33828597995968	82.28660279709779
1271	78.71639440008936	98.26603877361451
1272	113.42674623851788	-10.568650906087898
1273	-115.3218304074392	119.41657189331899
1274	169.92138349634047	186.52812526249744
1275	-34.03364942446763	-172.6792833927185
1276	121.85712598645608	-46.92467074679969
1277	-13.010069804109207	-67.19708805482664
1278	148.6528714794411	-56.05444681020754
1279	142.7836820443648	160.17667671096274
1280	156.3148340811092	92.3253359986442
1281	22.297974629690955	-32.72014192239641
1282	47.45073041596157	92.53007748487751
1283	182.45740573457732	88.46849577182712
1284	141.9168222214597	-50.37769828187466
1285	30.305658235427124	87.01920408949147
1286	177.77206997611268	-0.8919343918526466
1287	33.86320101723864	77.48627231047652
1288	155.5971238650572	-65.72004965283764
1289	119.02737663322638	-0.6515375484481665
1290	54.384533328345725	-2.188619438071247
1291	164.73554785038885	63.194008155096256
1292	152.24007496703518	19.704331302161798
1293	143.15492695970477	125.6837374843337
1294	-12.05648078159622	-51.425129692821876
1295	143.69037416908964	-84.7911610349344
1296	-17.600595625325496	5.10799003119774
1297	117.05828222035473	-22.834789394623318
1298	-15.653032980290979	-111.12264119833499
1299	34.21646690672526	-36.393341923020216
1300	0.753013190132662	-19.75269863638227
1301	8.75258172291133	-56.677586349521306
1302	184.11732100369107	-58.326837633851795
1303	-48.082853961755866	-25.817619054753447
1304	-56.75235279294056	1.5241787331572942
1305	191.66773254733806	-28.91551465654608
1306	-48.891045291894386	-44.427292619780886
1307	170.52235056541377	-6.747913265166161
1308	4.9891278458653305	20.68653951712286
1309	2.421356051616797	-5.061561809716331
1310	133.58440117896356	-2.5785014920250604
1311	113.5397254267503	-19.281631851805805
1312	-44.86805222366678	-28.729326937937373
1313	91.81577261155945	-49.38314505713089
1314	65.81659666602766	-60.497786405023454
1315	-7.56547034240154	-14.846455314111582
1316	-47.204182351226265	-40.800232722661
1317	-25.549667122273448	5.691445124953015
1318	39.66910471047299	0.43006339849178277
1319	49.054373642621506	-8.373295230996037
1320	-30.714786179246534	-5.852169495663201
1321	4.355135382148865	41.12385303355285
1322	137.94567771529364	-17.032700295915774
1323	-23.18596066198008	-55.755346888470534
1324	4.579001596650298	-9.992358424153153
1325	-34.8083116335732	-18.398295732213526
1326	46.19192396970713	73.78118728813664
1327	9.45983470429405	-9.61471451631486
1328	-17.2821349140325	-12.406696556702473
1329	47.600701658094884	-22.589190131604344
1330	-38.22255816272257	-6.487646314082199
1331	55.60940651020374	11.982782035843693
1332	18.179763750797456	3.6966311993767587
1333	-18.564451150808488	-12.511969545941776
1334	20.03217287863417	17.030342829635966
1335	-31.691226718739383	-18.056547262810348
1336	31.510343588153184	51.45160237177669
1337	107.50483278612113	-21.275338979655995
1338	103.33026979847197	10.421447741917879
1339	21.090926243487502	-16.271181148199844
1340	172.684758258669	65.00790759523342
1341	44.176406002942144	-35.5907279344371
1342	2.4016300991049615	-34.39795660970721
1343	103.14701623550656	-13.766526157384137
1344	77.80895509080811	41.93910944833247
1345	34.309266341052506	-13.537706993129731
1346	3.8176701762205347	28.138216320074985
1347	-1.7177021145226832	-2.7269194355214283
1348	-9.53226260520318	-8.294767800512105
1349	86.98355732646709	7.4596292658502374
1350	168.638032843625	144.1966438256709
1351	110.08990919293196	18.083084165865817
1352	-9.07703378510932	147.94427253319242
1353	-50.787439238849785	-13.595912116857898
1354	-27.26918932819726	136.06156538313297
1355	144.12056436094815	-68.71133853825367
1356	173.83672567396422	153.4997902485748
1357	168.29709076155712	-13.140629397287324
1358	8.244668086646712	116.80156012056183
1359	52.19206905610785	163.03644490661378
1360	209.50591383948523	118.79837296944643
1361	70.64709256294807	135.00251048178148
1362	168.04389755466866	129.32345654754573
1363	30.398969851276952	-12.754705977107221
1364	70.49077156886138	-9.130076937927093
1365	98.05825734379897	-13.10097209912115
1366	90.43927309220376	-17.19725423329285
1367	129.44473692518937	104.62252820606763
1368	204.39440386376134	3.4093270785700858
1369	161.09827708898024	-58.71917245453811
1370	89.00257373817664	116.20562260593256
1371	134.3116715978927	149.51091886204836
1372	180.35348452911632	213.40963675252965
1373	151.59945117384842	-20.696128704333375
1374	75.10148142606826	53.278123331701025
1375	13.353840821979597	76.14561384239843
1376	149.14045459956685	29.160086917024685
1377	192.17170455371405	-10.48299654528716
1378	52.984249380884634	120.80180389184497
1379	115.87380195789082	-15.061567015032546
1380	170.87341568228038	-3.2109739530424077
1381	109.62820496832448	-25.89241699435852
1382	162.47989086592597	-53.4816896566449
1383	-41.42609138973813	72.22965604596706
1384	136.66855356424816	-21.031485614275734
1385	116.4676003990039	124.75491236602141
1386	-9.878639230750109	-30.929124747739763
1387	118.92515701155341	-35.77508691522029
1388	-7.2266366690515875	118.74453191727662
1389	67.14686470411174	-39.25710826698375
1390	-11.10432001624738	129.85167818513355
1391	73.99153223466516	-34.41097495436252
1392	130.67356268287787	93.91987438962252
1393	178.35153402993285	22.82839349851593
1394	246.7846039581437	-79.15544590956537
1395	131.231006312115	-19.46413780040047
1396	182.97527346753276	80.297591781128
1397	139.13134133084608	-61.366751496660896
1398	102.23381731626034	-42.989809312571
1399	72.39938660529548	117.0605089833669
1400	2.640123089170147	-9.528410035961686
1401	89.21957817686436	168.8100576403449
1402	136.39241095233353	94.51557937062891
1403	189.45901210880402	87.10451558137879
1404	81.48804690332213	124.07724482045191
1405	132.03769030319265	117.10433906668469
1406	6.093312620217948	-29.382360041423297
1407	146.07115654556281	86.26575968220605
1408	13.68461989127737	-34.56697347915906
1409	140.53699633733675	-20.18384982968303
1410	-10.43328047679638	16.84767072122679
1411	119.11409045879684	21.89351512357982
1412	17.522282104005996	44.54759523461476
1413	46.27814021846041	217.6052617363929
1414	-42.51402143635853	-2.399025755302123
1415	-19.49658676334119	164.53356204814634
1416	126.59512840349112	-19.596993371708738
1417	4.013673287045728	49.013116333890245
1418	156.67567147185136	-6.306807526463257
1419	183.06755149539254	-33.4145705258448
1420	7.533387848371277	-29.562347832769543
1421	11.560624535779981	-24.209274000565582
1422	181.45156270691925	-39.547898635318724
1423	42.282656846715206	-24.163214216557954
1424	57.114676185810616	-48.15559684023937
1425	-44.65062363262666	-43.863544999498664
1426	-48.06550769617115	-1.6516097003431123
1427	-39.74259974090781	-39.23623723239613
1428	-22.676635180272985	-46.10783031875021
1429	153.81740241889412	-31.209953834884217
1430	-3.2808358483827016	-55.575490772378956
1431	18.125582123125266	-42.76417700507566
1432	134.37925159806704	-59.588219146246
1433	-19.6781111594848	-50.599576578535405
1434	37.88039680376992	14.613909023570493
1435	4.498098661315654	-52.46124981280317
1436	-6.224964697848822	9.10602652400139
1437	21.348033959594392	-29.472982857033735
1438	148.38084059491587	7.049035331037619
1439	-27.25386897283585	-32.757150814593864
1440	33.732196920463466	19.751658427099926
1441	-28.054740076801224	-17.885815272562475
1442	-22.283307144751863	-33.596236789903344
1443	-8.624511042338995	36.95318710661785
1444	53.28803733598844	2.2425070645467855
1445	60.18930537703788	-39.66640198076767
1446	52.89203759363968	-17.60371175611149
1447	-32.52404033343408	-40.54421519310787
1448	-24.13585080122261	-33.002444067670616
1449	-43.480670550374484	-26.16528371450817
1450	-48.217513784523426	-19.706439036157565
1451	-52.44052227587742	-27.588564176025386
1452	10.907935379020628	-29.683364282776314
1453	9.685349185475571	-23.862032575851718
1454	-10.014297325507346	-43.601576402726
1455	-27.375895846657375	-17.70605115596928
1456	-33.39629554877069	-14.84553521853353
1457	-22.946225851054116	-55.22048152668495
1458	-46.37266492412048	-41.86168751494611
1459	156.44160694281666	-29.40729057826957
1460	-48.86524172787606	-31.4421242345087
1461	-64.68976710663102	-18.656306807072397
1462	-37.3216267523405	-69.7951155588158
1463	-48.272297014433306	-57.623195283533775
1464	-29.79712664619695	21.65727029157666
1465	35.258962452413364	-50.50213381209649
1466	-29.689168742330946	-31.253426757607972
1467	-54.43721591770145	-56.84353136823847
1468	137.84397552030055	-19.697269058096293
1469	-32.38254714741339	-71.63344772542168
1470	-39.127258071981245	33.969262215234714
1471	-66.88574291569765	-13.164920916913587
1472	-30.99890042472573	8.19856018186097
1473	-28.44468123309746	-7.554603355155746
1474	-38.84089033756244	-70.4451856848208
1475	-37.88587732226355	-43.50921534098116
1476	-19.41756004810873	-34.75830507841735
1477	57.80196624361897	-66.15069345336966
1478	-24.48166798095614	-64.14308100756055
1479	-15.173545767950657	-95.5544283814661
1480	-35.822585412335926	-83.95242157688709
1481	-19.641919851580525	-66.4385942533416
1482	25.839020859359824	-83.75493750479386
1483	-48.2761188891938	-53.82154026531623
1484	51.249341949131725	-27.164904815846672
1485	8.936282734211689	-10.667506755766288
1486	-9.167925918812035	-26.38624113724734
1487	34.98302983271849	3.0102717388363667
1488	-36.52816514927179	-32.765506872765535
1489	35.28133802899511	-81.77028590771968
1490	62.971177601774286	-39.444671919205184
1491	-39.347711823652624	-14.201660843015024
1492	37.057417436774	-35.48537435633361
1493	26.7486307818751	-47.90269674941469
1494	-11.985208108025876	-24.611227104328265
1495	-17.188484837690602	133.67299800859513
1496	-9.231152447525716	0.35609234270142354
1497	-1.890872633907533	-28.711591973097615
1498	3.0006923595085473	-0.16046622683241818
1499	24.865847969070327	-7.931064148574766
1500	-8.817953634029998	0.755773148332191
1501	187.67368177105848	-55.928057459031145
1502	14.644063461134953	-4.492342026178584
1503	32.792112947276635	-20.97540032981788
1504	-5.044596490981812	-35.10667029245791
1505	-33.988931339013405	27.00915524873694
1506	-6.800623710940349	15.374007143331834
1507	30.46084593909865	16.24989186971992
1508	-17.136585299532193	2.396541044338707
1509	60.92538171137166	-14.727241521619824
1510	8.955321949291811	3.24821246872968
1511	43.60200891396104	-26.95182573021462
1512	156.62563656040345	-50.6606855206271
1513	34.38453374946584	-7.830378655080857
1514	127.02910394568251	-14.518780313176713
1515	21.490572431316288	-4.430209914670108
1516	54.861810622330665	47.8485422211751
1517	61.66477214581672	42.7639949807869
1518	-12.796724868858021	0.5147437830782768
1519	-7.610321574038086	136.8910827765601
1520	43.61812150643006	-7.849704011177154
1521	-1.5332550094370199	2.756328260975861
1522	201.27277292378733	19.87433484622184
1523	-54.93238816037775	6.7936273894494015
1524	-48.126120576021705	27.520418444262905
1525	127.89976152124962	4.771608668204235
1526	-13.90723747011572	-60.69442954674584
1527	8.996982938927466	-32.93537722794897
1528	6.1729813933262365	-5.659738565152827
1529	-37.79914933381042	-46.49676705306572
1530	17.01790354608286	-19.276506981001813
1531	-10.770019159568596	-14.515801309015117
1532	5.364573624220921	-15.24453739143847
1533	-39.02181041792028	-31.679968407446832
1534	-7.042643198156257	39.354176419278645
1535	1.936035294891201	26.563470115521444
1536	-35.427199858658035	-12.862614721348052
1537	-10.061937194446163	-8.245984775018098
1538	-3.5651267694153628	-60.82143029330118
1539	-40.92891007458347	-22.20465153452895
1540	43.76469397881772	-0.6710019356194259
1541	-27.08084717759893	-53.18262664120829
1542	-11.968957859662089	58.788316106634404
1543	14.18519179645116	-7.685028349268533
1544	-9.73656098041372	25.583425302040627
1545	116.99445042044789	-2.7653842577467254
1546	-2.3688146721167844	13.84792515368283
1547	-30.447954724731055	-22.389613045561486
1548	20.3508600883628	-2.5744967952261772
1549	-18.873073887129298	32.48681526963825
1550	4.6152317709223665	-14.305176211929577
1551	14.339451722504702	28.144810180721954
1552	25.499912901628907	-24.344565316528996
1553	15.394320661463814	-25.13064071892381
1554	-13.509934594196265	16.536305965475904
1555	-12.419245689800285	9.511682178154125
1556	9.596806697490367	55.819129487709645
1557	-9.241096243329066	42.65356318360773
1558	8.919908601528531	11.82779827655476
1559	19.35174460807115	-51.70472481523828
1560	-1.9917187190038177	-41.844561218905945
1561	133.7412272317599	2.731516131119852
1562	16.245239934758832	-18.38212968844757
1563	-10.211413295517893	5.084833646454389
1564	40.907676198308216	22.10749695116324
1565	2.939225639123369	-27.76040026989066
1566	12.206649999981275	-13.713745188492675
1567	-10.33673827102459	-19.80977674524007
1568	-6.486577083887662	-30.444476947091555
1569	16.25550581856171	22.617940845018296
1570	-19.541572433476805	14.74324586649602
1571	5.99860834276625	25.944665272429862
1572	-29.66113568396279	-9.17726067538565
1573	26.823034612119663	16.107635456056297
1574	27.334835008183898	-47.42863843053287
1575	-23.295554040420427	-18.900234915251236
1576	0.10055494661082243	4.259399667843855
1577	-19.91157790899989	31.827362803558263
1578	7.638462707358061	1.4259204042304965
1579	-5.078395973694123	26.93470463977272
1580	12.120290695518328	-15.273626667557345
1581	18.625889483165196	70.69639981705453
1582	137.99799944258797	44.253700526933464
1583	9.989425613426011	31.9120180835319
1584	60.047664898234274	38.61250690639757
1585	-11.54670855459719	21.4032210221961
1586	38.980388505455906	55.557743127099336
1587	15.866654494000548	12.284222225755432
1588	-4.469957811076316	8.177842640149398
1589	52.924835812985556	44.73287588565377
1590	9.87603540745662	33.66347656289542
1591	35.47362187229369	33.284144077461626
1592	40.01944107702189	-8.960070845938217
1593	-0.9071991788389375	164.04817883995895
1594	65.7696137156692	-28.298071758925044
1595	57.63826967360248	22.862268032390368
1596	-9.776104625020771	-489.1995378338747
1597	11.280876595152552	166.75761907660535
1598	77.88546075024533	13.914990297729403
1599	36.887768951352065	13.313283774156508
1600	67.26723337814639	23.506593946621376
1601	45.523854485525895	128.1457102409837
1602	50.4708085229676	5.273309118971081
1603	47.60770533680706	31.120542597209763
1604	81.73374053537526	-0.06548998502006464
1605	107.04830718806626	65.65667081568834
1606	74.44534321828607	63.46931086390323
1607	106.92672357468781	26.923065922123673
1608	-647.3879412883027	38.530149218246784
1609	46.215252040452114	17.58035306609123
1610	84.5018451281622	4.239893207614787
1611	70.11480937355941	-54.367362914457765
1612	39.38267166687329	43.897670073359826
1613	68.30552121648836	45.37582350196725
1614	139.05901539689393	14.602077028720917
1615	47.21373676289279	7.694344031928918
1616	-380.58634415457834	142.90966240543273
1617	19.006012265565353	48.51484541382212
1618	52.795037531798584	-418.8320899066238
1619	-276.94100980716223	33.31005649214842
1620	78.08104971980461	174.43391904810494
1621	93.54352414376226	103.12218100090475
1622	61.16942062052694	83.45755313537447
1623	77.46467966175736	3.237508246185487
1624	-449.82205103691064	11.043914410115182
1625	96.31889965612224	137.43543468345877
1626	-40.30723179969286	-82.94322550309057
1627	35.69175176872899	125.77782644853345
1628	40.78801335103914	23.459016831268954
1629	31.202079365085122	131.9350505139785
1630	82.18775416854844	155.01635373053506
1631	80.38355384795217	44.939544289869836
1632	135.9128397541634	82.37042074111021
1633	57.34467689738342	-75.11870013717468
1634	27.730918423825003	47.202967529429706
1635	54.35700683844012	12.721492918041287
1636	44.843234914103725	70.25694056008697
1637	41.25096876218011	103.38191148205345
1638	7.943112525643085	-39.8060497626481
1639	23.4038069269944	1.2727256234202158
1640	81.67295590354348	-8.443326531422185
1641	43.872807481211936	66.05303536426494
1642	79.92340733124051	-3.166209764753194
1643	-100.81657431374796	-115.78472942834665
1644	88.7431480253525	8.789208134192304
1645	33.29284475323716	112.64926510517742
1646	34.71716626949046	-9.236605363049224
1647	20.692935089846703	-85.62116928231734
1648	74.33153263386444	27.684747573989966
1649	-109.44706191113195	23.974576591793525
1650	-479.0205279980912	-117.28386320528115
1651	1.6210543226771583	9.089181518023228
1652	13.81852832849379	33.37519844964019
1653	48.31186307283136	28.259368016151303
1654	23.08218991887141	90.02433477360462
1655	-91.07568772906805	-120.29337644678276
1656	24.21665110270778	25.702288928838918
1657	133.06116623555195	77.82116407708887
1658	120.13119185233349	42.33522825130191
1659	100.7494957900965	134.88320460874831
1660	-116.62741989628137	126.41225545625201
1661	-280.0863439647409	28.78124916670656
1662	6.465892459018091	35.835560579752986
1663	-125.48856980885041	42.49821423916678
1664	74.94452398708883	64.43196276143489
1665	6.8427019261688145	-88.88795925181418
1666	-38.39633099175512	-120.88582840776539
1667	20.938358568726347	-119.8125479188549
1668	17.59316287735025	102.7584579625636
1669	61.95972681748447	131.0280598166149
1670	-0.17555387086701124	126.37466797092189
1671	131.87564442652004	58.27733857924888
1672	-125.11081873554593	-62.96402299794788
1673	76.5385125437285	132.54894909384842
1674	24.931420056299476	141.414791350414
1675	37.57786980522124	98.26220576318677
1676	55.17656897480308	11.601289656140723
1677	30.16439772056173	14.47447984914906
1678	24.02323138801369	24.851991802459896
1679	-103.39677222622171	46.038111201711736
1680	41.76558951860914	64.66970028583853
1681	65.31601414457458	39.137580475294214
1682	-158.80884067781892	143.24419171581383
1683	69.5405595799986	44.12607930193648
1684	100.00315294526118	27.99320863453538
1685	53.492919504408356	49.901520224603445
1686	20.650683002349574	144.74259766223324
1687	175.2950625495949	41.566167466811
1688	52.08888271180726	123.36929152226864
1689	18.01302130869741	-12.629086929091061
1690	39.20703756243047	24.516899672707908
1691	42.1703779137198	125.48692873747825
1692	141.6611343366571	-24.31253813095035
1693	57.28091979704089	-6.910714110674089
1694	158.87013266120664	-0.47604337313819045
1695	27.528176997097567	20.13970154505423
1696	129.44410257587938	5.433474501946761
1697	-126.07190663909152	-9.259608769037065
1698	34.71169001742975	-18.09908299218898
1699	20.07205427654684	40.97261525681022
1700	-10.03462283694064	33.50960250754701
1701	39.8447537246388	20.074742179585975
1702	40.18943321102289	-12.1219677601894
1703	132.81352179785208	169.31738465209702
1704	30.24748750213405	-126.41893077456226
1705	-574.7218105571444	-1.4375139067322205
1706	59.16493989833284	-16.46323326849295
1707	165.18495652286498	3.4174002934644063
1708	59.447653762331385	29.7047550341127
1709	-0.8360637267996984	-24.30848522158815
1710	-132.5455959065987	151.50631617548086
1711	61.28408730119272	-5.216833642876343
1712	35.9042739427319	-21.791097992570194
1713	53.32281900352727	152.5318499428926
1714	19.724532803386893	17.876265683965855
1715	33.36050819420447	2.7965111385385217
1716	29.802207771855524	32.307142171852966
1717	48.52931175657966	-27.099297834984128
1718	49.227325412932935	-11.197141224084515
1719	41.18741841847749	19.693032523199204
1720	-8.753094630831132	38.88378913025124
1721	127.07840125392639	-24.58418737859582
1722	73.10331455500896	8.59784165285785
1723	43.432840935739215	-29.105226289067907
1724	41.122921374115066	-8.028419890163237
1725	10.225736669347432	71.75530782508717
1726	51.37165511196866	-5.087984037715471
1727	30.187702003974227	-19.031447798417005
1728	118.8449527518265	-17.220691410490122
1729	20.567395904658355	142.74975658304933
1730	15.476775948609157	-18.39373750681674
1731	44.08172026473774	37.24283156955142
1732	30.769836562640826	-40.99932617186599
1733	32.46560326693631	-44.50087182077133
1734	53.08022765860406	-37.4017497207768
1735	-30.933902273517965	-5.8218548936843275
1736	28.648289429558552	-5.604397011321306
1737	8.218111550919627	19.362145568999484
1738	13.20775291987544	22.188198413375197
1739	70.45983338757084	23.01572520571662
1740	29.969492174373354	21.991505742438658
1741	38.93329673690143	105.82390534575423
1742	2.999495901684165	33.45677380779502
1743	13.869007349206772	49.88945406686022
1744	26.163309405715662	3.305467579338364
1745	35.70911341238386	26.7796597771597
1746	-11.088028693437789	41.16304455313188
1747	149.259255392745	61.87107574216378
1748	-1.541036840237836	43.76362226948355
1749	39.537174795451314	32.915324286038285
1750	55.12685943884681	73.22572628937274
1751	26.394278075928348	31.392428720612973
1752	87.25100124172232	-5.56792572363903
1753	11.051227330688645	39.01578628323123
1754	132.61725976365219	26.128262413762922
1755	34.682077937379304	-15.183541592810487
1756	6.653034207006369	122.35978967670128
1757	56.35765318926815	-23.311399278728157
1758	60.53043839325716	14.748726474418158
1759	161.10593620826432	64.01758007208208
1760	142.0522688489561	5.53169337506282
1761	157.91094469887494	52.08573375690512
1762	53.61445560289694	10.851822222360735
1763	49.30711538306661	61.75501438370181
1764	109.35302299510468	27.751343715160562
1765	92.21133992414751	167.52255041454788
1766	54.505706051810975	16.1306892027526
1767	159.82595187591312	134.65859847114922
1768	20.792934859882468	-706.7210376680903
1769	34.50663257689842	47.03795874126231
1770	61.29094689103909	30.267846468417886
1771	54.96609745664248	8.303034855929718
1772	77.30569758107339	65.67152895142385
1773	45.43927330838359	81.74318863891509
1774	61.97688103867661	32.801243796556406
1775	-640.4972645973988	143.84007797329153
1776	37.77811972763137	15.641156758831423
1777	45.29240629110896	-286.87140541503004
1778	31.869113939993117	17.95501027674782
1779	33.03900679917103	22.222637681941876
1780	12.054994766457945	167.3064216307477
1781	57.08142726262911	182.33502644845308
1782	33.61798713043672	58.54803093913199
1783	58.92395872258525	13.001152613090266
1784	43.608659465833036	166.52565973901307
1785	10.553071484131538	128.2299390132954
1786	66.62907066681777	64.77307282431792
1787	55.296488990913204	2.5646229249834267
1788	156.89980291653094	61.77030971857801
1789	97.42954309097146	16.682852431720395
1790	65.2282652940375	20.886943367545705
1791	23.896419483916905	158.84738922414888
1792	52.175035351174834	45.66069043030149
1793	10.42561239623824	138.07312341886262
1794	16.70586937435413	45.663894208882375
1795	75.06149655859691	40.242257062633925
1796	78.34536148601346	48.19270565182321
1797	58.727430338637845	5.228935265869752
1798	52.93578677460717	63.32534679337538
1799	84.58830514631224	171.67355986702265
1800	30.662430919193536	190.130227216578
1801	89.47094523951183	-6.574879870333057
1802	17.88651980776774	30.12355744152293
1803	87.25805875233112	30.763691472111518
1804	191.52014547474377	14.151004718573915
1805	-78.2439160880061	108.8024456843811
1806	198.69708509873553	116.41239178232158
1807	7.965453151530418	54.56115554476987
1808	68.18855683033445	13.86350810877638
1809	72.8689830988325	44.14105047696414
1810	65.11599036708832	20.93494741914784
1811	32.46401191831108	83.32282199884006
1812	5.548547645632647	116.70256487208934
1813	161.94963569802817	48.251406973488926
1814	7.101339044865286	173.55797152636922
1815	8.29546164563896	163.4972250431096
1816	37.889660939525896	11.627123975600599
1817	18.843867862915626	128.74883110963972
1818	193.80309905836975	0.03708544219436405
1819	28.372538048959083	-4.103401518840251
1820	60.87042324568427	-9.318157319767945
1821	61.04837025358433	8.845614489219505
1822	21.537872616179712	54.172818026841895
1823	95.24258694825068	151.16970563069907
1824	116.99768025736218	78.32265848238121
1825	92.73659194298024	22.694169937388182
1826	144.3436865380143	176.1241926932071
1827	73.12179094784135	120.55072257927326
1828	75.19063151006752	42.5342593916445
1829	82.32481564907886	52.509816500608295
1830	42.839349799915375	50.00096968224005
1831	83.70346742907311	47.16526712298935
1832	46.85434047319896	38.46870040416802
1833	68.97818641567196	218.52050942365344
1834	77.28395524880982	27.267986875915394
1835	33.9514904105489	120.25223643113304
1836	56.718723013084556	35.72484073550711
1837	13.918994549827676	3.8223092392120184
1838	45.726674138723325	61.57964947097409
1839	28.194036562076867	53.969145427912466
1840	22.647970089575168	148.9787829068664
1841	53.46498086597348	145.79959895740956
1842	59.69497272590925	75.54501074891219
1843	192.8696212374963	154.27459738226872
1844	24.70786001625499	52.22013353118246
1845	63.97646412025133	15.134675009668667
1846	119.17814473152085	-15.193988774770855
1847	71.27645729945579	27.072167761852715
1848	9.19400214811154	15.648438466543428
1849	7.2191268072830965	159.22067498084084
1850	19.802998032041632	187.79385427715602
1851	59.3009249681232	88.56013378932988
1852	34.09180714291456	30.934905430515478
1853	125.41861554792095	86.82918967752875
1854	71.49275472829119	173.23237764070166
1855	20.75728175613735	9.870073160643583
1856	40.62656325678571	76.5826027942073
1857	22.4713648503998	63.9138632925373
1858	30.426303150030297	36.226484748419054
1859	60.045346922880505	127.17572287516155
1860	-343.17181241235653	11.027976401056028
1861	140.78417299631738	9.318602638987432
1862	31.03245868107764	17.377232211889844
1863	1.4213530773211487	0.6157754133329183
1864	27.324350204437604	-18.8037842755049
1865	8.497615692210678	49.72491881173837
1866	187.7815157691736	116.4598258298044
1867	96.40931444014248	-27.94441203600903
1868	78.20856071630884	165.81194955889217
1869	27.08441264617636	55.493380748807674
1870	44.43254160235777	71.87836107809996
1871	34.83831542709456	46.459854190644606
1872	49.697385258030266	49.19712050075276
1873	42.38663413257837	9.777783810072583
1874	40.024561194425665	77.921185963331
1875	8.182148944966086	55.450334630094915
1876	41.82600975315264	12.51334108799829
1877	39.84909804323964	-6.765203482356943
1878	14.885095135653678	32.78386359911543
1879	46.342145445803034	18.588230718116883
1880	54.58478762717233	13.617303785521775
1881	50.74323264482514	13.593139521057072
1882	4.910882710264132	21.612466058377287
1883	-9.401542598167719	83.96059639782523
1884	4.883799607948437	20.056324904897764
1885	46.21793729738219	93.69421626952679
1886	163.18540595287885	41.19467254759149
1887	46.4075211437037	97.94364423763736
1888	97.941377645992	154.80383573769836
1889	38.98675799276902	27.406863962381095
1890	4.535032624533496	-2.1371480729790986
1891	24.28854821901308	11.466709831217242
1892	20.873324318089974	-426.55828831265967
1893	35.991927764255976	-7.516164222732969
1894	152.52402800257934	55.77454258548917
1895	36.37526608147343	18.55629813376449
1896	-24.83563743700921	52.98043781296588
1897	61.71804224094341	1.716004896172899
1898	152.22758052424032	43.430425027349145
1899	135.96453139707177	32.267723487182685
1900	33.69751794290805	1.7951222571401633
1901	52.96898732979967	107.31140497012709
1902	67.85793529269465	13.450452953668297
1903	13.130805883622159	-4.321315833948261
1904	22.374126833567786	30.636058314493848
1905	165.65334717839994	25.62371147717098
1906	176.6357859001007	-2.7696193734451455
1907	150.92094576197192	99.54955059174637
1908	18.15555387299661	-0.39991542503792177
1909	43.229709440601106	-44.669509898133384
1910	76.29448907711586	10.174183654295488
1911	-15.623720750601036	25.90212180534532
1912	73.6619912324156	7.559878138680911
1913	141.6347068072184	123.40012923716355
1914	6.842545422628516	33.69982912577088
1915	136.16847428877625	129.5081869957909
1916	7.230041710771921	130.1611116316147
1917	35.62845277933011	27.66209498716428
1918	10.33403474764757	11.416092312606938
1919	28.690353459354114	38.20466011883742
1920	87.97170057166468	35.291832770204074
1921	7.107667181005253	-3.1079415909956296
1922	-11.654429674417106	-21.626460084746018
1923	8.555793625815802	111.654931234113
1924	1.0445393792624498	19.26878664175522
1925	27.06495552032316	-21.408249025521737
1926	73.97663080711386	15.774409514015725
1927	49.724511605015834	9.664920146624285
1928	63.65963029889569	26.39339471652277
1929	168.0638467199705	15.296770989857464
1930	14.676865678757807	19.280938709684616
1931	137.67057856113368	28.620696234193606
1932	47.68801895796137	63.69061337135722
1933	61.592136331430176	171.1077177968653
1934	61.30848264982608	16.949361921999078
1935	5.852726824745848	168.2116582658276
1936	156.73532503650236	153.36231600460306
1937	172.67307608253043	79.56083272193091
1938	81.43022119682864	50.5114064309156
1939	14.0784097513008	2.332519182201506
1940	14.679570304355243	-5.590286832643655
1941	73.64894801978673	31.47328361143913
1942	57.46728691752458	141.1880743450603
1943	20.511536099464273	69.86545627988455
1944	127.58704236693494	9.267216824942345
1945	150.66008215338078	21.31920281399201
1946	34.802997334702845	116.69159381060865
1947	22.860844359016745	16.683922844423247
1948	62.85124421437656	12.63155870163343
1949	78.73092465896248	38.24415571738514
1950	121.98832535478415	70.00948169963907
1951	138.99003748680607	15.177729355166656
1952	173.4041081948902	122.24524156756465
1953	45.906433022206905	47.43435952700386
1954	189.9462693430065	30.39331180976787
1955	35.74452737004409	-102.26761924321401
1956	31.584814666616765	142.26701417300941
1957	158.98122925589948	26.17188362558516
1958	130.56168020201372	11.450368892462102
1959	17.295285307159038	29.33711957120615
1960	70.33826006870201	55.0801443516769
1961	29.004388883786163	194.9714185365224
1962	20.303954764320924	47.86961401006935
1963	64.93164750019841	23.687166293897274
1964	45.43443912447773	27.288705300198004
1965	78.91940173914047	16.73275889454644
1966	49.61957376738147	125.00459550701464
1967	74.93115286224871	37.31263592137452
1968	49.39544992142989	156.47134210851635
1969	48.83162380048212	42.225968033195876
1970	90.91431074911878	135.2271285895359
1971	23.903450679758727	72.39346811321724
1972	-610.5024358477732	14.092610010226462
1973	49.01989450670372	25.23684121534768
1974	40.71420393604191	32.53302053540924
1975	21.9824553753309	23.898294052210655
1976	131.2355499441447	123.70586362683265
1977	166.20358332429745	52.701896882398756
1978	102.66622874176329	-0.499363870642374
1979	57.80715616489383	33.59388175948271
1980	123.9905860700801	102.72216704493196
1981	68.82929646363587	55.89832574266282
1982	82.54019039693884	39.782452453115276
1983	80.08115093066428	137.53094763202202
1984	93.73644991364125	17.44482170848045
1985	38.13116069139754	9.753732280416637
1986	76.13976102277542	120.12448736913257
1987	197.07293059490434	18.782003900106467
1988	5.1908198503403	148.46822209946168
1989	45.945996810079976	26.931533265635817
1990	18.34799468712229	83.75803282467642
1991	36.69648843605085	-27.060464789170698
1992	-16.2524641867782	-1.7256886973015926
1993	52.97270333461313	128.68757146099685
1994	66.40167579823733	17.695312583209837
1995	153.59052654568336	-4.066409753823114
1996	13.18614183683812	2.0371410174856397
1997	66.91179859014953	18.648937748322904
1998	58.17705392139067	49.94380757448274
1999	22.74088199851048	25.233861454013212
2000	38.52064791869806	28.53729907066903
