Environment: LunarLander-v2
Agent: PPO
Experiment: standard_experiment
Parameter: standard
Time Taken: 2768.8626234531403 seconds
Episodes: 2000 episodes
Max Episodes: 2000 episodes
Reward threshold: None
Episode	Train Reward	Test Reward
1	-153.43531723974888	-267.8642840256882
2	-101.10682854786549	-183.6372645181762
3	-116.56584262599158	-19.580884060612576
4	-305.7470629596297	-30.935854342936594
5	-77.99335797531836	15.810231766713969
6	-274.2481125829746	-44.85905835547928
7	-73.41127323222707	-294.4510121858041
8	-239.33601557638082	-383.35945678320905
9	-175.99809600375792	-169.8180991854885
10	-165.9915151773764	-358.86725760396996
11	-326.7435373180965	-2807.4954469535605
12	-76.58542746724244	-788.451665685774
13	-64.71361646947064	-429.31323437946173
14	-49.11635894653391	-366.28338549028973
15	-278.17958991902873	-205.51441031269007
16	-250.22176914483904	-217.616518060811
17	-10.27871004506568	-752.7127196908084
18	-62.388128564436954	-1503.9558042197764
19	-268.8181847995585	-378.4664540535965
20	-204.4827543227471	-440.6760465363313
21	-99.4639778869567	-848.4480358659615
22	-65.70194585487067	-971.2850132062537
23	-268.31896177953274	-495.168015702345
24	-47.10491212871645	-562.1988708724477
25	-191.33927399481917	-611.9048455854311
26	-255.1694455397871	-366.2974735972472
27	-92.68078229824239	-644.4521726527103
28	-518.0513716073765	-642.3376355206098
29	-400.6174303712793	-992.6843367892027
30	-150.68562511157427	-494.7951109900113
31	-224.245304382882	-404.50711885717334
32	-455.4980536856294	-451.6300099352432
33	-370.0210951401291	-228.23431223956308
34	-255.5354688665848	-313.1879733690047
35	-113.74903489665338	-463.63317868593407
36	-113.66826807783127	-721.444378126389
37	-177.36537736304325	-370.0791591188905
38	-433.5627176774429	-303.37340558148617
39	-352.72334080074916	-477.2805738513302
40	-208.83318781162905	-356.4033862669883
41	-366.8702829925232	-911.4773408821817
42	-690.4921020207539	-319.62052368951385
43	-798.2446933198073	-1588.9672890282513
44	-644.5261949785368	-263.55465621149835
45	-68.87891400218327	-265.68571215319554
46	-653.3781622824623	-613.3217948134746
47	-719.3131261821122	-352.7400447793842
48	-137.5429036456218	-469.60112342784885
49	-223.10770001839057	-732.8791802116227
50	-749.0072941533757	-283.6211520341586
51	-488.991912224164	-718.839796551677
52	-131.3306122180729	-421.8696508261395
53	-849.014306760001	-543.9261893741334
54	-314.80714384041636	-589.1735529103555
55	-541.6401232160555	-559.0598951952263
56	-552.7858079791367	-919.7744491436519
57	-307.3760022185194	-585.3609483614666
58	-192.7737119794461	-765.609421746877
59	-120.83383145611984	-353.5026450082498
60	-101.81869908057341	-583.4563588824324
61	-281.9045942620551	-701.8171113671115
62	-423.5419721035676	-635.89349233409
63	-219.9745464650549	-545.437146648816
64	8.195701116024111	-230.98404747332643
65	-2.777420449051945	-610.3560990988981
66	-44.80105432774354	-458.1926353262185
67	-46.01806806792932	-541.0317582598273
68	-11.025874139253176	-1168.6568249806126
69	-106.51630036249294	-695.6243029140346
70	-99.2295806208241	-985.824359708664
71	-303.2198852407828	-783.3440506890859
72	2.4648129331664137	-543.5931833990905
73	5.71836273061777	-788.7987171287873
74	-4.302787865647701	-1024.8855579984552
75	-45.262834122845035	-1187.167815784979
76	-18.125873406835225	-530.1112890018765
77	-10.13536991580682	-498.5477312368297
78	-4.664055879719015	-649.1033321359698
79	-19.45400047280546	-1143.4007274107407
80	-42.72664751686305	-1163.575593498226
81	-36.1089385232315	-751.1652439671674
82	-31.218383093207194	-783.2088985641235
83	-39.03175660433946	-825.8749153779471
84	-31.797056874901756	-732.602195637651
85	-23.31471747151015	-850.0233220201183
86	-24.39168974686993	-892.5380989290661
87	-56.41474215599444	-1274.131950097567
88	-30.607600309622185	-1180.5350203631663
89	-7.191487269422723	-1356.7557295476263
90	-91.13916665045542	-1150.2916450539117
91	-860.5491913186571	-1048.3231445994006
92	-735.4509729504096	-1495.7787500568359
93	27.170042677586522	-959.0021449998153
94	-941.794411175758	-941.6426207448586
95	-854.1768920936131	-988.0575607745444
96	-16.789975134596872	-1168.2516849284507
97	-29.83647260904415	-1223.1151207503706
98	25.536439101510183	-1310.3495139334525
99	1.8123014015776762	-1421.390046906533
100	-676.7469979246395	-1296.481188871906
101	-679.6539772778455	-1594.6825148608284
102	-0.5717544617403831	-1344.6673363825237
103	-617.2263661731331	-5781.299500922778
104	-3325.1212903051305	-1910.044104744694
105	-2270.8666945678474	-2743.00302405214
106	-3450.0941844873255	-3434.7535722237917
107	-1528.003412821554	-258.82536758604874
108	-823.9507526523511	-1033.334035174852
109	-651.5575041223026	-1487.680144639382
110	-39.6407176861853	-1285.4642934315655
111	-140.37708439280564	-1189.3847998621093
112	-13.460256938031094	-1277.1170043712034
113	-297.0148487815044	-2926.301826893297
114	-29.88219620401813	-1482.1227985724386
115	75.32850287826193	-1588.7413521457786
116	12.12631571451287	-1687.7887521394682
117	-15.962844823837486	-2681.16904705856
118	29.192835992013244	-1761.0717051238069
119	20.16444221187379	-2519.298443357919
120	-1154.5478059942532	-4582.574091105683
121	-101.64276860581845	-2695.706963822508
122	-45.56802426636368	-3342.5462177297504
123	-73.54837549097255	-7678.1744839229395
124	2.577252777901437	-4412.801977123584
125	-1371.9725808842927	-2866.003091876696
126	-1187.47794980216	-4294.041909990287
127	-1420.6661232746521	-3457.2915618580687
128	-937.0177010093503	-3457.379942543857
129	-447.19224380025315	-3107.271792311836
130	-434.5807090739426	-3396.6113972945573
131	-307.96599364361964	-4508.142866690227
132	-193.41232364159674	-5539.453542778693
133	-116.59593860711182	-6663.206459224538
134	-14.03712751863884	-5064.217580823785
135	-309.0416289635034	-4433.813478493892
136	15.010050587419066	-5760.1261288831265
137	27.58190963062946	-4639.131010530747
138	-5.5196335990175385	-7695.894436299942
139	6.162059592652555	-9922.630752318439
140	63.216050541534464	-2384.2434396048334
141	-68.36023759368388	-1808.8886503367914
142	-32.85789992003001	-1672.397188962766
143	15.825799272935345	-1702.111812471936
144	27.926568121726003	-1667.863066871077
145	-5.085168049490477	-1373.935806079197
146	128.54378031921388	-1237.7974636428307
147	13.714905102872365	-1108.916842297765
148	42.135422235020684	-945.7583591766448
149	13.267801883464344	-1136.9183025430325
150	-24.431697599097046	-1227.1040079428665
151	-15.13874033656889	-1274.0646480239202
152	-25.57846551877834	-1272.8654470402503
153	2.754263691370361	-1227.8052226995885
154	-68.39897891291785	-1065.436157947851
155	-18.905314682265633	-1031.1833761609046
156	-0.6039801473685174	-1118.681293134443
157	72.75750207092156	-1143.2099574723013
158	79.60180248319868	-871.2365772416053
159	44.327642685699516	-1179.6754349786597
160	-20.920299252303806	-848.6835412594439
161	32.53781908376487	-782.2197677009061
162	44.76527214182968	-656.8285517254675
163	54.30392223030647	-683.4108565022138
164	-12.345095716990246	-599.9191573152762
165	-91.18020425822215	-566.688445546881
166	38.72582765767074	-620.4044009321507
167	52.33471734568421	-570.8096580928617
168	55.128383514363975	-537.6697508777341
169	53.210936880648916	-564.7512954816817
170	80.65443473501983	-529.1302593289406
171	35.30864276459377	-613.5668363571677
172	84.17483981739618	-660.1159913546013
173	15.176444653861447	-723.0871891091407
174	71.87019315215177	-857.075081132214
175	99.16330123028484	-803.419876653004
176	7.667699572899053	-874.2094098635953
177	-1.2878245854258523	-876.7848313272709
178	115.46975614168934	-943.4170912662548
179	86.38357074597353	-745.6589880809989
180	92.45660905439209	-1058.6725188888493
181	2.418278278936512	-1005.6271134808292
182	81.6285098117619	-527.5999922320169
183	0.1676857315512592	-944.0715638180026
184	14.730563759948328	-996.3947301560288
185	71.56632486689213	-1140.3961065891137
186	71.98842080181197	-943.6364775648386
187	77.82956853163998	-867.9872347881643
188	103.94657352429503	-958.1584833786759
189	81.22544084440118	-972.7707389882167
190	86.60289023481198	-821.8702644015698
191	34.89119799972856	-966.22400801985
192	82.73573237229917	-835.6297512074098
193	55.73334307780653	-549.3827451159905
194	61.05848521609528	-758.2983230693511
195	-50.52542336000073	-477.85601843063756
196	5.368492850313473	-894.6453853749309
197	143.48293164112445	-764.2768450541864
198	-9.150797254734329	-892.6265320911476
199	89.88852027149618	-1040.0172823990147
200	66.29442723379346	-557.9902902415574
201	93.4596722389639	-986.7351983518578
202	41.809158005200274	-1064.7821267221566
203	108.36080495112003	-966.9956903374308
204	48.620960306222315	-808.3086965560229
205	-106.84982353584239	-788.661830725603
206	51.05662804854762	-851.985829909644
207	74.18498888504172	-390.03432297195553
208	14.917190631957084	-1054.9806289900816
209	-30.496924027313792	-737.9460511075317
210	74.71925025940877	-303.787830664341
211	139.54201305140288	-249.24047976803962
212	84.46552775073512	-168.96040092221256
213	64.90573415546626	-104.8647159772477
214	-12.92518227088948	-63.82669760037023
215	-44.19596111725363	-310.2251477242263
216	-8.56842572535136	-461.66913758783204
217	50.39179276896282	-313.9563347486373
218	-32.554708716812456	-199.22822158841674
219	134.6858968668682	-63.33140401184393
220	130.2066296147586	-67.40474898714791
221	96.6050435471824	-99.7584000954485
222	85.03218763936013	-118.48674602735416
223	87.9831617322027	-154.24751704643663
224	164.39761769241386	-26.659232333030104
225	73.94751150712707	54.46143069907448
226	-6.673023590960014	83.8219381735423
227	107.57222237985218	21.939625212627554
228	-48.50229843867718	96.5309175776163
229	112.12941765525257	212.57769156530713
230	-18.06966841937377	182.8605896937382
231	82.98704922547951	31.544895457776533
232	96.46409195277076	22.401902196938543
233	134.9310107878909	14.95390200955402
234	-30.65649998852311	8.539855701308424
235	-28.18666901380439	-151.71693667265703
236	96.96428460812184	-94.38717447476816
237	-62.37708601549406	-137.91675491766463
238	52.979408382403925	-122.68142446751358
239	191.498833367359	-146.44265607307688
240	-38.76985298238816	-219.33032666197192
241	127.72662572055351	-183.8707293241691
242	121.12513998486624	-50.32710993154897
243	15.718411738833879	-122.5660452600106
244	101.0137878413209	-83.30287564289976
245	105.19077473010323	-114.90664273574633
246	70.28848085828	-72.72739491412246
247	120.65085579356298	-112.9926125593296
248	77.30596987640159	-149.50324813737532
249	46.785859713932446	-63.87578932330787
250	37.682678440261675	-23.13787747630447
251	53.51658619270306	107.03591047753709
252	109.7491701255244	-130.66033505774692
253	115.85367174890042	177.5947066828187
254	76.09329263159009	170.94411318472967
255	110.50013653308802	-87.31380400762632
256	98.83713662744793	-0.062476165508497106
257	91.2636930228838	-119.88482249332826
258	92.82931176014489	178.88515878438787
259	111.73388658000532	75.50152637501488
260	74.05556119076822	169.45570329078743
261	93.28176492417929	33.9381946927995
262	0.2832567495304943	214.3865320909903
263	118.81447136606523	6.675939244838814
264	109.68137220074462	30.486917131116
265	167.33809985509095	183.77360648229364
266	137.2465877748395	75.82530010999517
267	93.80063791922724	167.16068555851209
268	139.0150203651878	205.0422610486351
269	100.07593900003278	97.21698474256442
270	107.14577258527876	49.12740464522136
271	88.60061815863955	117.58147348422433
272	125.18311517496635	82.38285771427915
273	143.88311057769383	67.28920535675624
274	73.02686702986603	181.4907758650175
275	74.90996558608548	172.3517964192513
276	170.89805822469646	140.66052612975386
277	92.88361766839519	84.02253815968174
278	101.71085515102943	-70.48859866560485
279	69.57006499733075	94.30669286196532
280	110.40598835037989	72.60203899137751
281	91.88148186915944	171.6258973001424
282	130.28837559977316	-109.15688906458968
283	128.04935773369778	59.21932819383956
284	90.56570501449055	-67.42769489779502
285	127.2238166348045	126.64430427180469
286	90.74750735503613	49.58040221690523
287	87.97737429951458	-71.45482037249815
288	87.76917756562948	71.19823495911855
289	99.7983063153489	75.70683799872452
290	120.9626905363708	7.609050117327553
291	89.7492592471822	228.81368906133443
292	125.06252039119018	192.99980971563926
293	197.6882134354679	116.08753259644593
294	99.11672974991859	120.28550382700641
295	87.93783730208555	223.8320076887966
296	92.92357670335234	60.471804286536454
297	139.99984434421498	103.04902116388328
298	128.9232288516937	167.40133783555
299	88.2851186835882	69.50591978452125
300	118.36021090138962	-43.187486552847986
301	128.9113942106005	204.64210042935684
302	132.90267650090942	116.99112500680987
303	98.83078561027824	74.11845320001004
304	101.81327576366283	169.60772223847903
305	84.81641036371846	97.0564743331854
306	-38.0183213310692	200.30043658099873
307	140.9620214506076	-35.86358108144431
308	159.08678488022977	85.69574992005226
309	131.80239045632092	69.90668388792267
310	6.304150125066997	38.810298122567765
311	59.26184743963339	101.35561520260225
312	36.454772093810455	-123.18296466801252
313	20.839327289484537	125.27260500791263
314	139.4398609130115	93.14648167366704
315	145.6481584021121	64.27654957697584
316	75.72482642667532	186.2958078906832
317	226.01569160276574	148.58729893326455
318	78.51281709489291	-91.35564876255967
319	74.88720087770263	30.67715342284186
320	142.51621964687922	10.480840921724033
321	86.41260293778325	-137.02144577649943
322	187.93076555589997	157.30520727157102
323	136.26726797221906	-112.37221596481223
324	127.16290634395705	124.38692758762804
325	182.50528690476216	142.57514633107942
326	61.4658847121351	120.96866497291253
327	111.87947118490844	-81.32259962331484
328	56.81963393100624	54.039498395463106
329	134.51068969920402	-22.225398447040263
330	116.05153955486996	-86.65349168942993
331	130.99715309381807	118.40335051303109
332	107.6464460811178	143.17966977803232
333	79.72695370215936	0.7657752150348407
334	-77.68132589818828	-56.46822613185046
335	67.27959895455913	21.332874058066512
336	34.20048026820184	-34.12591228890752
337	124.00003885188553	74.20735612571627
338	27.226872318323178	62.361113745512654
339	-58.671148739872294	-105.77947995831757
340	126.44530955032423	105.8382441784795
341	50.76899871269677	109.99723632838614
342	198.67964912817217	49.685048522959335
343	56.816231393703376	-57.43075971163481
344	34.1171169660181	108.0312237625988
345	130.61019093833283	-164.25377500825874
346	-52.37186707350762	-21.441401039940303
347	47.36380524620952	-18.760028327306035
348	172.23117585018954	-75.27772891044921
349	24.031200318652395	-0.008965087350023992
350	-106.94895906976282	-48.73765957531524
351	64.96872648263351	18.584052488197703
352	181.9880286292754	97.20761522522734
353	106.40364799454014	108.76746332828587
354	95.74330714738336	51.86429937536358
355	99.01679971242739	70.07930376678465
356	53.43619832063328	37.2495060119875
357	101.94010052662283	19.649683068720655
358	127.91663218639407	84.6612807986685
359	90.847576935117	144.55115196646446
360	115.58330547877854	99.134218776168
361	94.72633431987481	62.56215119139499
362	85.260919329586	52.66631869223721
363	96.9903673012421	3.764096567841424
364	32.88822956872132	141.936685909404
365	55.18271792007831	166.98582889992872
366	73.95233473408446	49.81080397921288
367	99.71938326152129	98.75706737235532
368	100.79022623094174	31.26774006076475
369	89.48764046428596	67.80728551298037
370	100.65550412273541	70.49835787989706
371	75.69841019875926	176.73579931936422
372	129.34826028017125	28.467536946185152
373	-46.06412735495152	179.59303865678743
374	68.29316529004875	51.78471335499815
375	70.5673886478205	153.8544519982073
376	149.42111349627413	37.24489129458224
377	81.94891388184062	76.89367879590452
378	146.12058269101493	-119.43641666348226
379	92.54848836290142	203.80178994944686
380	114.04637392181465	55.837434662953854
381	61.336699900688025	104.67159009465504
382	133.5026280276425	17.01379935648775
383	80.35959477287008	101.70175494506617
384	78.79811970012973	50.20515354668592
385	-69.47680734101624	89.39356011792692
386	131.920931696273	2.101657894001764
387	-30.445294488094433	171.25470341437483
388	-50.4828034692231	36.801939402718986
389	62.45189520029535	163.81568195527313
390	33.9884869297271	-7.424497984656919
391	47.80677853635925	44.637959469980935
392	88.80347235659313	118.26985481131612
393	92.87950266362935	189.31847386436243
394	65.63222092449993	43.180609984956185
395	60.60994938369791	-119.42104062701213
396	-34.274694354381424	-18.20345192344706
397	106.85782122683962	-11.311460184108478
398	91.9018263252758	25.445128090683067
399	59.97184461910667	163.81604377907587
400	60.12912226369485	132.5951443255375
401	83.50315375280057	10.335469730907633
402	66.3631513080942	45.59387120659893
403	54.49387884015875	-8.04028055887756
404	84.04264271240353	-37.9663709905628
405	90.72800159129604	16.288031929187408
406	97.89323140217218	-3.0919397185926174
407	95.08953142638983	14.964666536444682
408	146.62477315683677	-15.82633115731614
409	56.868305420107504	-29.30405913162486
410	54.318782298395895	-37.39293103643393
411	74.28333949356069	9.03819933191404
412	54.57947457223896	-19.615117778994584
413	19.36498852073122	6.289905625297234
414	46.133418669192366	-49.706603840171546
415	105.67561983902385	-34.35693125213949
416	28.933553991771724	-1.5237453058693735
417	44.661703815258605	-61.17412843781472
418	91.58025598683783	-54.1744571213693
419	18.384724030511798	53.77931024780151
420	18.252567227180165	15.655295040924825
421	68.46553411642702	-51.221879589901505
422	40.52677248813183	-28.76468324662898
423	51.32578525114727	9.192314076154048
424	3.4466005772776764	-72.46788201620262
425	-33.86306756660302	-49.30812546026262
426	-23.352911105328513	-82.32170943524986
427	84.75038923007874	-45.47453691233483
428	14.257278381083784	-33.264496411882185
429	20.765120978548513	-16.877549287598598
430	62.051649552078786	-31.241302097028875
431	50.49070297795388	4.246221271894847
432	78.65865370302133	-11.619698237714603
433	20.136039053026856	-14.127012508644734
434	63.55203757497792	56.49250331396227
435	41.1076519306083	-0.18912541004076422
436	68.74254022045824	1.7175622053212993
437	97.77013841098245	31.256869603331495
438	62.39174091585845	77.37000115710684
439	73.29792511969504	42.054087819425064
440	45.701321360968194	157.625005872014
441	109.37036400433836	56.35000403326963
442	79.23927408758134	172.3711278901181
443	90.36684072485866	80.96694268291273
444	67.39362583246405	91.98157954748824
445	106.36829004712578	76.03088572934597
446	91.79129633266885	54.637331853569236
447	74.98386378641253	78.40251286179343
448	34.87619573536739	83.1864075146891
449	91.63743260587518	17.19468708523363
450	72.15829761771383	42.76263862364396
451	-47.00970628451989	45.20925683689158
452	110.95152859466704	84.38991558703817
453	97.3276566152134	94.78790388321563
454	152.81976659001054	177.0135615388616
455	86.74808098848095	18.99987518168941
456	66.82848157858541	125.71948061705956
457	58.06507782425861	46.96956159725532
458	162.55468658217427	4.856592277446934
459	61.59005560966486	-34.777524176096456
460	79.47176800670154	-33.149189187938774
461	15.113902717888775	7.22035619876626
462	173.998502756111	33.81703250673177
463	93.44040005444596	-4.699694521222563
464	60.49945736745663	-14.926765067709447
465	16.337849517156243	-3.9104231194162233
466	45.67570333865852	-37.73985539720604
467	76.16222630649702	-15.635340950791457
468	50.58397696020455	11.824897913429869
469	51.904502403124766	-60.40883995745774
470	61.746725458927706	-80.9762965082243
471	48.29980013027498	19.580883828036956
472	49.42212190871104	-62.79762446277456
473	179.54200953890216	-21.560500059888167
474	45.95765957125674	-64.80125843519667
475	26.38875790198997	-17.540370512251926
476	91.32355221523214	-28.611809012950065
477	33.98952488195276	-70.56793849367556
478	29.41267115444663	-1.859333572472657
479	22.60660860491632	-4.3774654958718395
480	61.484602525702044	-4.382853539165726
481	47.51116483763241	-66.28787940938578
482	37.52149693907727	-61.34830033768659
483	62.017495248194564	-20.050748139486934
484	79.73610661634014	-82.58756693458339
485	70.21642542722326	-54.00392875398887
486	33.142381063495044	-23.496791522447523
487	-25.418412107141446	-98.77561754183881
488	-9.455403527355257	-64.68512174127764
489	9.325574732404746	-50.599018060601004
490	8.712670660185807	-55.201781289951874
491	21.843655949932373	-97.4019300475622
492	-11.563287953703824	-40.108750627745415
493	-15.185236266858187	-86.11217415509813
494	8.144009648821832	-49.42226559721838
495	79.02605045052215	-61.4458783997821
496	-14.284774130590497	-10.605082363414066
497	82.01736326203456	-10.984771815289227
498	63.326827472312395	-25.856025179468737
499	139.10757605223552	-4.977286850677893
500	16.079206126442454	177.07109306701398
501	74.25423389401146	48.774306774798866
502	83.51910652793346	-43.25717132096595
503	52.01352209757035	22.99183487992383
504	85.50693929325901	-2.260409704838356
505	42.09881985267489	-61.37636212751762
506	80.69681425027252	3.6471873934139696
507	37.389773823832314	-14.552110057062327
508	19.474058661094464	-27.12468355979158
509	118.14278558033267	15.934519148123924
510	8.762798846702383	4.874527364014717
511	71.02426685164987	-35.09156939123104
512	82.04517200828424	-42.27410975011327
513	78.32579900963925	-26.6977489743505
514	17.01025345683178	-18.463575475260644
515	81.40532448268448	37.88009257099266
516	45.404214414081494	45.79575309899262
517	28.989334489870533	6.660647514188684
518	91.63215754251428	5.22236170987292
519	60.03280013179998	113.3788435325384
520	81.37526359971183	72.1039723382938
521	65.02599657125243	-138.66456174070225
522	110.70086228075365	91.9063050920955
523	57.29310465432152	-81.39259182532562
524	101.96468539290292	-104.63067606699175
525	88.48663868418456	141.4500527968757
526	-67.33707152204343	145.3294842100029
527	60.51696972153834	21.616148994442618
528	95.63403042803736	107.49630182966976
529	82.36322615651612	163.39271749583622
530	58.877484746761894	141.2951271716318
531	72.42036147457533	138.0212246738645
532	58.1738014355465	236.87456512365014
533	55.71675191522457	105.85832800367557
534	53.651037550884396	45.76557728366178
535	189.18691212374426	23.64673313623008
536	48.02308093077117	157.96089896279835
537	133.47261220639567	31.479175557339584
538	194.1754513484479	31.871069603794524
539	104.79792403828424	54.37012419619592
540	106.84062464347558	6.794070106767219
541	116.42402102876487	87.52013057438182
542	106.70766003354521	34.318034834682294
543	84.28275536981259	74.52911443677434
544	62.04767707535108	56.52175884312282
545	89.09937457254115	193.90029683987157
546	119.90908249083321	82.58921893174183
547	67.86835685874546	80.58236622205392
548	56.57287236932774	178.79898261104572
549	67.2316263471809	144.05120585461174
550	41.66262453044021	72.26897274275765
551	136.75600398268531	19.11900069845583
552	100.57590710579613	177.60020244067002
553	79.41835554349771	34.357328214271604
554	58.768480240946566	11.580996502745892
555	79.89423809702613	15.854599428749946
556	92.91080498828579	92.54427343066372
557	41.41981547961181	40.8618744188084
558	76.75716076129989	88.76784468717503
559	39.80678087568883	44.70448625107368
560	89.85546405309877	68.87205727141026
561	94.62944652035257	80.84351790265421
562	117.45711330487708	60.97626007429281
563	38.87041559753922	67.28917235246674
564	102.27169437717876	66.08091661934937
565	97.70818490083025	77.78025373833226
566	60.77353850275014	31.324806599619944
567	66.17037794231867	84.98815754887136
568	114.5361087514631	54.82353880001403
569	72.36119937216317	59.56952052710165
570	104.27976899950913	48.401067454035726
571	48.73697628370176	90.02813488930825
572	87.05884379439436	7.220510174779167
573	43.2443375782208	60.52398885250712
574	78.38134802312909	133.76057671018626
575	64.25635259800003	28.592717997101705
576	81.56831158708229	128.4529033685538
577	76.58867856825022	14.238946685827093
578	67.9999310735036	23.011642227245527
579	84.35262341068025	36.436208012512346
580	82.75654901812673	157.22269046884824
581	80.05156265818223	78.82123216541571
582	58.38989174524416	52.63043907777985
583	58.973735165961436	95.34981052122849
584	117.79480922898695	187.90017124833844
585	109.28539084446918	96.84935654139746
586	92.82576023521369	33.93103082327361
587	109.3648458242326	85.43590893170999
588	111.68785552331258	47.027831865402604
589	66.52454193369024	157.36049515223004
590	107.05651960324968	185.9407921389547
591	49.26771461381488	100.16590149333175
592	109.82615471115798	101.37859100902688
593	99.37660120585196	93.30023899820111
594	85.7933021118221	179.91316228709059
595	99.24742200607866	88.79845425588861
596	128.53099292114308	63.87783891155727
597	99.58664310711681	115.79210434786498
598	75.13544877214771	67.90721644552713
599	109.3799923310648	73.8928019645994
600	136.59351076761408	77.6552075606211
601	126.11635039453546	44.00703959979027
602	83.5053913508427	79.39046604738543
603	218.46480400710618	65.52598133280749
604	122.13961333327524	76.60761140104239
605	136.72523969667026	182.9025561483857
606	139.68447219683085	86.06504240161622
607	91.26934634570743	104.49543867549137
608	77.82210396097742	229.66599701912645
609	141.87412133573235	93.60975650515529
610	66.00823350954181	66.29878852490522
611	84.79193726605502	110.44861911991028
612	94.99805725743366	68.90546439730059
613	59.70986733990251	136.48931101368953
614	72.08949323052114	84.66634588341685
615	83.4327874108589	69.81092798160067
616	118.6102199885804	98.83256714442116
617	81.95923131460137	168.59803698095033
618	95.3661568419592	56.994197867551364
619	127.55905656385474	102.89214403110556
620	136.68781651681954	58.084918781740754
621	120.16472786872009	88.42633613403225
622	99.67779447229566	69.76456680529736
623	104.52008555269371	110.72068607748562
624	130.63275455373056	114.23917149475778
625	143.22415299948693	199.20218633632643
626	108.29014314993789	206.74231355144872
627	116.81636178374453	206.45307915578104
628	136.85941035529362	104.41001262029634
629	113.37837132343881	67.12931235084874
630	95.30475242273536	207.4000771474179
631	107.89043421479523	218.16291455913904
632	99.31210848204894	190.28235536213253
633	98.16114364588476	167.74073026813983
634	38.826952400477786	169.10187668220607
635	98.22354454086916	157.11894351192012
636	113.37313378831207	189.57435963574534
637	127.94932023291014	183.18119633645665
638	123.8331740225881	199.4222899509727
639	102.90421904932371	198.46759676163043
640	67.66958247722457	179.8298396423303
641	119.81509238092956	107.3899571016775
642	131.39907162162433	135.3794613873603
643	83.19041294563715	223.6610360593238
644	101.06108369097255	97.30132470240517
645	112.6478377671933	104.78827418579655
646	80.75881732544224	106.07928942635598
647	102.3072064389446	95.71756731502522
648	80.88807459006223	89.92393217008096
649	115.38116149534233	97.00132876810505
650	133.70234475707738	176.32437804702045
651	117.0560697936537	37.00864873103847
652	157.86573742496674	106.84406586927166
653	77.72264377358147	92.0359678661078
654	105.64117620592707	216.07867425769174
655	107.66283818739227	136.32221980675814
656	140.42609342661254	90.94479354034793
657	137.25563520674464	129.55802663463942
658	109.04620940610315	123.6589836397943
659	65.88010228256852	43.65881281377711
660	120.88555017824119	191.34677538718202
661	108.33304119702728	80.43837995922385
662	98.5236805910907	-48.66415854129462
663	106.01534041650808	208.88217215083864
664	113.38123260003633	32.16328314242826
665	88.02558399649453	73.68670792752778
666	121.95183742656462	186.87279613293956
667	122.42705042013787	-61.768275311514735
668	241.19267234025764	7.150999516238697
669	105.01043217847034	147.66631642593154
670	141.7121841637806	174.26272095364834
671	95.98654256775798	171.12324200460972
672	122.42141557398061	161.66180539789252
673	69.11463350523293	-90.63278442924282
674	76.23904273707426	158.30111130499222
675	108.41271119036489	180.35949142030358
676	97.8550870040943	175.05310223324375
677	56.10063621584527	88.10757464798587
678	74.6810080414138	166.40331708176797
679	83.19855357448299	186.8454086559965
680	113.56723558772181	195.292707845424
681	100.42238102344879	182.68982193743395
682	86.7061122630006	194.44557222420136
683	83.07222866123568	37.42438902974506
684	76.71560594499365	198.14444268410426
685	91.30701275949379	196.65357211403722
686	124.23824975622102	202.4439257924542
687	80.10670564846299	236.5890252291405
688	137.4172854135017	220.28482214287766
689	69.61104725510042	187.84144715215632
690	115.1628434659173	220.95631285125384
691	104.17825634255595	188.17906527883403
692	76.50241050007793	194.28214037460424
693	98.07811256681354	192.96141893140316
694	96.54848303608911	155.77045229542804
695	128.92397500680062	192.40883390281033
696	-29.18798729764542	206.2976418718226
697	-24.925407017081866	167.0898347352316
698	122.21530817458753	181.77550017855452
699	105.7011990516748	173.32885907912205
700	103.60227987334972	226.06425658423473
701	119.65354615111114	162.20819480412467
702	84.67342466799911	138.29374210162442
703	117.57900905965471	150.50894544407336
704	109.59459475274598	208.5938972250711
705	88.91468860752664	154.99869326869907
706	87.03724549124571	122.40487773313389
707	46.55662915605745	176.80482233642437
708	48.477466702322936	132.54873133814192
709	152.84170026871377	174.29321162331865
710	96.49662755017802	148.87157774467514
711	50.50858279746643	154.84104833745434
712	116.62876178923962	159.79950163124758
713	67.44559252169275	169.17429374782853
714	75.69088890669582	154.92658414022304
715	39.20319470236167	232.12824232261198
716	148.28808330223347	179.6462587304518
717	89.69957484952722	167.12363179235882
718	207.31909679401335	195.9594830503895
719	228.32932954675982	139.4044118489399
720	114.7941904153056	152.51162858719948
721	231.35806158878256	-71.80926544944609
722	105.07226790578869	195.81194123019867
723	202.4522492424784	192.1750510916512
724	-41.06014293746257	167.73140701544574
725	155.49458971191405	174.99543563924036
726	170.24780001333377	-61.657866193159265
727	-64.8182633925255	-158.39182549918928
728	138.73000405359045	-43.910660039250544
729	130.87278341490523	146.1132697419223
730	164.9172868305458	-116.56107435736708
731	-116.56654182329649	118.86145662210382
732	-87.86664236924642	-87.06244758961836
733	-81.08045395642638	132.39787807159365
734	136.73928287115845	-75.17204908216632
735	109.61997194881025	-63.424716293860726
736	114.75645037210127	160.4223644299583
737	-45.36097335729221	-192.55289607506035
738	180.65207670964134	167.49235363209016
739	148.91910174077563	24.935020949840414
740	138.24722470865083	106.20001311637196
741	38.18242701439275	-76.21170402656017
742	153.90536365622157	-66.6582480927139
743	189.22397542284864	92.68067280717592
744	147.03541097761715	-102.30645284352927
745	110.16747749919439	120.04195262295143
746	183.2289578738459	195.07154595188163
747	-59.65462127539067	180.16469398011236
748	141.11939501993862	154.5193753256545
749	146.24093400805532	165.51262670463706
750	66.5429480676935	166.70565584089513
751	60.51733927286731	109.96138407402432
752	58.42734231043816	-119.07877681950208
753	141.15383161024207	107.40539668063258
754	140.75021620871826	-72.6385151689218
755	224.01362513304798	-55.773894198381
756	208.27732347187995	159.54140387355847
757	213.97113927082842	99.82049740405705
758	208.89742426959168	164.957619593852
759	175.94780175707797	135.79569859412828
760	-42.814334729468214	209.26234848690194
761	-24.724542925001074	-93.61364806585638
762	191.33403877510173	162.08109604120105
763	90.09694409538285	112.13829624206849
764	172.47205324579417	181.42776716359242
765	199.0031868301839	-90.36738982365343
766	-410.4943124858004	177.13198892050943
767	-102.88064454070793	143.3461617551807
768	-84.38625593538048	187.91764336409653
769	158.94981086716336	200.57614521863428
770	-93.55627889067178	-48.71571847057232
771	220.9445477226933	191.32176457252632
772	173.9243282091192	148.59679141025654
773	153.3701390094652	202.13567386718887
774	174.94534453618496	157.10812284412978
775	206.66229987047103	223.75331357728822
776	205.44977224314673	220.60477149486525
777	232.2830631999311	117.77211004924436
778	1.5358236547041884	224.9478095486544
779	209.2148395340625	181.50239518674385
780	125.43825316128088	199.74376197675622
781	219.54796786432144	196.32727958186763
782	189.92249394155635	227.71354406567144
783	208.02120030175806	182.61577848705042
784	90.11195313294434	197.5030880303681
785	177.482881009117	163.29987159550345
786	224.52387028001664	208.8656368571671
787	241.7198286285208	-15.301085478090258
788	228.49223422361985	198.82651730225464
789	206.9761154404056	229.39744585439058
790	226.0816350181215	243.14147103394293
791	243.00498436865303	212.57882993463363
792	220.41632202740516	216.2038662235249
793	199.47461893871707	248.0655192270781
794	226.14980185558989	-60.401905389667704
795	-22.047020867155013	212.23414327742972
796	207.12299192296086	222.0291712202907
797	261.5911857780535	215.99348456425116
798	263.4321849517285	230.77346870429
799	218.4071915894334	214.37958341160862
800	223.19800394733377	235.22950607216652
801	2.5810535178218004	219.12842238776025
802	246.30996400503426	253.82479929480783
803	229.38843610940228	208.02173426393858
804	228.88154892210605	220.68569006114242
805	209.33094725029625	217.92789245758092
806	230.16962377609065	224.454423918824
807	-146.51245674633083	232.21064601988894
808	197.62241658439456	182.79856200177298
809	160.48494836530642	228.76669231238856
810	217.78761050529044	228.66111181760738
811	218.4345844986325	204.15112747507288
812	88.14841830548205	189.6540787575346
813	236.7104397100293	3.9117029262414604
814	216.58440630189492	247.26574055512054
815	10.8153361886001	157.1267952687843
816	-30.060150200410092	231.52766666455787
817	209.0477588570668	204.29560138667318
818	221.96087919423513	-49.92191599381714
819	246.78039323178567	247.77527624796872
820	249.3600321024783	241.33683533373076
821	-21.025743029621253	10.4444365173824
822	231.23147770895002	-46.88386868012966
823	250.904787277308	190.76858292335322
824	219.952057459115	199.5374832032326
825	-22.09374149072879	211.81177818253244
826	235.6704439413255	269.14270172037243
827	239.65330291286566	130.52510539140508
828	159.06957757875043	239.06036147173663
829	243.75996186846808	134.6470388531851
830	245.6935550941411	215.42145943287795
831	219.8632691864937	204.26949134529596
832	180.49481336854814	221.3256159908388
833	153.44874895284602	239.7051120037957
834	197.98325821488902	-79.62641691229456
835	177.37730245766596	188.85803087517155
836	281.78742278443053	232.42868154291557
837	192.07851675835133	216.43690450389033
838	190.04946446048325	199.80760072735924
839	208.90692112075715	203.1372252772693
840	207.7349689861336	216.0552132746178
841	101.37604273177371	238.46244980741554
842	287.1851861815164	248.22197433043718
843	258.3824346338988	237.44861331674815
844	238.83665653655177	209.80761899216898
845	202.76878309374263	-2.314963678211342
846	226.95826828817175	213.60117609272163
847	242.4923300434873	30.718886597394345
848	191.49500413335792	207.72461366752378
849	99.96432104495841	-26.86477281725257
850	251.08759009183217	27.685017777012376
851	234.71393304956666	235.28248281234272
852	243.7549490609014	108.92310168891085
853	206.76224381560252	187.93869725958484
854	256.9411552873744	226.8689912649637
855	18.264962166077837	223.86355661035236
856	123.02470970276185	213.8389711442391
857	228.763257431754	254.37956284679984
858	222.92336851791646	246.43048757581175
859	234.30226083130023	232.3213116269854
860	212.20542905488117	226.22969644241846
861	-23.01092418316385	227.869126146742
862	122.61980556453045	-87.13837958335306
863	249.74025674457476	195.7539045171588
864	236.65861565984818	209.2221075866258
865	176.22461536798716	130.04244256604858
866	271.6774325400112	221.81132558277633
867	11.680417132564628	-29.361749731288484
868	71.16008509929307	246.11951885443966
869	257.78472670669316	211.63887476610438
870	269.2444229109588	218.7788666801988
871	-10.128413155722242	221.7428459556063
872	235.7715680629915	270.3369520057776
873	210.42562726776507	254.12478143370808
874	-18.12592519869031	287.9723958164659
875	257.07074606320475	200.16363677638992
876	239.9549464864854	220.17117630937076
877	204.59840835831324	238.38798241590197
878	170.08498900748648	247.6007769012348
879	240.89073344096246	-1.6778866624420345
880	-22.066961467466868	218.90399111086776
881	63.93236220385589	172.63899588346578
882	133.50740260060104	187.9396225098998
883	37.99368671876326	179.26795445637043
884	178.391113274826	179.32629834270048
885	187.484542729702	266.71777376225896
886	272.48895660688027	-78.90278337946994
887	207.41062136405796	208.6790410240666
888	275.126100708231	132.56404424606606
889	230.3059317941243	217.23578488468735
890	162.7645086450101	266.8015919898194
891	157.079438654542	210.0524577128497
892	-34.670484375850506	222.07422625587586
893	229.69539606679484	216.83043280668136
894	100.79781460439982	216.38258144824826
895	245.75452180829762	219.79746287342465
896	227.53683800950625	225.72913195898207
897	261.5220920615077	197.50198837575164
898	16.305490001098292	187.51788502552725
899	185.87823582733301	236.2776972842569
900	-2.5814078456890144	201.1109728736422
901	225.16966499250157	249.70932708553215
902	224.30507233503013	216.59513174777254
903	226.6045667782388	250.87123297474182
904	176.15778927580186	203.83033264061982
905	40.21756594523944	252.5139641356936
906	-111.70664476124448	190.7899010902354
907	249.85220314361868	241.09686345980958
908	256.6014103992701	239.99896327956313
909	240.54431542658108	257.43330231054244
910	212.91522904502094	240.0092166205938
911	219.4419547521464	193.4510130730087
912	236.87374681416904	240.31012449012513
913	220.62767351725606	62.770573150907005
914	260.61636632743216	264.4717762651147
915	208.12071232889295	169.32382229360138
916	229.4428098526754	217.00708060575403
917	278.52982453332874	238.96260073495932
918	240.47247273489046	-39.23288316070651
919	-156.764470496533	250.84620777460162
920	188.07717681098313	218.7069272423874
921	38.87818978794437	235.20999098644725
922	281.42299264717974	209.22674981426428
923	254.14884727536503	250.852311790162
924	243.03821532556958	-44.63238556422834
925	-17.531285792177243	20.598513776798754
926	230.9342355355785	286.38052676110544
927	187.9941501185658	-31.880939609185987
928	215.25649615815018	215.99950893027597
929	220.79310534450332	225.1397019737033
930	264.1433896024763	235.043622694817
931	210.37302282736906	179.62124251644084
932	217.9897296988693	241.37563641683363
933	217.89701819540522	169.64317210580373
934	252.42439053067636	243.476190101157
935	-9.054811624550524	239.61257601022982
936	244.91338778240078	-100.51243784353268
937	-6.8816722117371825	-190.66452076204365
938	188.91618099316233	207.5809915817842
939	200.60759238304644	269.4290460557578
940	34.106989130504616	-35.170530198544554
941	238.35055979157306	284.00954123652417
942	255.26284886359403	200.99850264218912
943	247.59619175315973	198.29045660456381
944	224.83629680786385	207.01803936354924
945	14.411377618612676	-89.0983991207671
946	57.91121613796349	235.52379606226862
947	220.30365935866195	163.99994499130008
948	191.41026935918256	161.02741555953847
949	266.1026873226903	261.7762431848115
950	134.88056984153502	256.56042613256056
951	134.43442715232086	-56.33536638140636
952	207.51309380388983	212.37464877897992
953	229.69499659050354	-45.39668707602553
954	-27.44545428701997	242.11058095625316
955	257.1816287357756	152.01007276420717
956	241.4855010050031	228.19973238094212
957	156.99276720236662	237.68027942559786
958	201.80895410261672	-26.75271003849045
959	178.8348276785694	262.4243462243056
960	103.48827162219536	241.27669493073225
961	82.91951678338582	248.54552224459292
962	214.99540785186713	214.83074023367877
963	230.3980397662998	128.3420278024933
964	188.645434198503	37.676916139117964
965	242.17900985718163	249.34419575566554
966	-203.93754548860852	235.19437907201836
967	67.6044055046595	-129.13413363959629
968	268.98122504017135	173.06713004620974
969	237.3131473684324	-91.03141259998178
970	252.1650958529421	-71.01873192410565
971	294.1670374638336	-63.48275468896301
972	243.3564838186227	253.24560622902928
973	227.60761222705173	252.28585230119893
974	171.54349722236415	251.3682120891549
975	259.65191142996423	225.1231645383004
976	230.39909041515918	251.9798197810585
977	249.47972287303736	221.0311518466736
978	243.6899614876529	231.6765019266192
979	-108.3664908745003	247.4509057684343
980	35.17647097611966	264.1835541594328
981	247.39106526797275	251.0018372255825
982	229.3369617885998	66.68717116058966
983	225.99452983672947	183.39581408033396
984	-17.42967048450724	106.6153340411407
985	141.87176308652437	233.46916356497616
986	262.2321124220231	201.72482442566113
987	200.44825182456475	-24.866745768047068
988	226.22759819772114	220.8160112613538
989	225.39499304280469	260.6916858598053
990	256.07537209154225	263.83211915508207
991	259.4085987987173	214.00560281929268
992	-229.31497698416527	241.71224711505332
993	247.003702717604	248.40399075563232
994	271.3436562780942	214.8963385439682
995	220.35299904483628	-150.0098138953005
996	221.36369229289468	-406.9693201321437
997	-154.43060055543825	-323.08239115335147
998	272.47637474679055	-326.71860405734265
999	209.5651534367997	224.694318241053
1000	111.00968787977419	229.5015780617742
1001	-180.61243834609047	136.26387894990754
1002	-178.0238768548887	233.34117480045634
1003	272.05117627303713	-229.53945080200714
1004	247.3104382736031	-350.14050713675863
1005	240.05043134449497	-276.53837725831386
1006	204.5849826807617	217.9718261421937
1007	-374.2375470609449	-370.5392940358675
1008	-197.68126271924064	-200.44142584064494
1009	-34.986898421421074	-372.3311818519822
1010	211.49966139417484	-265.74247806760116
1011	-232.06090961341235	-239.10559615724452
1012	232.65057572695906	-138.85310358754046
1013	212.5410900445362	135.05566572239775
1014	175.94355684779794	-195.73024311216602
1015	187.13871563916592	142.4672688725995
1016	-221.22025736791605	-114.39332933661491
1017	245.06579506369746	240.7172016848956
1018	241.02607904017526	161.58367161074761
1019	158.48458330594485	-136.33724339895699
1020	288.2565664901292	136.90535995899754
1021	-17.728608835483342	234.99537881439417
1022	214.05925062782472	267.4602190626142
1023	-145.8470334246765	236.23001854489047
1024	257.23188614764433	199.61939875791748
1025	238.82559363898102	237.2090009215241
1026	-335.5635826689698	2.455330958119845
1027	245.6841120292758	-146.81025999762937
1028	242.72900068460626	229.4369716649646
1029	221.43771154204663	274.22850094016815
1030	191.76305245758482	224.98177071663395
1031	192.36303455927376	-126.04230810578863
1032	218.29338347406633	228.7362206370435
1033	230.94135276262355	223.10851743364745
1034	149.11987136306175	276.46768949661225
1035	235.0004440053001	204.86756650495343
1036	226.7581647179643	222.69961858153204
1037	193.81833019243953	200.27996597118138
1038	223.97756666574276	227.72901547435993
1039	-236.0114454700275	238.77749246092316
1040	105.70105766743868	218.35123663554194
1041	-45.6847229787182	139.92059583694407
1042	-235.41125677907402	242.68109684206956
1043	-65.30061828819379	169.37881517685966
1044	222.13350120193894	253.5151455505947
1045	-134.42720786971586	-203.03020999148706
1046	176.9482701095408	238.7138471423695
1047	66.7432770947594	196.66678544308098
1048	-3.55800432600617	172.29094824337608
1049	147.81985167219395	136.71834145893328
1050	-30.748391567172206	176.53777262473645
1051	-434.0504480380167	227.52462961424578
1052	265.8453881518202	259.8748200410279
1053	-345.0504010059882	239.71923928183165
1054	197.4642508861817	248.84673298476002
1055	234.84986831688332	191.0397438672724
1056	206.90195713114605	224.52983010421988
1057	202.2574318326881	225.8420009312922
1058	248.54293606707964	206.7742366276625
1059	228.81173918570917	243.54411516210007
1060	240.29603908699056	164.1777663212645
1061	-399.38872705943277	192.09534242934762
1062	-29.065344790668334	224.3478388797704
1063	212.77316891245226	249.99338033756354
1064	258.4229133209205	211.05313431721368
1065	213.59933473656554	-119.03178735820586
1066	-200.27194522194955	210.67636195514768
1067	169.85001428901785	-202.33333944986788
1068	-102.04020073170696	196.39435139558387
1069	173.56061381343847	247.26051906813797
1070	-176.05005301205975	-225.88649293062204
1071	219.39423619335076	-82.87071110864895
1072	-99.06988436622318	252.93617311326696
1073	-91.44161713426801	157.25662803959185
1074	54.445650436456134	253.5218162733274
1075	-49.27831872749979	154.97499909100242
1076	-584.8555964151504	190.7089480486511
1077	41.449262616876766	282.66209293462407
1078	259.32332741925933	-168.80078189173966
1079	196.1746511402173	138.02652097970372
1080	-212.30633624011278	186.22973125793905
1081	170.40011322948718	179.38778805738713
1082	162.36015456900464	139.68272466547938
1083	238.6819323691156	167.85689158946212
1084	-115.84743331296144	-145.0127596539174
1085	-175.72757056822752	-133.67055849977788
1086	140.94890271013242	150.0132680846263
1087	-68.51839158546838	120.84142792133254
1088	-182.80291882934387	202.21847140482325
1089	36.736459941271136	189.20120934572213
1090	172.76141394824583	282.5436921512418
1091	166.76664544088538	138.96907019679557
1092	-221.97281049104225	-60.31066334529582
1093	167.56622667368214	251.08086189778257
1094	219.0381892155366	276.62734841986526
1095	-109.74150656271809	110.85125651734228
1096	152.14920241070618	-81.51576157189616
1097	157.05969209102398	231.6218032313783
1098	-137.88086625874342	-105.64084662260558
1099	-17.32422664559867	196.10759059018926
1100	25.48964105568758	142.27573751216602
1101	116.57190938884995	-89.0899379100831
1102	170.55947892207365	236.293355011757
1103	-475.91566967849707	-69.72932801651172
1104	-272.3606691800182	197.86923193339294
1105	125.84042487385297	-44.657186660250105
1106	166.85930650771	138.03394549139495
1107	176.9059229532906	145.65232057823874
1108	-58.53620146624071	156.9098673318315
1109	26.901199466569004	201.15180236668868
1110	175.94108293457214	207.94184855215144
1111	218.54492317805182	-14.384988085171162
1112	43.877459523288884	226.7642033332386
1113	111.8386883666659	5.5266541812248065
1114	216.74483841043238	211.35108592825935
1115	173.0424650032852	189.54687981582293
1116	189.5833461239249	240.95947037511203
1117	220.32574201700635	-38.24950277991282
1118	219.31913813815441	189.06851075263228
1119	187.94897194700434	224.68171334918824
1120	251.85133085485722	127.54312343960999
1121	202.62664025801217	192.49653988007947
1122	194.19836717675233	193.49656997030286
1123	225.88608142960211	219.9263291937453
1124	238.29676527162368	133.27960337341145
1125	-592.7111145793513	169.83853155286397
1126	220.13797100042302	-248.4858964205112
1127	225.41556696952736	197.19760499756308
1128	127.06181505800603	191.1238793484602
1129	215.22234785715816	229.8157906529432
1130	182.0854240246724	-55.846947117182935
1131	213.50417568576972	185.54993485085748
1132	42.85935048349391	202.4187856600397
1133	216.59384500522827	218.6231083871869
1134	184.0572137338903	161.95640961608785
1135	269.09093083545247	190.06153352568333
1136	113.3291672385848	78.16750513184951
1137	205.23938659644546	208.71650496236043
1138	32.88266674345632	-306.75452542594957
1139	216.83372259528255	174.7282808635834
1140	249.81916435905475	252.4316574904493
1141	158.41764845322035	200.53740490325418
1142	178.01142629658258	168.465763180699
1143	94.72052791505402	220.5271238661495
1144	175.886253797523	74.02924339916949
1145	110.97221109455448	181.36319442192408
1146	217.43752833589488	194.8993703351411
1147	207.6604615981141	165.6740357940194
1148	186.99938700201972	162.9744111168925
1149	65.57234614361009	215.51724560873905
1150	100.47079192205025	-62.64499686235447
1151	88.4053600035818	210.04538205042863
1152	101.35082205290726	72.87703827235265
1153	59.20990871258882	62.198639832011324
1154	114.56486003665437	215.54545810386472
1155	194.03446100035046	43.30604482372835
1156	170.11912542646775	168.22805248819728
1157	148.0710701440211	180.77435897548543
1158	164.97089602102704	164.71252744880502
1159	154.9631308393904	185.38412899139615
1160	6.371071749007238	168.6660131352748
1161	10.065264391419017	19.96918291983084
1162	175.52227014729948	125.05076060166733
1163	-13.54784585855598	159.5627118815612
1164	198.01384116589685	71.34181616063066
1165	157.35133007270576	177.62843956346381
1166	-60.251991894317186	-5.435984017156489
1167	31.14895226841496	166.9333763107872
1168	233.21418773109966	185.71618215030546
1169	-28.357314704811614	177.0564450938679
1170	136.56867316510346	192.61605682400972
1171	156.20472601889207	87.84885833927906
1172	215.65981638022868	140.3372742399701
1173	47.978107626129336	162.2784647690113
1174	168.57552741958	69.82734426756724
1175	51.28538720899438	194.93613805672823
1176	205.48421973130235	181.87812337009422
1177	151.20756653932665	57.162940751573274
1178	231.0330092129358	161.3288797257104
1179	214.74846864196132	161.04129545315467
1180	206.3452941654666	30.112122416998943
1181	173.17766346976433	187.35193485737645
1182	188.24345880495093	151.09301075193932
1183	40.53738026129247	176.84152177038663
1184	43.735803438723444	203.51019935667784
1185	25.89979296619717	145.676175095744
1186	213.69846088093715	156.03459789761393
1187	180.92204010195712	41.40613606301215
1188	177.53573067143785	126.92658112651502
1189	29.57302052920981	137.0155212996083
1190	240.65708013162876	167.69714555437815
1191	42.01634845172556	214.3649813303861
1192	162.88297669816436	173.94658611421374
1193	57.71462179797223	213.5163504130229
1194	249.25160678098501	130.69029613994695
1195	50.73953453583935	93.13379605835289
1196	213.47782356655603	210.74467425058805
1197	45.70440398487375	138.92358691221114
1198	180.12206127846582	181.01993565624178
1199	83.1138125412347	213.57266911159962
1200	53.460048767077765	223.05708763341727
1201	165.1940099656206	184.87271033895354
1202	82.95411702555973	72.39649301836084
1203	67.4730254242326	172.9622660960939
1204	217.0359586749209	53.85141426087439
1205	194.01819607972828	-320.6915077101609
1206	24.171144302226967	223.87872563942864
1207	98.9055582942998	218.9606485851597
1208	-23.64885490004879	167.23072406199668
1209	23.139285793140466	237.51960578772028
1210	190.81165965693577	223.13479036924537
1211	214.05322769444646	-88.68302061309781
1212	159.44411614919503	-76.99309012581891
1213	229.3778993153013	158.4795825662477
1214	209.88738236453372	182.7232171943555
1215	210.22994097843775	137.85884649553668
1216	95.56476149913604	53.9904532495792
1217	-93.03562254226331	192.20367415010094
1218	138.7359044715119	-77.46395930782359
1219	137.49244420993188	220.91612524591932
1220	162.009080498724	-79.38737063855064
1221	139.30243513804143	188.77549460850724
1222	172.03064456787	221.30478662546557
1223	87.7523402243721	217.5802101866568
1224	69.36104582502789	52.16242126872356
1225	110.972511986086	211.6741119684139
1226	194.29588945432803	65.00880971818378
1227	147.21512867950338	189.8030445413816
1228	230.6030140675829	120.71687244631974
1229	247.15559292791627	89.34269178583843
1230	168.0181927705474	-27.200976552203144
1231	-272.20472745477434	175.0353651895319
1232	216.98149561200302	145.68947173148828
1233	87.53395815931898	197.9819444589059
1234	37.172879578402316	207.0395977240512
1235	116.75332970104172	187.30950732987458
1236	152.2643545970269	195.2891833661557
1237	-49.72105269699997	201.74963723392864
1238	81.71260180974194	229.93582331250994
1239	253.00131470592032	67.55530312418189
1240	-40.97975723808938	88.78178296964114
1241	182.30136786087084	224.16718284224163
1242	56.7887346896896	215.2038412387127
1243	215.83238336558048	210.1429206083999
1244	202.11746402477206	-168.00554065914002
1245	95.20333594832623	53.46070404614329
1246	215.97572817549712	228.90301548886058
1247	213.50358086920903	201.54834871576014
1248	50.992477030340744	46.96610676876216
1249	249.3204182026576	206.7927732818674
1250	65.54781479617175	204.66653133692446
1251	210.47084047128388	186.97612401280006
1252	-180.70969507923792	151.38872886113217
1253	60.22052316389358	99.36920544326368
1254	220.2237193482197	92.94809348211973
1255	93.8735552801147	179.67973272009723
1256	-30.23084789172178	194.51572326174474
1257	195.79191832440424	7.307930054499757
1258	60.16580741858694	149.54424015326447
1259	248.18833389967608	132.53578660028495
1260	47.96346147055821	156.47594526681326
1261	213.29441520200322	185.43303382191303
1262	-44.38077614905377	38.64584678417566
1263	171.28231873723968	166.56094104318007
1264	188.75376605351406	147.1154422355889
1265	194.59535561983557	165.64520540473774
1266	104.80324111918587	180.33706215129598
1267	181.54984892315667	-59.92720077829919
1268	90.00037637299974	191.65829857611894
1269	177.66258039120163	116.17618167671463
1270	99.89988533467775	234.0882020769077
1271	210.73322303937607	195.40897997079185
1272	200.72117770725197	178.93371390771136
1273	201.00726944011532	227.5422486749185
1274	83.67804943131625	207.76084764908208
1275	72.41023542324007	166.05136560558253
1276	212.12340323158244	49.299250444091214
1277	146.86439054280535	69.73973506015764
1278	-24.352447123090045	-36.63796755807513
1279	211.2345143405471	158.02018768626502
1280	196.38356448042168	184.81507649136137
1281	197.76291048412872	164.87805195567694
1282	212.49135949223694	207.83051370439932
1283	241.7199399145507	142.64493594546403
1284	195.32223417024525	195.74134058908666
1285	-67.60619420843173	194.34804160486908
1286	234.1560078465223	60.27280055281453
1287	-22.01965065459865	181.5099141850676
1288	210.96864492829746	150.64691600695681
1289	161.32589335117606	163.592335119318
1290	214.1250174933512	-18.226432235192252
1291	202.50877772641624	207.26296206878533
1292	196.52717412185208	70.84295804419314
1293	35.96254121383224	182.51203631418798
1294	105.70579552201633	150.8321413526525
1295	130.27928899919135	196.25215657845143
1296	-53.91719374721549	191.42311890568647
1297	160.2558896448729	185.9618845400868
1298	141.6984367835024	63.5642055706965
1299	225.6716966979962	166.50937367560573
1300	44.59845001612673	163.97632884292017
1301	140.15842281457944	225.7265036913469
1302	-72.32817098901933	166.6375961251068
1303	62.89686957034184	58.52292316278882
1304	33.42881002455149	160.04326077478356
1305	-33.71448860915423	175.1938239869305
1306	164.83177014043963	238.173288815208
1307	-22.55278077084273	200.05092277516115
1308	178.55848806802166	209.98485165225907
1309	-40.399072830848	-107.50521867945933
1310	40.979166601041	87.50916264530181
1311	117.4239553690231	178.20098618929907
1312	201.74173954392194	-49.87768876299908
1313	-42.461627051876505	-104.93452646326939
1314	181.80481596656375	165.4162275551039
1315	115.12366285033464	53.86637387642405
1316	-23.1143363836525	204.9033226941205
1317	216.11921153829383	113.72321874136703
1318	-64.57886548740959	241.81721431094888
1319	205.17431174195002	173.6384848378222
1320	-55.56497188816249	159.8671237974607
1321	53.468397641608405	46.58764490023055
1322	155.2146148759249	172.1474162505808
1323	25.179561043926107	74.16720665408829
1324	161.0096330514085	190.82400576300108
1325	184.60899226381764	238.11854592182362
1326	190.4326711433486	158.96567554160677
1327	49.46272965465763	176.1586659869194
1328	249.55431228553047	73.38328822954028
1329	210.24135820319873	181.58058491083975
1330	-2.709748912383222	211.21785747903576
1331	192.36380775186592	29.63855600613587
1332	80.74548611710946	163.9146059176495
1333	252.96569755003966	186.03675086964455
1334	51.59153759444878	-78.25027957808067
1335	177.06634865908077	192.24787689898102
1336	-24.73741109836375	186.7756611500233
1337	57.482231989647076	212.73103884330084
1338	82.30522530708149	194.8082120980689
1339	125.3664769199533	61.51662582321014
1340	107.71874595196412	155.42666465819667
1341	213.55913075645626	-37.96290268234307
1342	109.75982966303835	162.40714323919912
1343	163.88251198869938	248.87175759918466
1344	84.34009968391872	221.29366953160434
1345	112.65303842288377	-101.25395479765567
1346	125.28521232342696	143.37401349722947
1347	211.24911358389738	74.42452432730802
1348	174.43015064167497	65.45455934957127
1349	177.16274560621878	155.36655430195833
1350	132.2863526877362	140.4005258060351
1351	142.22669314891638	236.75214879593918
1352	148.72801254439946	162.28984913052562
1353	145.5954612627349	-93.8722698833512
1354	173.91319386225064	-52.23416882450377
1355	155.38420249794095	167.47876255372586
1356	144.5268827946358	-22.55641828461546
1357	181.5128355393902	115.57882791829982
1358	180.68588097799218	101.6627428468069
1359	178.81639915598788	-149.13641360105396
1360	141.10288032880788	151.69658662572505
1361	110.30697925259476	89.97396576362055
1362	66.66256835734353	108.88390441404961
1363	159.15508383653238	189.242846295761
1364	100.57366163833811	-110.49550340557786
1365	177.30743972954048	152.2714963843485
1366	44.05113769841677	129.34540368803158
1367	148.42043645013422	47.81579353024146
1368	156.45631997140777	173.23831425673671
1369	-70.76477086369191	87.3978061464823
1370	74.30746479808981	115.05289780481255
1371	157.97449448294114	10.980409622921327
1372	141.90738721746206	17.188524952196943
1373	147.4502498155924	241.12030630028522
1374	109.70666787520086	61.96364544737062
1375	68.2570512285245	141.03169341691265
1376	79.39379307178392	137.54736089341395
1377	204.1092586900682	153.1291890858311
1378	80.34504679691415	102.90401615562843
1379	120.46046588769966	155.622162749324
1380	77.65650139260389	30.609728959978764
1381	122.99850221326781	57.84506451964482
1382	80.57134797462187	149.67471216067568
1383	66.65182593785616	140.55280105413152
1384	132.00832366558552	108.3490309470432
1385	69.73853203707739	68.51239737043038
1386	67.73055396204956	123.39137693422293
1387	152.20581882533017	43.61763412001646
1388	119.37980112832611	37.80507413342565
1389	80.70461156809753	28.146198200556622
1390	-51.322760058101885	127.18935720204576
1391	87.4106721294865	54.47806465659318
1392	224.80282482600046	107.74961185504664
1393	37.83568018691072	20.015599828627078
1394	110.21068552069353	72.79038596251553
1395	122.08778117803556	166.69746103612462
1396	44.51366957289303	79.35347089931645
1397	27.290850474939425	102.46640383461768
1398	60.96320485561821	26.400763752352272
1399	73.72585450928236	94.8044726594267
1400	73.64489787019234	95.2080604283118
1401	79.38654335684092	55.93592432698112
1402	0.7808433485108208	69.31921177465453
1403	95.36906772726014	84.25218482619289
1404	159.55275258923652	38.04137074662926
1405	60.03231829134323	122.3637077112917
1406	85.86657838689665	51.3520831271384
1407	32.77441178353684	118.50297088888311
1408	143.775444375336	61.243837869460826
1409	147.2495331338149	75.58111909147291
1410	152.3165378350216	73.8362464760558
1411	189.79865923282495	35.29514292421171
1412	41.696975294464835	173.1135334869909
1413	39.13807834928216	127.23883347533754
1414	101.68687166020314	171.03037969676356
1415	53.9714722828214	68.62242843412598
1416	48.16443671065346	64.88538545763889
1417	77.87083232853293	131.0618726160668
1418	91.42748140016302	51.03396994358795
1419	87.45970972778821	35.15551783142597
1420	84.2567424318778	53.59519137115181
1421	83.11113183580271	21.893774435254205
1422	91.80666426158	57.444097299638976
1423	49.38629759506847	91.81445031583151
1424	66.95997946850433	74.18389937292721
1425	53.09495644852932	131.91862061781706
1426	99.31723983482625	52.38915914327497
1427	73.81858264418281	60.70057247229619
1428	128.09057378241076	72.35634879209408
1429	55.89278681421364	69.58587262971058
1430	51.657543247257834	164.57712664587086
1431	70.54375859061523	-17.68533893005314
1432	54.8109607536633	26.234552518309926
1433	104.02756610863065	57.12796645188558
1434	19.597685962222297	47.78941426956635
1435	70.10781225665761	115.7092104875547
1436	69.14246874637192	66.07567140160663
1437	114.93894396523422	22.59839633476923
1438	72.76921016662207	65.22530726513739
1439	167.5492839808266	37.03906913284906
1440	58.81864388448154	62.77446059648712
1441	61.59357140588838	-37.5689239103951
1442	-49.7560854568045	76.47483555772905
1443	68.15338835140257	45.32572716171363
1444	46.18461470963193	23.612960805378496
1445	48.41590307902076	-5.701493733547512
1446	90.11038098085841	-20.65537478838384
1447	44.223995927614354	24.14410034563992
1448	42.89524527632957	148.87713846278706
1449	49.244752133046475	114.15642103440031
1450	51.6997603193213	157.41309813809593
1451	128.35222088353044	82.74004389670533
1452	143.8638781586768	131.81004265855148
1453	133.63338311854307	10.491399634686521
1454	63.20978145562227	155.39533613960032
1455	117.6208583693089	51.258920370497854
1456	34.1588346343497	109.98834827709713
1457	60.95856026614478	22.979722660021697
1458	129.07320493737276	0.4771640082228047
1459	84.73149131973507	103.21894765859696
1460	37.249669630306094	40.752993354978315
1461	80.17816866414736	131.19445822192114
1462	66.77063302880369	123.89068282692652
1463	162.1546541471327	109.44042657574315
1464	67.06842465711802	78.4918976467427
1465	82.79612314352971	86.73852670921318
1466	29.977583055894332	138.64440917041782
1467	157.0235283160126	14.616250888784027
1468	62.63099547822309	129.70362071787824
1469	65.49068122024512	104.1284485018762
1470	89.04019200481858	174.30598168614964
1471	185.05546164795373	146.16895406278354
1472	15.266094917979897	131.9870020452429
1473	14.771533550543873	144.00982568421088
1474	191.34488623707853	156.98605505424894
1475	114.7859837845793	134.95430058001378
1476	35.91409525376028	192.17815925351357
1477	90.60293836699596	14.917666226812985
1478	55.47473132280448	147.63333876905102
1479	66.43907776820275	66.99980980991572
1480	92.29012751194207	56.26962859887306
1481	14.749667329847012	112.49070670286024
1482	58.186325655977136	165.76876889614823
1483	99.99708818438175	99.66077039521217
1484	149.91139206363536	156.0581590695694
1485	144.2922883929837	164.87993734203
1486	77.75385035000669	121.68224605770394
1487	58.85705163061738	105.16675254026009
1488	113.14018348677189	185.1340367037917
1489	49.77760690595403	139.919045594045
1490	50.55925319284419	127.23884802163755
1491	52.865378824488154	135.87110146650173
1492	58.63164768093043	130.48765912092404
1493	85.3538493630645	22.063712691471792
1494	47.444686616658565	18.61803344913113
1495	87.09372670501659	147.64642131905634
1496	134.8870818401577	28.714769431998562
1497	61.955467976701186	42.24274583068515
1498	105.97795198189638	15.567654845451118
1499	64.38622025657727	51.56502301567449
1500	81.96107595310885	188.255989449324
1501	142.6412808326696	119.8582493266869
1502	88.74471759736804	144.9637738484125
1503	89.90981984994008	178.38441466527706
1504	54.532681346954334	33.45051138561965
1505	77.50543313806874	34.81504360140011
1506	18.557262060336814	64.19393174154153
1507	62.83639364258919	23.473974942447832
1508	58.87954326093657	58.213489992110446
1509	64.17068575462793	54.11154541698934
1510	136.28277156245372	130.45998821111007
1511	192.10653731575633	107.74224446248256
1512	45.924999352292396	-18.439103080355807
1513	67.81801006907341	18.97342699423735
1514	26.6341269246166	182.87782919056002
1515	54.43858866961736	87.32500552954663
1516	51.42819639352731	160.5612348133468
1517	84.55626800090802	145.17528565152654
1518	75.2118232960396	-22.60934620047926
1519	30.028474443809536	197.36756599080948
1520	111.60320273235095	138.34272686724844
1521	34.55217001423746	60.164770903797
1522	46.79743045772591	111.54383978221583
1523	4.939120371625015	44.945161728841505
1524	75.98214407118469	47.33232444616104
1525	66.04745295833746	68.15298509544955
1526	15.369220266548838	44.202626950061315
1527	22.087811758930414	125.3073461779986
1528	45.420546381908956	6.7313840973941375
1529	36.47505812606112	35.4679972608682
1530	100.14448408829969	62.15632116582787
1531	112.89669562659343	170.63833788952996
1532	37.84377762750644	29.84526018038264
1533	70.8434362965666	198.51738616099703
1534	72.12665190616377	30.61022733821771
1535	10.032330761809446	26.875409202446907
1536	76.26981224935398	33.476517399176636
1537	28.625821798894577	59.3743403858561
1538	36.54366675198204	160.49093369151808
1539	56.051105507101575	27.22981246762764
1540	30.55885191499899	150.89342010042958
1541	81.78907096851418	47.37169004705392
1542	26.3911473698055	72.21014312289722
1543	74.02909474673858	120.5376323529132
1544	45.867404096427215	44.61990838554484
1545	48.90556591287409	52.116502515924026
1546	88.85579306481887	129.09210605229288
1547	51.50435491592572	90.65123248311106
1548	61.178840526864164	28.717364009270245
1549	96.51787334918299	121.94872105056018
1550	63.325041848836406	169.52977150089686
1551	81.38263811810235	80.05588433540753
1552	168.79985238465315	58.741588818181306
1553	-68.53211256482734	22.061559773752904
1554	167.86555338046801	134.65245654744308
1555	-51.09999568717348	158.04008014585472
1556	27.45745323926686	58.04410488846909
1557	178.37374964928392	108.98802497298783
1558	134.8640421922219	135.3491522421297
1559	134.59003243317326	112.93661769433476
1560	26.22855100626905	165.30690659450028
1561	33.49873668141963	99.86242001554328
1562	84.32613450019177	41.96028731108046
1563	-52.315621034153224	94.35492435107955
1564	139.31628520270408	118.65532684494374
1565	132.59004710579936	198.9303673159325
1566	119.5888114235733	179.04289662873538
1567	58.04489104849793	147.19647081345929
1568	45.400628864291136	185.1558555983476
1569	-104.25158248174401	103.65364565158434
1570	140.1282175003033	87.0836708423655
1571	-170.95282547620593	133.0635328082736
1572	60.539387189764206	127.78909043623142
1573	92.04661527994097	144.09664854028136
1574	-79.48271540560893	153.40050632778562
1575	59.60000101450991	20.285318589689687
1576	171.9723686901038	20.994164737520556
1577	-113.05420271944391	-101.75666408585072
1578	7.030820316334176	-122.73624218740483
1579	59.48777534901761	55.65608315667351
1580	66.05637561038111	8.183813599480592
1581	76.45162568203723	29.32911976514884
1582	77.82634281370741	156.05353966666638
1583	55.32126024000232	79.37599027886219
1584	145.20201316147	77.72171683854815
1585	133.81241714622087	94.16214875404073
1586	72.42711732171821	40.88150094533597
1587	45.269651693708354	159.74427035366494
1588	107.99501718933831	142.51347954511215
1589	105.48826206217146	45.48739674792139
1590	186.14556536581105	200.06799120861558
1591	76.62688826615667	93.12308478385307
1592	132.23889311206605	140.43120412848208
1593	153.65089879464608	59.26438379693011
1594	46.300162126554525	195.93700992302746
1595	49.762972252640935	5.779713902390737
1596	88.47850449051892	233.26699132656796
1597	72.27998584145911	39.414471725928195
1598	88.89739439789047	139.78203569342335
1599	68.34728844082048	178.67658440670817
1600	54.649696705408246	51.35599388436764
1601	97.21953153157462	38.759351289144774
1602	65.8097167173604	67.11099028232613
1603	70.75587268713791	92.5935077903406
1604	74.91032110046086	105.48232042747507
1605	88.5753513188719	39.92859957317587
1606	144.16979128614787	43.22801356791522
1607	63.463705252947804	52.430283052597325
1608	73.22144611392127	156.94367902964308
1609	97.40026729680143	176.0313440091264
1610	152.79555121871144	172.2761383416684
1611	188.3241017396392	170.02767445563677
1612	45.73036024416912	175.05668994328454
1613	86.62655008127169	167.02729673271676
1614	94.3091424846751	71.32433967801006
1615	103.52222140691077	61.755222836785855
1616	67.24125050809268	158.7093800099719
1617	33.59898600362578	157.3250513324556
1618	83.64494276869277	172.58842941953318
1619	52.02131085654515	45.79692795268692
1620	95.20042268844811	150.9167394201959
1621	81.29807281636822	59.267819564910994
1622	91.9198930768715	167.955113770646
1623	99.56440371579777	25.31811524115442
1624	110.0693981075366	40.544271145376776
1625	91.5567655033732	176.79983640899772
1626	196.52618479530446	163.9032741164866
1627	174.86700916033047	178.84756937749643
1628	192.59142672818083	193.47022230215205
1629	-8.46385677179147	60.55475854608411
1630	88.51309845847071	32.22215577355227
1631	69.25414794291252	189.32993177167555
1632	71.53806460961658	48.70326675726095
1633	89.2609254987545	145.56340274841205
1634	103.69363271602414	128.96961691727134
1635	77.02565036572302	49.1572923014578
1636	128.71943404976213	199.43163909594855
1637	93.06238022604599	133.68512304480552
1638	95.29048827954942	65.43113476602474
1639	72.4813424817406	95.98680502288903
1640	40.885006541796976	52.08717523732691
1641	92.72769435782251	37.79644634635047
1642	53.61489013620416	73.69063506162003
1643	67.46377585933278	33.01177811123665
1644	169.62173489004292	118.08551129302803
1645	83.87183470152466	51.46227835344243
1646	62.09359083946077	24.04136451173612
1647	81.79390049125334	126.38268269635388
1648	46.32683345243494	33.30408801552072
1649	124.0958749087438	120.34929344066069
1650	-64.89044356637652	16.58241487199643
1651	43.63969149446444	25.108115595600783
1652	111.48857096305676	58.889768443422916
1653	101.3618752856192	169.84750687135784
1654	87.00514890160545	13.891720031763258
1655	45.893690472368874	57.15043071341795
1656	138.04762291500901	140.8034068902187
1657	113.3348600534601	129.53120687653941
1658	60.27975617611147	78.15356031019303
1659	54.512592856242875	14.539335630560455
1660	82.91976741624151	91.01653635938756
1661	20.15137723263866	52.251983122078684
1662	95.29378869174502	52.3902684121082
1663	80.68604674380646	87.24795166656298
1664	99.81572211033127	48.03842043188546
1665	44.72984677692785	59.637229034959944
1666	134.4520477197454	185.58287406801122
1667	66.58407047088988	51.357879460629654
1668	56.11397575895976	115.52381315465732
1669	104.0217162463583	83.57723047827912
1670	75.33870255118853	77.31011627070852
1671	79.95869131322755	106.43374443523182
1672	83.57277522867537	69.12563179498092
1673	56.97522892937407	76.42734103398202
1674	80.77598743863166	46.116731139622495
1675	17.412650254909362	52.685327959128955
1676	179.93478861848138	156.18696215611405
1677	31.18565474726364	-123.63569090258294
1678	123.11584195163277	132.7983688559882
1679	57.17778927939638	125.49312576639275
1680	151.82014581370282	31.878999717002998
1681	36.89889897008536	121.27656903375924
1682	82.42502893272155	127.13865141896275
1683	47.289072788880205	142.84210446257262
1684	136.1915661924241	135.48285656059682
1685	139.7027759010537	121.21744049073837
1686	17.95243676354759	139.2561334929157
1687	-80.36438820333896	124.21302808931708
1688	39.254390558323024	54.805696191490426
1689	24.309163417359535	113.97487317490344
1690	-62.21255422769937	7.622931257217074
1691	38.396456212107886	20.3670719452916
1692	163.32032480848554	176.10299638147575
1693	77.03413535232812	173.713731249853
1694	170.49948634994774	18.00236316687275
1695	-158.8692991614789	2.4123848277782525
1696	151.60312939704502	38.50039617799363
1697	52.838995653001916	-6.413238754566326
1698	159.74257818518663	58.71792548012606
1699	74.60936552641022	75.88049813305605
1700	168.6296668595996	14.809327657942717
1701	131.49142207233345	91.72707786447154
1702	20.72944518501148	-10.455206559390385
1703	31.43654768382689	24.80748850828837
1704	64.31756147368188	157.5477730817911
1705	70.04937930525824	21.25568493005648
1706	177.74960940914667	39.96568899579938
1707	128.83825030320833	44.091362705405466
1708	87.75869487410085	60.87987018900696
1709	32.51073334940557	175.48951586377342
1710	55.19049004547131	57.45027306390913
1711	126.51757259346718	16.934118706316195
1712	123.52538541056578	53.959199631704074
1713	63.616103247280755	14.821321926454836
1714	96.69189313734299	-9.932800501394466
1715	64.0064882697856	66.31190762331164
1716	144.59010738511995	60.44452281065784
1717	22.335947638266294	5.22959709481905
1718	80.09958181130318	92.59065773235031
1719	92.75110954245602	34.25934295245879
1720	55.0103579468846	20.576495630960125
1721	42.46785927568149	98.94713298025934
1722	33.2302108618526	141.05372259292068
1723	73.11309466023438	85.51541584267503
1724	63.290254334754636	34.4334334524451
1725	-64.95267261861812	68.51832624442015
1726	159.63209814879826	16.239279864759865
1727	77.41817626027873	148.21003821651632
1728	74.16266839552407	28.5496106191434
1729	72.50976343579785	56.925766808401164
1730	34.534974271142694	151.4671748672776
1731	50.93529487054847	5.508113122987073
1732	37.53772802026829	22.406158684676786
1733	164.7979944849883	92.89266845087853
1734	43.87819278576453	16.69840917685419
1735	133.29952192120527	26.4108921357551
1736	95.16792390138866	198.38896442138213
1737	186.42399158293955	-212.91785109290504
1738	113.63901849627163	147.2134601982944
1739	-123.85131690522323	-107.53703273422884
1740	105.16319654953885	86.40382479894342
1741	84.78529389353265	135.3729336001129
1742	78.19694774002423	2.6414372047993973
1743	99.01638873847413	145.53748426452134
1744	13.800670910542207	83.36843905445912
1745	118.68948338564154	66.18462701935997
1746	54.1500173751822	-37.66766297314541
1747	124.47226727742928	19.01718503472312
1748	174.71975034471234	121.48897402513546
1749	95.41686832836271	128.87462932342854
1750	99.03080652694482	102.70754705655365
1751	103.52783638374518	119.6946695691944
1752	104.0564266553536	68.45988271633844
1753	114.0937274955369	112.66639907652021
1754	135.34527843835065	162.54550753401503
1755	62.25104704167499	120.80513777221677
1756	-13.870923504527664	61.29653299277134
1757	118.44105834521923	61.2296913026669
1758	111.66876793520403	97.17255319489597
1759	48.11576946207402	179.56474196296787
1760	213.3567768132006	108.57345541120816
1761	57.72290152365601	101.54039296721204
1762	173.68626591567005	148.03816855661734
1763	110.15839082634207	57.70375832963056
1764	-70.33129609183297	117.4560022678732
1765	216.4656182338383	175.79657815847366
1766	33.06124716665534	124.15664709810986
1767	-81.04030271571662	-8.451343604893156
1768	-59.93889463603333	18.53276567116081
1769	149.51750610092768	67.11444234950031
1770	92.27041936225065	-38.7704725893932
1771	47.69045388259689	132.87903182430307
1772	-98.59543659469016	102.30898856167732
1773	96.38955232093298	124.61671644818625
1774	96.94995506704903	204.3805487504041
1775	64.66978513768117	-10.31135991593363
1776	162.6635521077486	105.86607452001047
1777	4.742104423723772	-6.189697320174636
1778	146.81455699253158	-44.874238343069926
1779	77.84486233804554	21.9155422227329
1780	93.64038221965724	-148.03774552798507
1781	-90.1891385337427	106.63591963099293
1782	86.4189759854972	-1.6735702764557991
1783	128.93771910202028	-44.68738068317751
1784	92.91865228989849	4.131315392343097
1785	101.62699174326544	132.32563761243716
1786	109.56600932605573	-42.49541055145416
1787	61.69203884456641	109.55411460832366
1788	115.40679233045863	55.56060636942034
1789	81.03367053407516	70.23567885044652
1790	-63.168336878862775	-53.53511997029844
1791	36.5520289147174	-88.35162693254419
1792	75.730999618661	-43.79880221575008
1793	15.86418456780248	-103.32662494977318
1794	-11.13190018863602	-51.356933163246836
1795	-12.121739066549583	-116.18268577978608
1796	161.90500841142565	91.04969745023666
1797	106.16885551503503	67.94528823900806
1798	87.98124424863884	-82.4113877717432
1799	-7.009992981366446	40.79453719592181
1800	85.70965785391869	39.593125154963204
1801	-29.177269661743086	-2.9919873664666605
1802	84.03631055964851	97.91804561906041
1803	25.563555786171655	-35.181694431870746
1804	98.86203923076955	113.4278653497965
1805	-27.87162612205764	-44.39364056324353
1806	55.391921802946	71.78867837011636
1807	-252.6591773053408	-58.859270578470344
1808	-49.276427045837615	-305.4314779977959
1809	-12.417774177387933	-11.427963578045393
1810	-74.84218258397078	-33.438588654764544
1811	50.755196976820194	-53.279684413897044
1812	-32.092202085767354	-81.30589749357661
1813	25.458908429063584	-61.26441214794093
1814	4.669912225892656	-35.268040160488844
1815	10.42412128078692	17.36492884393988
1816	-25.127285891482735	-44.88112135136743
1817	17.979776994218824	-41.87739819274793
1818	76.07135099664859	-4.976660653016536
1819	-52.08410152108563	130.43912220589516
1820	7.269613336848289	52.27387172726071
1821	60.481563798441954	-69.78275371184557
1822	95.40470609747047	50.903316439952555
1823	134.9044021000387	-22.297724575563343
1824	52.20125108765509	-16.82427527359149
1825	101.63299266896378	-47.597550687009644
1826	-38.02672012388361	-7.775336973472607
1827	115.72293673020403	60.71103217619637
1828	20.02497115073084	11.68702530995047
1829	21.750506263868683	41.65697850272179
1830	-38.727662447875275	54.87840662640301
1831	56.10114560794518	-104.24012172285411
1832	5.668684039063934	57.680063761081584
1833	-1.912705153236522	139.5422849418013
1834	45.15524265629111	89.58797323331109
1835	173.09779050071137	190.86928013498726
1836	5.97539488042333	146.16781790436454
1837	0.8710350608868209	-26.69371010285979
1838	125.54756690699377	11.082681465162262
1839	145.41149168076498	141.24624529190226
1840	13.106707606189218	-61.10808091346174
1841	-2.2799972684144323	-52.84817732799672
1842	103.08771033755293	17.532479677275848
1843	-6.007130091331736	163.14926188466563
1844	-0.14643091094595517	93.69839452977938
1845	-10.492148515614048	-57.36954877626876
1846	35.42619420538324	-38.15418359085512
1847	39.71189757140774	-79.57394165747607
1848	88.8861679984882	-75.08219797483433
1849	7.306579606116639	182.48850830906068
1850	-54.64323969449232	-71.44830697457571
1851	13.634196685986765	-54.46538458535022
1852	42.07823337203493	-8.67288726017019
1853	-13.23952799050314	155.86169801071213
1854	42.06026239002654	-60.808099911624346
1855	100.39398764004919	-50.075246926512165
1856	26.74540822209764	59.04155631661948
1857	13.377566091417949	-155.2727838847655
1858	175.72119844193452	139.02722559549528
1859	-138.92274024663044	10.481791050422464
1860	125.16330837652922	100.17060591664497
1861	96.4020179095727	21.163121174632096
1862	35.734657607424104	-128.2688650222897
1863	-190.56363464688093	134.14335579542706
1864	102.53525637992739	-37.84489769917924
1865	40.32293225794529	146.35064936170815
1866	100.75673401279855	-146.92013371988338
1867	107.71967517138049	-2.8293549227034847
1868	59.427650213476525	101.93317190376577
1869	-107.99875589866707	69.55561502990156
1870	32.44932761308714	-157.74361996330384
1871	-104.51178703087888	103.45139719055052
1872	72.86879260597996	117.27276334004546
1873	99.29166691462548	46.79313903876081
1874	-202.09249845823192	-196.08307571417953
1875	-1.718319001369993	-149.67531807806944
1876	204.1721142466236	99.51833563426433
1877	60.97501140401863	-201.52382991278938
1878	80.53061162121023	-7.771954941692018
1879	75.81966967611183	106.96900359534732
1880	83.8307351840014	1.643478616315544
1881	73.35510576008018	-126.52071964187869
1882	108.5474839063238	110.35507442153796
1883	-39.616802788598925	126.6697328242054
1884	71.70149345579556	-35.40776950780666
1885	102.29875136254832	-13.56616280782581
1886	94.08622204368402	103.74801775438846
1887	102.10776811500952	-22.780868018793456
1888	68.04437074133904	80.56411741215929
1889	4.701084819226371	9.417829840596108
1890	88.79484141010833	124.00004112842231
1891	79.27943635817024	58.865208268047816
1892	22.571115490795062	136.1283720096668
1893	38.598483463248506	-144.47519125723747
1894	42.342653442536864	118.76535739803322
1895	118.10216349153882	93.94626656600023
1896	152.49602745437417	96.92756314177345
1897	118.78620389279139	-143.75460092722912
1898	53.41104031586431	103.26127674940072
1899	192.97610751098907	154.64214317806207
1900	136.97870766839796	-26.434853643462837
1901	-156.0833858988911	-8.099188271681554
1902	103.8778237681934	-139.66077857253444
1903	121.2165850928237	-116.63392388821066
1904	21.380803647429737	-7.452242339066169
1905	31.790178784941723	75.98947573900651
1906	-67.65804009769322	-8.268203916425291
1907	23.21753421829408	104.42185392169938
1908	1.0438382880879749	97.57853694282922
1909	124.11942168948443	63.228698752213965
1910	65.84231914968956	101.3915145354243
1911	115.28777219565924	-162.8518022849087
1912	39.28984701131847	-228.65268363343372
1913	104.53361069490343	108.98442952652472
1914	127.38428274221717	200.36094209619768
1915	-69.80356246360871	-50.934605275088444
1916	55.21615965140344	-60.77713266139284
1917	-78.50534639941604	83.78758032847412
1918	136.5844350735726	-43.83479602912048
1919	-18.274607781068116	-148.04582603025148
1920	-18.547490430640114	-40.21548787803294
1921	80.61289822583831	-127.6910928153352
1922	111.15733195142958	62.02217153997863
1923	97.95895245545842	106.79206402704115
1924	1.3809828561992707	-48.898764303266844
1925	-42.40462071028597	67.30306286084839
1926	-151.17289309134873	-57.44803481113311
1927	83.59886041549336	-73.98802263171869
1928	-57.34721869788003	-96.92278993711709
1929	78.91832600102316	-124.16463204692634
1930	-5.181704451999748	-113.71579364377136
1931	-104.81225053249113	-95.07903801018688
1932	-64.9360628103179	-99.32920148674363
1933	-37.068508119288005	-108.89339265074503
1934	195.0558027889569	-98.29291509903454
1935	-74.45567386020522	-65.45534409358584
1936	-12.227318507996756	-25.7257309590154
1937	-25.767415801088067	-92.48132883155446
1938	-10.627709277997797	87.83700133486647
1939	-38.16048044419736	170.37317490342141
1940	-84.1421014868339	-44.843919672171616
1941	113.12148966287259	-67.85977090009321
1942	-176.84729672459744	-49.98095798428946
1943	-63.104817471425235	-52.48156635119696
1944	-22.335634876171788	-55.754419977481945
1945	-24.95148231997011	-61.73584161463084
1946	-28.401222292150383	-53.746954968853814
1947	95.56973922088359	-60.13849695375758
1948	-35.13623011423544	-72.8295009152931
1949	78.76517908805027	-67.85065039140272
1950	133.47648252739918	-52.469471091315626
1951	88.99259552853322	-67.38121518712639
1952	109.44903888483647	-70.98361107742983
1953	-69.65320841736931	23.941629755107186
1954	73.27276623310499	-76.79211738947359
1955	136.92265679767596	-10.179276794123648
1956	-147.3418356503312	-59.67387802916576
1957	79.47765904328863	-138.516507722826
1958	46.6957857404729	139.0825190437398
1959	-122.74974670089554	2.7828537858285127
1960	28.034258410273257	-130.729314041845
1961	-0.882008781373834	-36.72255166934553
1962	-128.38302745904824	-29.71888684515385
1963	102.13306024118333	-20.057300890980038
1964	180.33483707294687	211.95291898815276
1965	41.61484739453958	119.40321878616888
1966	132.39450907398043	-48.370806139679054
1967	89.17291475788414	-34.77609397709485
1968	-87.11378209941947	114.11963698405201
1969	173.42886786103662	-150.75400098018673
1970	151.04841690415984	111.95434372422746
1971	110.44458210316435	-101.9794656090225
1972	130.31444667616682	-165.58186181252108
1973	87.07418358631631	48.190951135253826
1974	-165.34576940097134	-43.43420171617969
1975	46.427624178601164	-85.49971024919918
1976	67.77994210337658	-110.51785924846259
1977	18.61879292261044	187.43153484325856
1978	150.10894834187252	106.21389108122024
1979	45.31800783848677	-135.9511874163212
1980	-111.59583962288154	-109.81120190701375
1981	137.3615986497833	-106.03137793230854
1982	57.66081753322147	264.8729864047609
1983	89.02265237423032	79.6397163817414
1984	-148.95159856126693	-181.98038710102128
1985	117.04765077511222	6.483043025115487
1986	122.9759292225068	178.8124463278657
1987	112.28254044123835	84.86002084244649
1988	201.6837225470557	97.58909544280954
1989	-70.35986903416901	70.77481579884503
1990	34.735246428672255	42.756733186726606
1991	108.8105158769098	-38.37119790605216
1992	143.8560117512259	-6.717250671289839
1993	87.59061991465265	-61.984163118316786
1994	143.83205271201402	231.14615158691288
1995	-87.48756650553473	129.83995325932665
1996	137.06883102796445	-73.7871011771985
1997	67.16314847524674	133.54405945125558
1998	149.81049957691798	102.28803863906239
1999	20.591522047479284	-138.2747753537937
2000	73.4247891179381	-65.45043259770104
