Environment: LunarLander-v2
Agent: PPO
Experiment: gravity_experiment
Parameter: Gravity = -1
Time Taken: 3572.6751556396484 seconds
Episodes: 2000 episodes
Max Episodes: 2000 episodes
Reward threshold: None
Episode	Train Reward	Test Reward
1	-222.65436222475984	-117.04163376185176
2	-226.09813154682072	-329.9989030316141
3	-97.22246523283715	-469.4805149008573
4	-109.90307575203502	-386.646833161331
5	-101.52103922390489	-325.08448736773414
6	-78.09576843194662	-112.60493142551238
7	-198.56110805795603	-376.0540444091344
8	-332.8869249727119	-469.81205589181536
9	-308.6454103718414	-190.02840584740045
10	-123.06752817129882	-120.45547346449855
11	-94.73752302186641	-157.26401102069065
12	-320.61022217992377	-133.3377866440673
13	-356.84782183412847	-141.8419531821517
14	-158.93967408857975	-95.68061033272862
15	-217.10386797534107	-340.7288338436416
16	-77.1986013503514	-173.6238738725782
17	-94.85348677797946	-402.1303600756671
18	-171.17734748773864	-135.62950285127613
19	-70.34897511608227	-734.2410997936436
20	-182.00968654670334	-831.9510902533949
21	-235.37959236081278	-250.15280547948663
22	-99.93473658942432	-138.2476057975741
23	-419.66155180663986	-135.27100602328287
24	-140.06559821797373	-190.79581051827708
25	-274.4182767447612	-246.4207047257117
26	-89.55587186356368	-229.37525074186487
27	-73.51910564495483	-667.1329649584806
28	-130.88665463133938	-358.6565732949616
29	-194.1555778252333	-328.1506536253851
30	-212.49706992079277	-547.9626720162059
31	30.522196433200563	-263.17623891880976
32	-99.40159937600595	-146.05706279933807
33	-246.10625314198597	-252.70624859754582
34	-43.62415056841566	-255.25234581491088
35	-247.01130012254046	-314.9593898666334
36	-86.72422526688659	-269.4194828171926
37	-129.20744653415701	-269.93093209943015
38	-38.19060386723319	-330.06206035948946
39	-89.09738977545459	-275.1481198695411
40	-264.202134204047	-377.9220709214915
41	-28.9653753974912	-433.0277383339761
42	-257.93109069174295	-532.756329150822
43	-191.4426458698848	-801.4015717880534
44	-220.50805746554545	-497.36178683911436
45	-163.4944871179538	-239.20136941212033
46	-104.37671542730503	-448.818574130948
47	-69.11661347546206	-277.90460355292765
48	-67.80641876642741	-782.3422750616866
49	-220.65299778799178	-413.94479347568046
50	-121.74787294882239	-837.7022368020639
51	-223.86782243747598	-315.5442476361626
52	-119.79184268880593	-259.7695966805149
53	-72.67563825427307	-1328.1830479994496
54	-135.11391637491548	-1698.1556128758864
55	-176.32042207458156	-986.283959967796
56	-127.81973868952466	-997.1701322394396
57	-122.34371689041116	-1872.686752384669
58	-27.837802775863295	-770.3630168785816
59	18.289081400697142	-422.6084809386371
60	2.3238251812877166	-364.9521693517207
61	-98.43426532580959	-421.8222698253422
62	60.70676482438316	-636.7057804989956
63	-267.8926531235774	-513.0351327588148
64	38.62267435723763	-522.8378236260849
65	-356.91392276649646	-3796.8370656855705
66	-56.22372643889598	-299.4716283402254
67	-67.95156312283409	-453.20261197553396
68	-210.4290733647755	-1099.6522241648795
69	-56.08544155948303	-1596.4977378125993
70	-91.97595314095517	-493.673272970876
71	-810.9135636397738	-4863.19235806153
72	-39.11775824300591	-6421.654910886837
73	-1341.5327515095892	-2800.0115152068142
74	-48.44162058675895	-2430.0948434776674
75	-53.57477286968823	-1950.3034171474437
76	-1792.7374224379762	-657.3809905533594
77	-1851.892954171545	-695.4768214158659
78	-325.9928710071514	-2178.477971719138
79	-1390.3234330095952	-3383.227160002306
80	-21.307531329740105	-4308.722594737252
81	-52.87657991799118	-289.51477781816664
82	-1071.967283333643	-4553.212092490956
83	-212.82466699646295	-2819.6524231832873
84	-420.8448111076533	-1460.3931521550285
85	-420.93316940224497	-547.7683361712133
86	-339.611249442851	-1085.1146405776285
87	13.55012102582586	-896.7699260718128
88	-71.35947254141448	-715.1998344778965
89	-35.3039246989412	-745.2875599758207
90	-30.607140199497902	-411.230315256702
91	9.961039019326108	-572.1651102057319
92	-87.81240126240955	-900.119964749074
93	-2.994418714111138	-1543.9520609764359
94	-36.70483671262933	-837.6328021580118
95	-10.274090265633063	-859.8597840127062
96	0.6145230822822119	-770.426156144603
97	-74.41959370112795	-579.222148365903
98	-106.26090919740233	-522.6413753658621
99	-4.757054045686059	-360.4280197212833
100	-21.062470711795825	-410.7663388250757
101	0.4500119325908001	-312.5131249346499
102	-2.737114142337755	-298.2273359743465
103	95.7231030396313	-355.05987622489477
104	34.47239519053859	-406.32931835459027
105	46.71213782739012	-382.1872533957276
106	-45.66255148330056	-427.9712859357872
107	43.744761523138926	-450.2334651331907
108	34.274013399921316	-406.86534721509634
109	53.165362556908526	-464.65614886463663
110	39.53306744228445	-398.1718684318936
111	20.180796087632224	-395.9164124964156
112	22.994912918610595	-583.3633054820917
113	-20.259334973775935	-956.5622735113801
114	21.115784925165855	-1119.7573543654419
115	72.53631326584542	-1223.8599599309382
116	5.981691773017386	-903.0082122638801
117	1.8475350556530827	-834.9785135857483
118	-49.80926106762672	-536.1561991059674
119	-6.9838787992285045	-596.0749071092864
120	51.967126330304275	-583.0685799506875
121	-138.18474998059537	-681.8724043319273
122	44.880656163851285	-815.6720678583766
123	-79.070211388176	-596.1690486155671
124	-155.62599897739847	-617.4965187527945
125	-78.3831927962889	-519.7401402985802
126	-51.86790122002083	-437.05696367487883
127	48.02524566795625	-384.48780416190465
128	-74.72801031532805	-342.1552978459008
129	107.37687171777509	-352.4988163724675
130	95.62246474924015	-333.3175638880857
131	99.76569024289108	-406.32927374042083
132	100.30606866338236	-395.991614562409
133	9.553193523393242	-444.01113969585003
134	1.8787894826380562	-524.5146191837327
135	80.38392332587188	-372.7880405833679
136	68.7095896222562	-380.0112671877752
137	-34.056548485294854	-371.6147292127568
138	57.261767668419715	-432.1167906656334
139	-0.751764857359845	-619.9955582470071
140	12.275844851822072	-795.9417761927691
141	6.844082061040693	-423.4562826513665
142	-234.81586708231578	-413.675595050202
143	77.53553513792556	-394.70930600034654
144	-11.173173862705681	-479.7933152823658
145	50.131645089082205	-274.64445936342116
146	86.79933976956758	-81.9374423877327
147	53.16804047360961	-95.76293571792161
148	113.25022220220461	-63.64811852036435
149	-14.312822466536318	-109.82586652105304
150	-34.21492313787837	-129.39028855234744
151	43.242024807594106	-112.78099983386673
152	128.63033172839306	-162.47602071839304
153	98.99427295709727	-137.90026102119165
154	70.78866464990328	-133.7622809064527
155	95.35536909499695	-95.90655876616577
156	23.540325140490268	-149.630359982158
157	82.62216078743737	-188.6925565968156
158	90.01308593272572	-159.2086975915427
159	123.43875317452337	-89.34291952232161
160	-104.68610956859247	-113.03131324059547
161	130.21181120995317	-115.0913797618172
162	-42.945879868115846	-93.33993324584823
163	0.7846830156885716	-127.5500334901381
164	94.80459198073956	-115.15325940858303
165	83.26417513247287	-104.11090209310125
166	81.98918903487387	-48.55777243536171
167	161.78167828952408	-20.210649112577954
168	102.39732955193402	-41.12292188367556
169	140.98121762615688	-40.03788289790912
170	103.12142806018227	-69.72645519069039
171	134.69350287149965	-40.123040330548804
172	41.70756557879444	2.9688041402449397
173	106.77602343137164	-9.256491609649379
174	111.45693989455647	-48.84310337936585
175	103.1653745408129	2.4882420033577697
176	115.10507532568563	159.75003588707023
177	91.86837194842724	9.178962612204508
178	134.3870024638897	16.193602522762706
179	119.8454737464772	-15.754625064227671
180	121.03752841733582	17.605873085401612
181	132.82650543145576	-1.8482733806031642
182	78.09750376114485	-31.92588651691178
183	-3.977027762489655	151.47464005865024
184	119.95149864580974	170.0163292806665
185	25.31207755511369	-8.704834798846061
186	60.65651704516965	50.0230127220785
187	-25.546034577901892	-1.8444665385481505
188	128.0918000219506	4.505710484436001
189	75.35331062616716	64.3970994369913
190	-40.127668982634106	3.681115716766539
191	122.70378982397762	-42.15610752911546
192	128.99807482997167	13.588075877143485
193	90.26023003929731	-69.98692721108716
194	159.31014923512163	-63.88151993339818
195	141.20711026283033	-147.78354502640323
196	168.5830601642299	-181.3604497227765
197	110.42029525913338	-130.77371023699402
198	64.72835197938531	-39.73589467700468
199	72.83567469874556	168.47837569037506
200	112.42016402356829	108.22836872071919
201	157.06932094210913	150.23258270471527
202	89.97183144966002	-28.071122640626754
203	109.67606165089317	-128.08268830223244
204	108.42547577126456	-103.91417950498203
205	58.77952378027939	-123.05479881200145
206	-59.633619327746906	-127.23846716078887
207	86.72424864638452	-105.98841499709798
208	108.02314656425857	-120.33180222813809
209	99.13911421622467	-162.84619387001567
210	80.07599489750415	-201.0394573101628
211	90.1314962906594	-260.761625130782
212	73.95770101862387	-509.70323847512975
213	-45.67128409778118	-340.0412164385818
214	119.93593025631843	-215.15403992523363
215	55.55314871996036	-43.50964592891108
216	83.07605776081431	-131.908623984569
217	23.420571374672658	-108.49508457430248
218	72.1508804395437	-141.78446506593855
219	89.97072167926237	-115.42755647690171
220	47.52724301460766	-117.45225106614538
221	105.39298233749787	-142.32520068207037
222	74.52659831497401	-63.18341291747069
223	107.32754958221834	-5.834964568744211
224	59.7068159502217	-30.889220730549372
225	79.49922500835702	-60.253423445641126
226	32.241426319260704	-76.76968357510736
227	148.6281999971756	-39.11203970469756
228	105.48036630570957	32.86014856984739
229	78.22774540216699	35.12563156702813
230	96.05589658260253	51.67330104117236
231	78.12524753768366	-2.034024976470242
232	64.32121773238427	133.90233642562566
233	115.39939696205337	21.673137654326236
234	137.62749905713605	36.603786737099554
235	115.83966523089299	48.72971052913644
236	121.22038855131443	0.19572099233262522
237	105.19156220801784	30.943176034313414
238	128.9034415877453	-11.467550528105082
239	78.05790066533778	10.100045711059847
240	131.84277127529717	112.53195414358407
241	109.83987559250228	46.68333845660389
242	83.19887622089993	16.424261128365785
243	129.22806469210877	84.96773213251274
244	111.79614951258263	-18.29186606641484
245	128.5834632298227	7.020384862237237
246	81.2813867936885	-114.3200485244666
247	125.62372175067819	120.74316858204263
248	123.18094597498339	129.21951602945433
249	123.27040023425174	162.83136151532725
250	84.39547108985379	50.17583017605808
251	131.7762355799642	204.32139956183477
252	138.73277415702893	177.37772549296756
253	154.00735250975882	-46.114521917596996
254	105.65800459480157	7.361886630762104
255	125.38124492201472	180.28749267299423
256	112.76865425303227	-97.00462982781235
257	6.349778727504599	99.92450330523846
258	118.00931984598225	178.1690087034651
259	168.2423686312751	164.18557178367428
260	88.08687400177125	-71.93010258078858
261	118.48980956901946	177.9688977819539
262	128.26384670476372	210.9386978761971
263	25.220457782819963	142.30813089203295
264	96.54240821858312	79.26980365180867
265	110.37557070675908	109.86303490397879
266	49.590194263505026	147.41576975625452
267	78.67741699194272	142.11605702412794
268	83.1344302942745	119.56736200901304
269	116.34608568396257	133.5046649423811
270	106.05069735679486	-129.13816978918175
271	70.25244875715988	155.21911026765832
272	236.43464686725343	-60.37240028713737
273	216.0267751904567	229.43535874967705
274	220.87810262209973	188.83576162852427
275	223.1356103766422	224.85844636558267
276	236.87345622182306	220.57125733351725
277	242.15163278199628	221.9310637287474
278	253.5067659970788	225.80230724283717
279	229.10944135411336	222.47272201621422
280	257.8547063676217	-43.4521291127522
281	22.38896889498693	210.56863058670905
282	240.80985169159536	156.9723297015655
283	-18.24673828930753	191.3385963892747
284	-67.03669756776382	-72.34957498092366
285	186.55262283146783	227.3536790435922
286	201.59421520490795	176.68734763505762
287	208.82001774674646	182.81777320153444
288	242.9352731741853	174.1912466777577
289	238.0613378383697	207.4216558851153
290	-15.102653333679825	176.3217066994414
291	254.3942056382666	227.16701247355866
292	-24.512297337801257	168.74545114766119
293	251.73046308457043	216.9702518099004
294	155.22324600734223	220.40073320070508
295	277.86596296485016	188.84822287323024
296	272.4067846121919	178.85281996367934
297	242.26016140137241	250.45197127862627
298	243.18890240615306	205.79209339432646
299	243.73531812417758	-5.428496370731082
300	246.00062018122944	228.01633549799314
301	16.9231035285529	225.0255054156144
302	254.72729345587135	-74.0159084745746
303	273.1386409802061	179.23894874710297
304	260.20683398244284	176.91608175247742
305	242.7584597996412	208.05935595685156
306	226.65942501941896	169.27976971366448
307	189.88197413623055	214.4826248743055
308	268.91488914798845	220.32151360735241
309	220.4463115816543	188.04080309685833
310	244.79249723682412	176.48800127661377
311	217.49069700293595	254.93219085742578
312	239.06119773336926	219.7641177629235
313	15.0781480007131	189.82305112215852
314	206.27866210779416	190.87622404431062
315	232.77060224646914	212.08642418224193
316	243.83285350173287	195.23439189776298
317	105.22806326357905	162.69050682501683
318	-42.920792343266214	187.82815594329782
319	-70.57033991346161	165.6110974861436
320	233.96171312815918	155.98290960875158
321	173.47626064608644	134.7190671229855
322	144.12960166690678	165.06051951688335
323	170.0442537400748	-75.42448539594086
324	271.3065552083897	-98.13331829681326
325	-92.27936394968539	231.0240100254911
326	168.16328968621724	-65.07514828024252
327	-34.99612547292034	221.35808817658767
328	79.22338222650605	157.0458200375838
329	-22.42026867938398	133.46081649063797
330	-161.3772699924018	185.6439392110308
331	249.43144528653028	171.90184018893007
332	-10.682858750782628	179.94547545590973
333	241.21233828584388	-70.19174753751864
334	-48.98619135443717	-44.92602196687497
335	-52.121002924985646	-87.93617744495297
336	-0.43137830471565053	-106.22134724386203
337	172.55258100007046	140.41730567462042
338	138.44322040076247	-246.3963038884446
339	-77.76494688843177	116.88756056748794
340	-56.8928564385036	-88.54580181524149
341	170.68612650889474	-217.07267458511186
342	-63.15654620734995	-65.36355854579358
343	-119.69310006425735	-129.08146155478155
344	-88.60939912054562	96.63401956755119
345	-133.7915679342798	89.765958595737
346	-154.1145552829284	-133.1604564269264
347	-64.07971256979542	-148.95110149101544
348	183.1714280666514	87.77914880776797
349	-81.01242192350253	-207.39596286543954
350	-60.88824359347193	-104.02618561264397
351	-94.0420632379946	-196.24641527895545
352	-161.37557863057106	-161.39047160181255
353	-176.99420370268075	-141.72773418231844
354	-71.99662308443229	-187.12563761157745
355	-146.73230955918288	84.78390257461007
356	150.16179657862696	-165.8132414785685
357	-62.580621561977814	88.42636452680367
358	-121.98862795236546	-71.45609872969874
359	-86.44556456936375	-159.1887567473771
360	-107.49414554772575	-140.78583958160243
361	-185.93527795366927	-78.07042177790642
362	-60.53549837940055	-209.43136958812767
363	97.58931665230955	-46.03577487901069
364	-37.241374146605835	-102.24869476313341
365	-90.1350337610849	-63.473656897793425
366	133.49277985965279	-51.247106994034695
367	-1.578604036289775	-148.67432689095267
368	-120.81885944559178	-179.67302526451527
369	-59.48243420636396	-40.61063160692492
370	-127.78501224494705	-89.95215562067224
371	-141.09142852221564	-164.4329900418684
372	-108.25818746904099	-214.78632149243654
373	110.34752121423776	-108.24414922955228
374	-58.97036935111507	-166.95345434296553
375	-101.57895790877991	69.86008912577981
376	-180.5685879375028	-330.6646642567303
377	-82.28751467456948	-93.58339443447095
378	-156.49021766255197	-413.6605657530698
379	-150.0786197698876	-95.59413683483929
380	-94.27411051720767	-184.9499333670156
381	-127.25464558344609	-535.5035543542502
382	141.14608947297208	-137.09953772444143
383	-143.86140903911067	-54.68696312524582
384	78.2612519054374	-148.7835183654936
385	-19.75705231622199	-111.85968170800271
386	-138.78205855689504	-48.55963160082068
387	-65.54557718370617	103.51709246290979
388	-124.03264904763708	-242.88660921434854
389	-55.61557605793436	-100.86552483302762
390	-117.4599427431974	-166.51964290014894
391	-131.60510800847658	-152.63291866289967
392	-91.63468052234177	-120.1049549470427
393	-60.817523528497674	-86.82048616516592
394	151.91462170632124	-399.05078541711947
395	-168.3212050470969	-151.62049895291977
396	-63.19844825484989	-185.1977615613734
397	129.12598636249348	-70.83228108421233
398	-167.18615547435294	-94.53543863853614
399	-16.711950953556197	-196.47831163535207
400	-36.71392147694684	-273.81236026107985
401	-64.8548141386651	-127.86217562445705
402	-76.75603908583057	-102.88272084095277
403	-137.15118180455346	-339.27351860920845
404	-75.51048112659365	-107.48959617735522
405	185.9254953505768	-99.99124878247282
406	9.099795531832735	-146.89862082678687
407	-95.6661317162709	-70.26905800280565
408	128.35857977331412	-139.2896053812839
409	89.16617821207606	-159.4597023093747
410	1.860406424309476	-111.58504691078902
411	-96.1686948164661	-10.61265488304382
412	-73.4512856363874	-103.58572719704974
413	-146.31485557913174	-146.81748549075004
414	-82.3810748681649	-222.52353209140952
415	-106.01454329177969	-170.0597233578399
416	-102.08014556759166	-42.94834772518228
417	-108.22634640455618	-266.77473286026435
418	-51.72065819756151	-253.84556597853293
419	-80.53879506014046	-269.4591237722475
420	-191.03367498973728	-415.5607182459452
421	-119.91724259192905	-472.9208601234725
422	-107.6969569878398	-366.80040530452965
423	-129.80082577736792	-485.17286063906226
424	-1.1816186994685716	-215.47812244639562
425	-67.15664736816544	-214.78133013714466
426	17.7155993376818	175.662563103497
427	-117.49298300335442	-145.1246313987247
428	152.49017833623532	-152.6067486863343
429	143.87296982029142	222.967280185791
430	-19.272592069515213	-187.80477057054276
431	-66.26604974930206	-218.3080935823011
432	-174.5836669727239	-29.844356030957083
433	-48.55343058321081	-261.50567500241795
434	-156.31575566116015	-178.21062501663417
435	175.39344275009364	-113.33899977676602
436	123.67517129474075	-31.33457145574715
437	172.6713329830729	11.110501768616736
438	146.1786138567793	-25.208344735174407
439	131.70548799781446	0.33857677663496766
440	-152.76559477634538	-56.935275272191944
441	-61.37756152243529	-106.9832498545373
442	-70.49452792124978	-102.36454211650431
443	112.58474303873838	-7.208601109375143
444	144.41872881785423	-105.01852597325414
445	121.69615823534937	-92.38567625213769
446	-113.22022924298854	-89.93438148392065
447	-170.08480830438657	123.05862314175485
448	-93.27974440132569	-125.97649094447729
449	-182.95490576778198	-46.81636041169768
450	-165.11956553194344	-281.2234458042787
451	-172.41785354746568	-161.24736439913028
452	-94.51094459632888	-356.1214621578543
453	173.43563739890465	-108.97540996016086
454	126.30413854192483	-293.45945135670524
455	-140.42841146316607	-346.7689860669626
456	-54.956914410205556	-110.91472687061554
457	-96.07395788852018	-135.75768995137182
458	-28.857443109272044	-180.68577394803236
459	-76.7969225886219	-216.1548799135851
460	-23.352983732629724	-357.9831921615049
461	-114.61938926051309	-241.61955311750984
462	-63.79518911937071	-403.0141083710885
463	-70.87313864463303	-257.98159004277426
464	-11.515788803071699	-364.74465073975733
465	-128.10050566253028	-387.9710996537409
466	-77.04401735979502	-361.37885595816385
467	-170.848578468869	-381.35468413924116
468	-137.99408399474208	-347.2436019493907
469	-187.94555323917973	-264.7989881720421
470	-98.43276073283741	-227.6093546755822
471	48.5375046626231	-240.2038174477693
472	-82.58121343580258	-199.3673479234769
473	-35.47817680973846	-230.66590494283005
474	-66.59360377600129	-106.37270996016312
475	1.9849855569478307	-98.21716501467064
476	75.4033637609568	-64.15524060279142
477	-104.65912657110594	-24.34100864258673
478	149.6679919687401	-90.43882932620832
479	-112.7436106481529	-36.00309803487729
480	-294.59618726458564	-92.86762348631702
481	50.23740295017865	-70.87124373356522
482	183.89588389884068	-62.85932692662134
483	120.0236567519765	-152.6797034378473
484	-157.3947993758654	-63.24833255371186
485	-149.92460273300134	-48.655384575425
486	-3.746602595340608	-61.40392266307456
487	171.02874397203033	-71.03759262830943
488	-126.4282375098611	140.15379708197824
489	-95.96955105831532	-35.13073016413364
490	-64.24245372114007	-47.17427931863014
491	166.53355323022436	4.059712445731625
492	155.30937673159696	-45.45684024318803
493	148.83212444313315	-40.1375816664506
494	167.9200864553338	-89.87098042671798
495	-85.02041064166282	-55.60625781569191
496	-24.350269771798366	-84.97431267674772
497	82.96587706149788	-71.41588888885441
498	-178.0532012218946	-33.87070325221905
499	8.328443491066214	-80.476347341497
500	117.75339732963467	-64.79469995866599
501	93.43478419654562	-21.5206455937345
502	-183.5027873636004	-34.2727430131587
503	-105.62515300840963	-72.53355017131732
504	-127.99246104540433	-41.39347803256585
505	-123.28988481890968	-31.520013692639026
506	-165.0913655132361	-65.8717565116586
507	-239.17824317634853	-11.101120412925397
508	-144.28989585625706	-88.9582707847557
509	-132.67676217500693	-107.94628226949222
510	-192.5549287935221	-67.81112989862413
511	149.04358245847874	-65.22894660135152
512	-4.007324338494506	-62.280485602646685
513	122.0583136843703	-31.377919716026394
514	-90.09395464732538	103.09419827038812
515	-127.52680719238083	-21.95843215939283
516	-248.42267847624066	-12.073061863530032
517	168.05617553073878	4.5342051387828635
518	-130.93967511675	-121.58958183978153
519	184.81383472691806	171.13114060359078
520	182.69912434355558	127.56890363993125
521	177.9024575163524	190.6553536673252
522	239.64555271586	-155.9471959143612
523	-119.4782367043487	14.598245008004138
524	-102.88356491980619	-6.5472157364159
525	-50.73773577492001	-43.891545277001995
526	191.67753826800757	-85.79491959004551
527	-66.950437971526	95.0491672134164
528	60.70478896530986	-123.50817506564512
529	228.0852077886185	80.66894976951927
530	-102.0396843599537	-71.05692558511808
531	84.80253787071322	-183.6492105771782
532	-84.12499036020131	-44.33238634646227
533	148.18057479857944	-60.85533815067609
534	70.06270994195755	-33.78408754151893
535	-91.53908193530539	-55.5968878906417
536	138.9197498694474	-20.33102150481219
537	-133.09003896303514	-3.9820708201333552
538	148.8750211615287	-57.485234957056974
539	-198.05158953461813	-36.544387667607985
540	-104.51106621876798	-40.14865569826617
541	-32.41092769905896	-65.71319483592445
542	-189.98264228219801	-29.598058522093794
543	-52.1239189091379	-60.58284531931038
544	-82.15164207939308	12.398545324395222
545	-27.49289565107503	-41.6229881013824
546	-40.06128601268169	-55.408801325010515
547	-12.722006680573639	-45.385763154797196
548	-36.26757869616708	-47.698180267423204
549	-32.774438331490515	-25.153618488869025
550	-44.05512471562681	-36.761013618221085
551	-27.648853111501012	-36.705712249741865
552	217.78289046121685	-71.81742606013404
553	147.46641302928072	-19.71401015038734
554	-21.728219645289396	0.5717078624565428
555	153.32007860398826	2.5518597487730403
556	109.75064641043855	13.361076676612685
557	166.59947943208277	172.2460161179855
558	177.36964345700113	-41.60970439659155
559	207.33152149407982	8.113172673368814
560	198.1158670157975	-37.24613859549498
561	131.12779582176256	-1.6664845482707793
562	144.03464775237632	-6.922246948897821
563	-12.093447670756301	-57.7898705561905
564	132.3209810444285	-26.7163168615104
565	-117.55092031209526	-45.78498129232639
566	175.51975780614293	215.5296832452917
567	-38.79833081797662	-77.36426681715675
568	159.97506181576017	-24.48434760354454
569	229.09088079369545	-47.356608922668244
570	-52.898460683434315	-80.3430832076141
571	-27.963775891644097	-35.7633131841008
572	185.98047429666192	-21.39265598562102
573	-91.19872270600206	-30.6919120496941
574	104.33742799510813	-55.593236884166096
575	206.02816405414603	-8.669851209441836
576	-42.59168010061896	-53.100391378530674
577	-63.686306543001145	-22.599571251880995
578	-19.6079470650955	-17.690409278025147
579	159.48883389883053	-35.50587185683088
580	-5.814236014103174	-4.026028744981107
581	-3.962525658154383	23.205208743432912
582	-20.513801468755883	-39.33786201830785
583	-18.37862210922827	-68.47035618273985
584	-72.03658340620917	-31.02471992418536
585	-39.672129381345684	-11.96821469849794
586	-46.767927301031634	-53.14551071735361
587	-57.90616627764297	-54.39893116180244
588	18.383781579697047	-49.784652935889454
589	-36.25282489035204	-57.350210537220576
590	-1.312851978497597	-5.44498919993238
591	-21.558275294699264	-60.49109744776971
592	-36.400172684664206	-61.32683897714316
593	-4.600689029202065	-79.44110417939179
594	2.390626750247866	-48.63869483106889
595	-28.071578372735985	-56.94123463517201
596	-26.763447326665815	-86.6580120132248
597	-56.59521999609845	-30.715670073886994
598	-58.51014383542101	-30.070792927263536
599	-60.79354078759253	-108.93043750562096
600	-87.18979707580276	-122.58463606827432
601	-22.109660908450657	-110.46422967167432
602	-24.505391294921626	-29.880386306852984
603	-53.73935018694697	-84.04863314542364
604	-56.20787047095689	-105.24790440976265
605	-53.56696863283562	-81.79938708652415
606	-69.75164900112212	-76.33610819426664
607	-82.1993588207184	-111.44910785301265
608	-58.00884936077359	-61.33338132531106
609	-33.89542817564807	-35.66648825952481
610	-43.746927530311595	-86.8444645582879
611	-46.06386242982777	-80.5513046624939
612	-2.3810385917366275	-45.83228444979885
613	-72.48571528169539	-50.938296736564645
614	-23.567078458921955	-40.317398923459315
615	-38.1286595020015	-3.087902676861347
616	-5.098459103871459	-51.685370049137
617	-33.78589398945133	-62.75268863013422
618	-40.23316429583386	-99.62360985287947
619	-58.48268111962257	-95.2105271283072
620	-49.67661215232878	-74.30873189683302
621	-3.9266758722110504	-49.14696415803522
622	-42.18518502888243	-53.69879000548027
623	-76.84723141261455	-65.25812007760298
624	-58.59239003842514	-44.28586094148855
625	-96.69952239330158	-66.94619803662381
626	-37.750581491477476	-84.6915878856835
627	-51.03621906082192	-43.3031731740407
628	-34.472492781537504	-68.72375448068259
629	-41.090208524815935	-50.96680685745253
630	-48.392771786230064	-43.74492945920162
631	-19.622680463338767	-36.909935430696514
632	-61.37837974117383	-39.326970600696065
633	-69.99254882658738	-87.1815680316477
634	-13.94430196372112	-29.836978710554078
635	-81.2302934693446	-65.08682993683843
636	-24.05458716467036	-98.09787500796334
637	-46.77332690805542	-65.23598742486537
638	-52.30654614686599	-73.98469003662245
639	-22.935183148891365	-77.4415753662015
640	-18.347285718179936	-63.36578251283501
641	14.030927580022723	-65.43416449145322
642	-17.906017939054813	-26.77138612314037
643	-38.32393784137586	-16.448325944116686
644	-43.824868238797066	-7.2312319016154945
645	-17.360571922974973	-84.51608872149814
646	-33.49579660858808	-35.123350556057176
647	-39.62275364167089	-45.468550523361685
648	2.6881685598861136	-74.09293775590643
649	3.766132396622212	-48.45956270411954
650	-53.42802896115209	-16.85352818875342
651	12.55800827724516	-61.20863799303671
652	-31.13692696999063	-15.393796546142518
653	6.494352284748503	-41.73026994993449
654	-30.34695824414819	-2.1829085355453923
655	19.1479191546856	-42.75240290043762
656	12.869455187978526	-74.24751422870976
657	-16.08258036359385	-46.78326010929272
658	29.06562537507517	-25.59402590002825
659	0.9347757709085571	-1.1525382877217079
660	-69.71569688250224	-37.26351579132954
661	-8.573993974754018	-14.726100582442577
662	-19.48019904679673	-62.74039925209681
663	-9.249564403570652	-63.37348761478724
664	-31.337972558287216	-29.80971385440356
665	31.010005587364166	-22.020618173458686
666	-46.59536559070124	-24.716316719591113
667	-48.7215518405461	-23.303024475564442
668	48.01836841327466	-32.07273947764525
669	1.4908900798277813	-13.728627540448892
670	-38.02604746098616	-80.86254672033114
671	-23.93460912221057	-42.47378386383461
672	3.1637992556287147	-4.2811131181637005
673	-33.09532761546009	-55.24378772020637
674	-26.379209064001408	-43.07543496293943
675	18.947222889774327	-77.77415294362137
676	11.120742756342565	-65.38123174880415
677	29.975093591604107	-40.31504695573702
678	-31.350461271394384	-10.26976417278304
679	-17.02702291359748	-63.785984069291416
680	-18.33609527617184	-43.70716655750325
681	-11.740357814777008	4.756261544563167
682	-15.479663645390858	-27.655414517357823
683	-49.61302333459095	-30.93587505715846
684	23.00748884195152	-63.585569052690516
685	15.036783604263492	-27.851214067736514
686	123.27961083754664	-48.430252891372135
687	-9.710120557915758	-43.51386932558527
688	5.097311282430502	-76.53090732546119
689	-31.456899959931413	-48.347416605000326
690	-52.77277515131343	-18.243485063143766
691	-36.87450919418286	-67.2102294657667
692	-29.231688481958894	-68.32649289159711
693	-12.196981061272377	-74.92249690094263
694	-28.253066534990776	-60.488691820494246
695	-50.092535226633885	-56.88448140233319
696	-6.362907726150866	-58.07970907688687
697	-68.04447797945888	-69.6644468958793
698	-11.624760138391283	-67.72562758435288
699	-37.8285633250251	-53.91925114433449
700	-58.20461845805473	-72.77519373773744
701	-30.97516700113049	-47.322096279795815
702	-173.91355348433024	-69.87273339908832
703	-23.09917756164973	-23.200779037919602
704	-50.361450628293646	-64.54740178394384
705	-40.04067148329034	-57.21280545982509
706	-31.404249325898117	-34.51691062293782
707	97.2807061261296	-84.32784770115418
708	-70.23007079547651	-41.61286685574861
709	-21.079907483422595	-40.577809629592394
710	-79.51152483701414	-78.7444257266414
711	-41.31674051865643	-46.16456741891791
712	-48.4780594133228	-82.57045299500598
713	-23.828969016450586	-54.231636336358164
714	-36.93549771587735	-44.43641813173139
715	-24.078147011279345	-72.74569420073446
716	-73.47464915749626	-46.24237672776855
717	-40.06144805436625	-71.33450231426264
718	-76.72654022990096	-58.00393433411988
719	-89.7723322804201	-79.03593508098298
720	-38.29559463466253	-94.19769060453069
721	-149.63049966279357	-53.8486051202413
722	-92.01606265997404	-90.27275045145772
723	-44.9514487219783	-50.419626821427975
724	-44.14790245401157	-99.52458460782437
725	-71.30311820413279	-61.279765768447255
726	-133.87804095729538	-90.48974831990442
727	-56.34001303010627	-49.770118256617664
728	-62.04731353264637	-99.42277964476928
729	-55.34324788977886	-63.99540733965786
730	-52.49621325228543	-66.88746175365904
731	-51.47232565098331	-81.45800761721105
732	-62.532821339361014	-73.48895885124085
733	-20.434349669669572	-69.58929835313444
734	-78.13478256385906	-85.9265624388642
735	-51.94033644731683	-76.19895780602418
736	-26.369553724873867	-46.03234370995049
737	-92.19273815222822	-76.70367587294413
738	-41.30248403984386	-82.61425582419074
739	-41.65944453677154	-43.917340942134814
740	-50.338456612773115	-53.12518152292826
741	-39.74618654788769	-65.61784913114631
742	-62.276846920721205	-85.02862528402952
743	-69.76095912281905	-70.51460152441958
744	-42.90564831500195	-62.8662914558666
745	-64.89777825451401	-27.10265729531705
746	2.265473969856836	-53.83064446519859
747	-53.01309718557687	-83.68297291382751
748	-1.3032462397443347	-33.294578358621436
749	-0.44797006335811185	-149.2732711182506
750	14.29603671229334	-38.48910979349765
751	-55.982947307577994	-34.33475451661193
752	-71.22030470179406	-42.42564826751291
753	-33.32447450440916	-57.08762947170207
754	-50.13821798740713	-73.93310438317039
755	-11.673183302576696	-44.27750996322354
756	-25.195044526954252	-20.09894969656073
757	-27.183525058052176	-30.134093746082602
758	8.418473537023223	-40.633941292244536
759	-75.75572007776522	-86.32871480512179
760	-31.58193824497178	-37.248517340083694
761	-41.10794212256115	-37.523551425688694
762	7.066662694417651	-84.4279098144232
763	-50.43907430724067	-38.664108584718996
764	-19.81685502129748	-33.644756342172904
765	-11.051390117658158	-17.432349180336395
766	-63.166696244743086	-60.93012331440843
767	-50.874940821444824	-19.119102177836023
768	-53.40642671849156	-23.464222665074505
769	-13.725358566979914	-12.882902714883334
770	-58.45626598711976	-32.4638555343444
771	-54.52348471252594	-38.96458293686445
772	-53.67304614298004	7.596436545661589
773	-20.449700239306164	-53.23426727945173
774	-47.66250387645555	-51.96528073535081
775	-58.18110824970289	-58.060479988161234
776	65.37036380630981	-37.42484274530757
777	-18.102101140051698	-62.59390561744235
778	-42.69595670762348	6.99671985652912
779	1.6853135004556903	-25.842774575020364
780	-51.997502529074055	-66.7542856930263
781	-8.20991491843018	-34.38368410351798
782	-31.78360399176889	-54.45910174541154
783	-54.51597054612575	-67.75417874163456
784	-25.216759095793407	-74.79596722246451
785	-16.061586196881834	-53.08023827839765
786	-18.56438400008969	-45.45697772245763
787	-53.41644322439016	-32.38371344333498
788	-36.88941263632579	-32.3565063911208
789	-14.7633604970882	-71.01408112597503
790	-16.46001015556904	-17.111413301270456
791	-61.073744167739676	-88.6482391954573
792	-30.917588080588313	-70.2784508199181
793	-5.672410426551013	-75.8991738454546
794	-25.482178914874485	-67.66744639155017
795	-34.512326706631356	-29.40579721109498
796	-30.656318991349156	-37.91257887608341
797	-37.19117650958482	-33.493991632669314
798	-14.60978957269769	-50.730435161200084
799	-13.66676582102043	-28.94687513616473
800	-51.45368076250955	-26.737469474598768
801	-45.79020036916355	-67.80135458131825
802	-33.198550931254225	-15.566781858968525
803	-8.200309849480043	-61.62763260854375
804	-57.60349193947016	-42.03237119865917
805	-45.02157150727592	-44.03740605974109
806	-69.08475400780387	-55.51700280287701
807	-15.897664746479414	-25.948960318090457
808	-9.347430679527283	-36.94526469974985
809	-74.16599202808794	-43.91271716219964
810	-91.62746012538923	-83.10535084573122
811	-61.90932441542888	-25.471961594056992
812	-18.812217892605478	-68.73221041490936
813	-62.75454244699253	-62.985973465681525
814	-7.086309106942447	-42.94880556249351
815	-41.54248266219835	-56.454646661350985
816	-31.302606192447136	-63.241703686544795
817	-45.510949057833734	-83.07502869591035
818	-33.09780183966248	-62.4025489985496
819	-31.447999205909678	-73.86709540007166
820	-15.620275144277624	-33.37401936701857
821	-56.073713992823414	-34.02649451497372
822	-73.3162253699485	-42.60893302846694
823	-56.58519486097752	-57.8347199460792
824	-18.454971370479	-19.38824125447551
825	-21.354123032879336	-56.58136979663131
826	-38.37727568347604	-58.74645926120771
827	-34.76438937328526	-30.90449538693451
828	-43.39868405619559	-54.89112786750222
829	-40.28367853724017	-10.065022898124846
830	-65.89491765568151	-70.15893031321087
831	-26.16338657246066	-22.41134650780878
832	-33.15791671503343	-50.138542346173594
833	-49.0194804423079	-68.41301081962173
834	-49.9000204866704	-53.599601726077545
835	-32.201197373177024	-26.086104835934403
836	-3.6454138749614176	-42.118160436793524
837	-44.941949520968606	-7.195802795867716
838	-34.292618680728104	-70.16257893084027
839	-12.673174352954373	-55.23149115390253
840	-39.558589772869915	-28.483734245811895
841	-23.435820714954406	-89.41005877828349
842	-48.46270596158893	-93.60120355194648
843	-12.627832951480569	-74.39058344086189
844	-42.892906173937085	-47.11953993360036
845	-20.028913621032192	-11.61413538737144
846	-53.0754213058448	-26.416366660423094
847	-46.406512411660586	-48.820126204879585
848	1.260122654946572	-48.427160855138595
849	-40.89468361341073	-65.85186284450745
850	-34.89988496400897	-29.36274150074134
851	-16.38301076636751	-47.23582807630329
852	-8.827270513154449	-54.52311276557075
853	-42.29711249392224	-25.1261645865036
854	-8.010604660643033	-53.80336219730361
855	-37.40967544377601	-33.91635500214719
856	-14.604248195448836	-15.538378019807485
857	-25.351630274689086	-67.5674390338852
858	-23.627966352846503	-12.39412542504905
859	-1.5036577916835885	7.818478653364269
860	20.67243322043818	-14.271064752952991
861	-15.942873098416847	-44.3011128656808
862	13.62493726931788	-14.113005378742132
863	-12.38317445703509	-35.48916745200024
864	9.560347110821661	-25.940474699182303
865	16.75498895263769	-26.964216408378938
866	4.431483359836485	-45.525415937817804
867	-8.618193988376206	-9.666430402782604
868	-63.005352478160646	-11.711387628324218
869	-16.354514589987787	9.492409273582215
870	5.004227422011752	-38.10616757212619
871	-15.262994436345453	-48.077655558711896
872	-27.447303986251846	-44.05868066154469
873	42.06058761360973	-35.72701769676343
874	-43.72379891964496	-51.52274880662285
875	-10.777481174915748	-65.37790395586849
876	-13.136284375079866	32.2453812306996
877	10.375995546146942	-31.314450718646913
878	-1.485053326907525	-28.281912162259626
879	36.99988857624877	-18.70931361749476
880	38.36210128854712	-25.69161399306737
881	-18.730211418582112	10.973584282229584
882	-13.502151800860284	-36.66536742516013
883	-16.682150045398885	-52.4365622259223
884	-43.18077409987755	-50.90560141664402
885	12.407571871127626	-8.403715253967068
886	-35.75882075675524	2.4069700165266976
887	-37.87218019253027	-9.294141100408039
888	-46.04090273357694	-37.58801313126536
889	-2.2511041714117823	-30.846917650913667
890	-61.50237086435836	-13.302119358059628
891	-17.242935927750704	-26.852057193600693
892	-9.505248002474387	-13.420309488058852
893	21.853450283277056	-15.431854695119629
894	12.808696658838349	-23.06524190260444
895	-17.19031018049395	-70.4977690396872
896	-38.548539343082176	-38.191422170835736
897	-74.79039907513301	-45.723326269976155
898	-64.9844300314911	-31.34387325861535
899	-30.328376906816658	-32.37153360394452
900	-26.058847257810278	-31.64294628295788
901	-37.636410480293144	-8.270591378147131
902	3.677013884963569	-9.82098438518249
903	-6.416736711992782	-17.503657356480314
904	-15.289021987907212	-28.500098909947454
905	-20.017915829387025	-25.8694165055958
906	-30.691843543225065	-11.245616619062313
907	-43.24282762402477	-10.244715958364328
908	-7.907398535462762	-60.9508943593429
909	-46.35355840062156	-18.006869787611326
910	-14.716150978425512	12.480085949146064
911	-2.0499440114114034	-28.269897424015355
912	-20.916445268731557	-24.265467320273924
913	-234.6260874049353	-11.492778628204382
914	-41.44074631235191	-20.45535085300944
915	-48.59427149271668	-45.75171586109716
916	-28.950483122426057	-62.60782180110599
917	7.4358477452984255	-52.97291734159865
918	-58.9446653291842	-30.983998596358415
919	-5.086594049197318	-14.05096952350125
920	-35.63043396104217	-5.951957427369635
921	68.16488105862015	-85.04665786197255
922	-67.40701129360089	-42.64431393438678
923	-17.47739691968218	-18.77340773813084
924	-16.365382632711018	-10.8739308218959
925	-22.5461526399856	-70.22763777446981
926	-28.345959394214944	-48.130114760491885
927	-25.741476085014273	-29.940416401004136
928	-59.65959756843626	-37.584620935511985
929	-13.68600470818446	-20.568650669515552
930	-10.815431974163698	-58.89481914638801
931	-14.663812527945307	22.81164884106969
932	-27.28932998644825	-36.30823269855805
933	-20.164645419403726	-27.49839036940375
934	-31.58877430558851	-72.30977107117592
935	-39.20430391794602	-18.65490217400289
936	-26.503421645823273	-53.30882981599881
937	-16.434264310842888	-42.241470428942
938	-37.89516232037951	-18.86957986273315
939	-40.79467798894664	4.008569809243652
940	-35.49783508159675	-47.94151030510783
941	-14.561903533525108	-30.25633911294454
942	-45.989547206656226	-40.69456824998789
943	-42.742303031747916	-13.367003641889156
944	-70.90263033141862	-33.63391684311619
945	-68.64539969707874	-48.34007826281877
946	-37.04384997455966	-19.12130078941046
947	-15.977084356855563	-42.25273081058926
948	-50.23192814998479	-11.556679502490391
949	-26.59956246096099	-69.42698727674718
950	-32.37866763744572	-28.824004849085657
951	15.655693828763452	-67.21332861318389
952	-5.9497679465847915	-52.66030273398702
953	-36.0848316898275	-11.501992491192203
954	-16.105815308604832	-38.144714682971916
955	-27.063121815212675	-53.75258726881414
956	-3.6302443101470585	-7.973245367192242
957	-21.717454818317403	-75.78926775768338
958	-68.06821187933205	-53.07137477449712
959	-28.345341879882447	-67.597018914152
960	-52.78729370335885	-17.646118845862993
961	10.70465795526916	-71.48596824067826
962	-23.506144098412776	-34.169522243126366
963	-27.644605331878036	-20.041291301295875
964	5.125710506103369	-35.18790976296287
965	-28.011383501676576	-26.096288295201465
966	-37.483405279164714	-55.35314150081717
967	-13.350627562871866	-33.234717406324926
968	-71.7113150073266	-75.29710877307524
969	-39.380388327562876	-52.143429933439464
970	-51.455602250633916	-35.4037459897424
971	-63.97704188389772	-27.195750280093705
972	-103.62413275058897	-21.847701005217694
973	-3.176776504307858	-43.2090995407575
974	-34.05565767258147	-28.834375333930016
975	-9.290159700706425	5.191292315878734
976	6.545889214206047	-21.55782001786875
977	-42.593095205632906	-0.5003658293060291
978	-36.14382234984512	-20.929901064569084
979	-56.15649285312949	-4.450911644394272
980	-18.01441659695864	-19.848798661847233
981	-50.87103846699546	-67.65918868377457
982	-26.496290510359312	-0.4665818149376566
983	-10.645260325560356	-10.637355935148515
984	-24.403335955897788	-52.70532096831945
985	-67.6466957710207	-61.71335776253426
986	-4.120190204533135	-41.48747967757306
987	-6.081354986247414	4.354278003035701
988	-34.82062088210794	-49.572491305528665
989	-51.95138239117876	-52.769547736209034
990	-47.78942215066424	-52.877512606289756
991	-61.72891904173226	-52.981206630330746
992	-14.438925468563498	-12.28387292022462
993	-33.73832817707279	-33.62255072021703
994	-35.52583398986504	-9.71078778574412
995	-15.38138929805277	-37.2928651546796
996	-35.87651178479934	-28.768239107933674
997	-9.837203902247085	-40.24753350249977
998	-23.315117022255286	-63.78603173891023
999	-16.858430482102875	-39.21077639271077
1000	-74.97959052364807	-68.74105454658945
1001	-44.73237516231011	-5.267209172753982
1002	7.674659204412901	-45.88330018917848
1003	-27.91747418115414	-22.81573919756222
1004	-69.4608550434858	-99.32124794693789
1005	-25.639019750802262	-69.06822478845636
1006	-52.92210865076187	-53.72453507877379
1007	-81.58033823146259	-70.45499568087918
1008	-32.86771877563827	-59.67714564659842
1009	-63.853379307142944	-32.4273509491186
1010	-52.549475655767516	-61.998395438585106
1011	-53.70830409296148	-36.289536044881174
1012	-37.336978463015946	-66.7187234461425
1013	-27.036894013092766	-48.66134083616802
1014	-34.38311566878976	-48.98369783967734
1015	3.8237135018204835	-71.98191169703986
1016	-82.39185678473972	-93.92284512203896
1017	-17.834460478706376	-26.65249120073035
1018	-89.68779709297216	-66.35907360355485
1019	-76.96546682205444	-51.17124288065433
1020	-57.82401809250159	-150.1803460578449
1021	-55.10563322274743	-29.837264733104742
1022	-85.3505664883728	-70.42511247452198
1023	-19.200010725219002	-44.38209544858813
1024	-35.07197174519544	-36.167821850902875
1025	-48.65383109512224	-44.08567571237056
1026	-29.31183257515044	-44.32724099257211
1027	-33.96905592905719	-82.64934344214527
1028	-80.37347807350348	-38.72398356096517
1029	-9.9016142241567	-34.91821284025278
1030	-98.58718270217776	-11.119218391161638
1031	-47.00800678364591	-23.89523958036862
1032	-47.044719097220266	-31.127501054875214
1033	-75.99488295980588	-59.655966307152454
1034	-69.87113381234337	-49.443535837713846
1035	-67.50743716302415	-34.550847813176524
1036	-63.470002894393595	-71.51227491443625
1037	-67.26218046976382	-83.46801256012634
1038	-41.894079742092615	-82.47548249769561
1039	-36.180180666908605	-42.213090076475964
1040	-51.18792969261759	-52.838171845121856
1041	-22.566694549508114	-35.833649746973066
1042	-44.47450785906014	-61.98504469743307
1043	-39.762998613884896	-55.93999482409739
1044	-29.464456450355968	-60.731059836688985
1045	-77.0469476154205	-52.48234397181614
1046	-25.71118747267575	-107.46497153982492
1047	-73.34241997149083	-113.47278112245553
1048	-98.14049707862448	-39.78077108170822
1049	-40.61772659062081	-46.93287509677257
1050	-58.21462382062527	-86.25109806847911
1051	-78.69530512496718	-32.90681598496824
1052	0.6692989638460167	-77.0886391289252
1053	-63.9956427620605	-35.49151055490158
1054	-30.242558508987678	-51.76558186739897
1055	-31.77392839249771	-25.590898520588826
1056	-46.429903955960434	-66.22922075468773
1057	-48.046971033006415	-48.079077988826484
1058	-9.482351876634024	-39.49940795333613
1059	-9.038397009576101	-42.32294949217761
1060	-26.15383296792571	-28.888546949801963
1061	-25.426886336152556	-67.41364388461021
1062	-52.3044652670964	-13.413894087733844
1063	-32.81797118353163	-68.45046966840555
1064	-18.40369432272864	-40.196139682664985
1065	-81.64663884281167	-63.328775771374936
1066	-37.446877517388074	-52.03197815258876
1067	-73.62329653749758	-51.937879090890455
1068	-56.14261237146055	-43.19057572718186
1069	-37.52449384590425	-49.14117659549177
1070	-48.96953910598234	-40.17991283251046
1071	-4.202852844244311	-36.94343469438392
1072	-32.07274130935314	-38.68246085986531
1073	-15.514704941373957	-13.798628605147991
1074	-20.45353506932988	-72.46141331629352
1075	-57.802794684715685	-32.86356381475406
1076	-31.324163831020623	-44.33388695611094
1077	-19.761848093931043	-33.61282763130248
1078	-76.59977775611033	-23.82406822892855
1079	-31.224885849386922	-20.00221243396535
1080	-22.681354904187355	-32.3747995639879
1081	-65.09856228266047	-56.24040186364002
1082	-41.24166002056969	-65.89144340302374
1083	-22.296284543162642	-35.13480010871455
1084	-11.026269796449167	-57.30003440796048
1085	-43.58172773861496	-31.293200127586264
1086	-33.27671667966927	-35.24392395969978
1087	-38.086128999665505	-9.025999444770868
1088	-37.43242839423315	-2.1634242290486654
1089	-55.90896908050149	-30.965399158786635
1090	-5.164201053576947	-83.5744434739251
1091	-51.77101824361876	-16.032395696037806
1092	-36.901410426404084	-13.181085002404522
1093	-16.228258051827922	-36.997615738576016
1094	-23.391582242942157	-87.74116092290862
1095	12.820388455504261	-30.549173139417814
1096	-60.4796459829959	3.4644246066821145
1097	-69.61614147704552	-32.413586825143234
1098	-25.26755476823138	-31.60336925413582
1099	1.9150840586352982	-96.58468403023055
1100	-26.37435724656562	-71.7292167947819
1101	-77.74422908979204	-91.2027882274846
1102	-66.53429053604098	-115.09874710537355
1103	-144.8205337070304	-85.11981726395115
1104	-69.61024633007638	-5.3328493209108
1105	-89.04008576806754	-2.6566615001649483
1106	-20.823188205037543	-68.90030820353225
1107	-40.51476840248953	-167.1398265815997
1108	-13.862018336250928	-122.38412572634182
1109	-3.1864604448814577	-45.091598561773125
1110	-81.11755901763838	5.548133491045025
1111	-27.343775446195654	-25.870533052388357
1112	-126.43801893044991	-129.15260309067034
1113	-82.82818366682656	-55.90299608174764
1114	-62.149216299444234	-17.916809033322433
1115	-35.90899317900172	-24.54335423062826
1116	-73.71494582047552	-2.6494217248522816
1117	-40.056534349750684	-56.577574990518656
1118	-19.264161237714468	3.4033459419140657
1119	-90.51114965283993	-12.040190695576324
1120	-61.693441200692014	-8.488440666188211
1121	-40.36222301958612	-2.8596343741367276
1122	-2.002292029599233	-138.0297098872266
1123	-88.92627006432372	-58.789431192100444
1124	-67.9383450443816	-99.63849081609234
1125	-43.31638071192485	-122.17619181885905
1126	-32.12568985847355	-30.88206153357156
1127	-0.07906704788082836	-55.36635209136007
1128	-36.072327901436196	-14.239291941536253
1129	-50.24405465021253	-44.98400282197244
1130	-29.435341783520904	-97.63872058316532
1131	-94.04264510358028	-66.60533454984336
1132	0.29088739605803826	6.927286120551655
1133	-168.51634829250713	-203.1998311819333
1134	-33.346998822637545	-3.873518694324824
1135	-109.15045809877496	-86.54988129129512
1136	-91.62289350987265	-48.86808274755157
1137	-56.802909863338286	-52.953056189130535
1138	-11.67191799096454	-10.491325762376984
1139	-21.617395919314166	-64.90403149767158
1140	-72.15103531614275	-156.7605744584129
1141	-59.52721958524809	-2.491267552598635
1142	-55.67408830853494	-50.09734216316155
1143	-81.50037873172768	-105.18684514100717
1144	-22.97536806600334	-95.82123361331703
1145	-83.62609838679792	-97.49333601486872
1146	-14.034259041291229	-19.793273758568443
1147	-84.96937437558897	-5.124765749749286
1148	-33.293101418680116	-71.74221585130346
1149	-66.13392556051049	-55.09222768595703
1150	-63.53601070241641	-21.265527456097267
1151	-81.13083385738142	-60.08996535024882
1152	-34.071261384257966	-68.9605027811241
1153	-44.91180244125112	-206.84601181796208
1154	-51.66943396910974	-36.86724617270925
1155	-15.229284694446083	-66.5595626635999
1156	-142.19123361979823	-56.638561575052904
1157	-43.83965696774973	-66.4350859323022
1158	-22.055958720833775	-67.05508215797629
1159	-100.07457017210942	-55.413365533239585
1160	-38.16038239668855	-71.17270256075382
1161	-90.29957471495351	-26.55310042308309
1162	-21.62032242528639	-73.60009283714146
1163	-12.331288325217457	-41.6197382782106
1164	-45.77532571101629	-37.677232417668996
1165	-69.54615325015014	-23.74012774161065
1166	-29.230902854952525	-35.74582470273319
1167	-166.60203604967057	-42.797813483903624
1168	-33.51769471009028	-48.53376563067502
1169	-50.950445076389194	-41.295068321904196
1170	-67.83968749307478	-29.112497136977186
1171	-55.17688578424247	-52.94190723620682
1172	-36.835483287926934	-62.0603451190114
1173	-68.91278175467666	-33.16655919814761
1174	-64.09024453247157	-71.61645212569329
1175	-37.4495676099679	-36.417759346972645
1176	-38.94796512645159	-47.07487160242118
1177	-10.64002514188394	-52.67925337759104
1178	-46.41959782945721	-46.40480955106315
1179	-52.66306314780866	-33.524941127802634
1180	-35.23177592332219	-66.48312607979922
1181	-55.47375207624065	-64.47968976290416
1182	-23.097665305751164	-23.3043273929456
1183	-35.7044546925964	-28.60809934687124
1184	-69.70124033296038	-10.431839254525883
1185	-46.82884567417419	-58.52569797115656
1186	-30.42619874830496	-6.269826497487108
1187	-21.486228159424662	-36.68152347035255
1188	-44.85285592124252	-32.74184371313709
1189	-61.82951507878611	-53.09040325020824
1190	-34.70567620637335	-50.553671916014835
1191	-43.9732736646436	-30.21483149561329
1192	-41.70834398287021	-53.30997389447021
1193	-29.178075981956184	-25.30550998385234
1194	-52.42380004600619	-40.992046023736435
1195	-15.245641395578238	-46.1298954360307
1196	-22.266274819659685	15.445117778689585
1197	4.895226035178874	-51.68821738943891
1198	-13.102783780196745	-25.856278496479174
1199	-16.656122438008076	2.4718770256352256
1200	1.8091090866213735	-0.13540461746409704
1201	-69.07661670453469	6.523544604287356
1202	15.836722288431174	-27.806607670017847
1203	14.511704844175219	-24.108412620949625
1204	-28.614929810192496	2.2043032895443204
1205	3.315625036966254	-21.24211027671913
1206	-52.53909655651109	-39.520009866360084
1207	-21.35910317123143	-46.181559939411045
1208	-46.927663546461034	-64.47154960063412
1209	-33.026324315931724	-134.73111249658518
1210	-0.17704602655974377	-6.797883447852196
1211	-13.790467560222604	-30.0010705716095
1212	-5.963476908345142	-17.406658737985797
1213	-48.012419015259304	-37.72699487569032
1214	-21.527564669796597	-59.01446523638886
1215	12.396224065090696	-27.30124509925792
1216	-37.15909902612955	-2.688777125178892
1217	-26.5854157433784	-31.42894373745315
1218	-41.77880530466974	-19.765551313223256
1219	4.809548394966144	-39.896260817486876
1220	-17.032198426459775	-44.1095675001856
1221	-13.707329990152369	-16.914228589614712
1222	-67.67350190242156	-4.7412845779924195
1223	-34.70804452567784	-52.593356054928485
1224	-56.11049974356094	-43.91811749294628
1225	-1.578296212188476	-16.8507830727175
1226	-1.2000020602365977	-22.75873392452229
1227	-30.399815146562492	-53.86537492207506
1228	-64.78343556792241	-39.16261176369914
1229	-54.62735527703329	-0.28016642814848497
1230	-35.328577914869136	-54.0951206881809
1231	-52.91969140458774	-18.475137554469924
1232	2.8754982420233013	-9.197947152148242
1233	-46.67096616339737	-36.869344509289746
1234	-32.405586804175286	-24.559074740057014
1235	-54.80337740567782	2.144700150791924
1236	-61.6491911944166	-0.3725529175516129
1237	-17.64385252317297	-10.198292622075844
1238	-27.110173355153425	6.699363166401981
1239	-23.650290252421538	-39.24712599515175
1240	2.8331698558963	-37.85001715425521
1241	-23.118793641837335	-58.82846233690672
1242	-21.330350898642095	-12.600562846049918
1243	-13.312491618827238	-18.774753150820377
1244	-19.064615392528367	11.776401323231147
1245	-48.007226991737	-32.48302651322702
1246	-12.479481427985313	13.221686119669258
1247	-68.54446035933768	-13.878444341059627
1248	-45.86779302969579	4.587196812205429
1249	-9.329567921965753	-31.96785930041602
1250	-26.643009941033444	-0.3313269293205108
1251	-21.26006210116559	-63.102456923731566
1252	-5.228452117944772	-8.748507323728347
1253	-20.022542004281775	-11.63111759294638
1254	-21.52505699863947	9.453550926017428
1255	-35.22232334594234	-31.47278386091943
1256	13.376623640211726	-41.922238584882464
1257	-152.83405713348446	-11.69687018175667
1258	-32.349148113290724	-30.63425274276428
1259	-105.58318040015828	-53.07523526303757
1260	-42.47116268605058	-62.4273029813119
1261	-21.775052044006156	-55.73354497403723
1262	-7.179645247837359	-15.558119071115058
1263	-33.06201052511646	-21.803747903220074
1264	-29.389304180345423	-16.80216929684852
1265	-1.015862857992614	-29.729739876330623
1266	-7.750394934230266	-12.375778982517467
1267	-8.837551523620096	-5.3632188628846125
1268	-6.810126393759436	-5.358041079662733
1269	-9.465859079101252	-16.569540308851455
1270	-12.849295954011382	-0.34828487461047786
1271	-13.29550984323383	-14.510897482028223
1272	-32.408640274466265	-33.54354063546027
1273	-19.125835614978655	-32.9811774469678
1274	-50.171518735461476	-24.064294492891364
1275	-2.7324568604723316	-13.415523225161248
1276	7.289037694033469	-43.37233193815478
1277	-7.670431169926755	26.234148263300142
1278	-22.504636480058	-21.76845926644958
1279	-27.13087601626004	-46.021781070842216
1280	-60.88221618749049	-24.006078205275827
1281	-41.40581872591646	-40.810730353312834
1282	-28.093530749046337	-32.08344789697192
1283	-50.785334976323355	-0.9007672170624941
1284	-20.88429121478739	-14.48389603543946
1285	-48.64934643739414	-12.045734783207187
1286	-59.827316301360824	-7.71320218831758
1287	23.795608700035917	-31.959026394439864
1288	-4.897418111095668	0.1877251973802958
1289	-29.01435134761956	-4.951512352355781
1290	-28.108086065287704	-29.608189713362314
1291	-52.17613362380925	6.501225547122323
1292	-9.076749476235157	-25.77782359653827
1293	-29.61031311409021	-37.13100008777075
1294	-3.472053983900058	-8.603503740133029
1295	-8.98847495729445	-44.311821810726094
1296	-5.469375633988325	-19.42879213347459
1297	14.549610343472393	-5.995245464302879
1298	-13.173901909878094	-25.0072438129553
1299	-31.974149728282477	-14.215961559821661
1300	-3.7826702358883635	-31.746470479009947
1301	-46.52553449004833	25.083087521254335
1302	-25.102234832471453	-10.045639305158199
1303	-143.34690941832517	-23.309382607959986
1304	-29.617007025575067	-7.138154889617165
1305	-26.17370956989412	-8.675210779472595
1306	-27.285701622540493	-65.67536901885843
1307	-17.38649305949048	2.222297254163153
1308	-45.343611711053526	-3.5573733113375425
1309	-10.260767973574172	-2.0282238979970497
1310	-17.13293174990655	-17.522725401577574
1311	9.538555732244225	-3.2192213178289695
1312	-15.28081005432253	-4.743745160355562
1313	-37.62121054383838	-21.638774895943232
1314	-47.83838491363892	10.210988065204113
1315	7.443191094164181	-4.52728867817593
1316	12.135040547128972	-57.506275905309145
1317	5.142956579626881	0.8877077076434043
1318	-46.12956285370695	20.136061731805835
1319	-18.338281635880012	-34.54624411731602
1320	-44.287931944547026	-40.283373072137
1321	-27.126570739400695	-29.426918406181095
1322	-6.057779226064972	-35.655327563420684
1323	-8.677568291801823	-30.062443184757278
1324	14.326773986199766	-19.30940462587194
1325	0.4848697642578393	-29.97272589999122
1326	-29.990006984965675	11.162178117182044
1327	1.2422517954875474	-22.142572421610172
1328	-10.93377568284791	9.979090101760125
1329	-12.560817577527986	-27.84831395775885
1330	-21.50236082019696	-18.255228729765502
1331	14.12373000479822	-39.204339090607235
1332	-16.857725806261563	-54.32816804156786
1333	-46.01376460034122	-33.25357964965721
1334	-23.087126132256355	-37.30422995786188
1335	12.638186946690029	-14.227464766771783
1336	-47.943571167919316	6.328420027207077
1337	-15.844350099695621	-10.750198869986043
1338	-20.222512991369893	-20.73783407673755
1339	-24.21586807080962	19.601241105894307
1340	-23.060450238366773	-19.092602259367776
1341	-31.687662430637815	3.1425542227154315
1342	-16.363751698973825	10.572518493713522
1343	20.35887892498126	12.878746273145977
1344	-35.76997946478996	-12.557482217808893
1345	-31.84555502869006	-12.229980915996599
1346	-2.7791297089935156	-55.54557255618
1347	-19.048857820836233	-20.377675583294355
1348	-7.899407534176479	-9.043692334647375
1349	-19.5740419575007	-19.867450873316653
1350	-33.9227984441853	-56.591640703313956
1351	-20.68921027942371	-31.645733774717005
1352	13.129875787592335	-25.439274306737097
1353	-23.53546560781696	-31.541486695757296
1354	27.64139964958533	-24.88756704370097
1355	-68.24595225160918	-64.75207848038933
1356	-32.15333404586835	-8.047317161136466
1357	-13.771661370450904	-43.67276022556347
1358	-49.19331752603542	-33.11084243786952
1359	-0.8272171393793377	-13.455601791861799
1360	-8.796560125756969	-11.180521897372328
1361	-15.829972163636093	-11.58347095961199
1362	-76.08231139490437	-33.833664058236636
1363	-61.373481472574355	-32.513053347500666
1364	-8.514234737743628	-57.483542358503115
1365	-14.979640986749107	27.729850206018178
1366	-30.575720915055722	6.1262498575630815
1367	-58.086579231749724	8.088900049051805
1368	-6.637559717271667	-18.441885885544746
1369	-0.3009651719585609	-25.38387659608259
1370	-21.94864677869396	-23.116674262511346
1371	-47.18328071728035	3.687243872260448
1372	-3.6419702385586152	-28.319473244034736
1373	-27.955068885537543	-19.27335692508148
1374	-6.329600542772721	8.928747367691688
1375	35.06303701449337	-26.9496275697226
1376	-26.2693051940411	-44.61013816465902
1377	-28.517880969944066	-8.271887970571237
1378	-32.56565986935559	-13.349329804309177
1379	-21.646807529607138	-38.88129692416889
1380	-16.946088030517053	10.2297141770897
1381	-156.5706306912849	1.6992051153967185
1382	-19.463793740968743	-60.95805962550693
1383	-5.497143979617729	-11.657187609314416
1384	-28.748237200978718	-30.018952163221698
1385	7.700657557185543	-2.5384142183971456
1386	-35.53248119787999	14.159222847132948
1387	-35.21704882123029	-71.89709957518382
1388	-26.225933978391538	-17.647960088537054
1389	-15.76622402727296	10.384316035379536
1390	-44.182460606912535	5.803454456930652
1391	18.66780227041182	16.89172574151476
1392	-37.65137968611788	-13.630364253949342
1393	-34.232375340200846	-25.317974129787586
1394	-8.668791993256875	-34.15990375510475
1395	-30.050188235478526	-35.14768095144447
1396	0.26084238794391235	-54.9510150041447
1397	-52.250403553575566	-46.89404639306483
1398	-51.548433735888715	-35.80438756157843
1399	3.950594826160681	-31.959944703009285
1400	-31.573837788091804	-1.967364443291942
1401	-29.579848531029562	-7.024524390578536
1402	-27.661685646409982	-6.192500942673275
1403	-72.64009883564626	-23.023641083936838
1404	-37.28315440898951	-116.09576349642533
1405	-43.69345243347609	-1.9350236360460003
1406	-55.65213003030865	0.7095960222121089
1407	-42.96882808873157	18.916040244838285
1408	-33.38966582072871	8.499316469138684
1409	21.357242491312086	-27.669623241477062
1410	-2.3122965765071104	-5.596919692661345
1411	-32.40997918700914	-20.925244036603132
1412	14.471459211965293	-12.470698832722466
1413	-27.75191812215386	-21.92041834312882
1414	7.742134861059852	-31.301582960550427
1415	-6.171901425924916	28.994966771125537
1416	-50.7172587847167	-50.403173951858
1417	-36.41892664717281	-34.973538598540074
1418	-20.4949886655937	-171.8374070961701
1419	-14.246241806267042	27.54950401809041
1420	-29.03656256471415	19.17052808675361
1421	4.311769778798941	-19.473870362946997
1422	10.552707050873186	1.1371340250716597
1423	19.253933961947915	-19.823115574188137
1424	-16.685247754277544	-14.520759904838616
1425	22.665268357970298	-18.55294860982398
1426	-1.978657899033	19.67646891650221
1427	1.8493892518289767	-48.31502519197199
1428	-3.85720729367386	3.0564177363867424
1429	-10.327020178446894	14.093291697254475
1430	-20.16975182571375	2.0302173331170676
1431	-24.086185020080812	-14.764400066418524
1432	25.184073463504973	-13.042217153393008
1433	-5.389393958399563	-4.811666515198587
1434	-32.38457529096894	-36.52804211435934
1435	-28.297406058737717	-19.000284855118647
1436	-66.97166541164178	-32.276816618300444
1437	-4.11556279273373	-2.6346900510902502
1438	11.499525257626232	-21.602413945160457
1439	-50.40991699263693	-3.0362914762417006
1440	10.199890536011036	24.44391294103448
1441	-35.6153409800348	-12.72844989971506
1442	-21.30335761431476	-47.98333350508415
1443	-23.731130540643747	-13.83114503196849
1444	-0.8969445124826967	-50.74382827325681
1445	-28.07752437860281	-28.985641594514576
1446	-29.385339805954555	1.3105493182176544
1447	-9.682281523434725	-32.891387834119335
1448	-24.94008101464985	9.513544737581686
1449	-12.685427350605568	-25.253503871620097
1450	6.940318336520887	-46.38463015078918
1451	12.387173148288907	-25.7782629823158
1452	-1.9619642648287496	-26.12554905073927
1453	-10.963562509586115	-9.844705323165968
1454	13.174183985243706	-10.310014013210921
1455	-16.17568537085502	-0.06419402278858266
1456	-14.735711020153357	-54.744193634775996
1457	-21.34196589612955	12.331292214389608
1458	-6.927261393259012	5.087067742168186
1459	-40.80237838908329	-22.073464167679965
1460	-15.016954019651578	-43.2108468815733
1461	-10.023486921380663	-20.64264076547201
1462	-6.66781252884475	9.116397673342682
1463	-47.932714560017914	16.997002737492963
1464	-34.003856356021586	-5.184196432333917
1465	-45.807189781599455	-37.71205475566417
1466	-51.02029114761817	-26.097412904551827
1467	-30.73148827263667	-20.618696671375336
1468	-27.903878178230475	5.796357355258494
1469	-18.969832513365912	-52.399746802906705
1470	-32.471109067738254	0.5260058846800479
1471	-52.68288284951279	-29.171882114198517
1472	-11.992190385284339	-23.026420548397105
1473	-6.357226055590246	-20.27539805465072
1474	-32.20597428888536	-16.934498248089707
1475	-49.1240919464827	-26.81295481186823
1476	-12.283821215257795	-45.91464143423927
1477	-15.263204561154481	-26.334014995250865
1478	2.7780217220728924	1.2958373590669
1479	-1.7084281990275214	-13.214166249774784
1480	-11.870107533117956	-1.2934602143049803
1481	-42.46099089802285	-20.59258230604274
1482	-15.525555441207837	-19.950483245345808
1483	19.96321104466701	19.182794074665487
1484	17.126995496571833	10.447977887917563
1485	-35.35107886680506	-32.75290298871636
1486	-6.984811208256949	-5.2150277604808295
1487	-74.17737206035231	-38.964270121925736
1488	-25.327914177262787	6.729574508778674
1489	23.781617707290398	-35.029199537719265
1490	5.277667907580684	-5.607669866313997
1491	18.052088084446456	10.640052434045694
1492	-19.116820813033037	1.9542599818093158
1493	16.75014703120051	5.465328122845989
1494	5.353933287553646	-37.282792310597024
1495	-6.288046543341868	0.3577462900686517
1496	-21.30372707844258	-25.318654567602792
1497	18.857317529109906	-27.21675394228516
1498	7.71805867697933	-47.02478746631804
1499	-34.14880658299685	-18.759582935709066
1500	2.696060470006862	-32.557677932252545
1501	15.89966298626214	-51.240804538906985
1502	-16.05680965750145	-23.727065669355515
1503	-20.362139705728456	9.574805450790272
1504	-18.42093136362598	11.656576241507647
1505	12.463383158537676	-32.64996816285283
1506	-25.613234289784018	-13.21105297153547
1507	-25.822874423375186	-66.79800975197962
1508	-27.129586200077355	-35.30688614962135
1509	-34.25662769360349	-39.470583334779285
1510	-24.121135988495332	-17.384023321358892
1511	-32.94985617921846	-61.640334893115345
1512	-49.210027942809425	-34.5693320953975
1513	-41.68176085115275	-62.77746654462417
1514	-16.731281647022875	-41.33337992205983
1515	-28.323268012346603	-5.83551956167725
1516	-42.323909036916454	-38.27280895405682
1517	-23.730816084956242	-7.304273088325616
1518	-26.844470794470467	11.15502400410156
1519	-28.04909629628982	-2.5338442443500897
1520	17.065161940636205	-26.687931921757194
1521	-19.013551689044352	-9.1216097951894
1522	-21.124487103258385	-10.139583709084047
1523	-31.131031299573337	-29.95413101458743
1524	-20.608220827352945	-3.21349519888416
1525	-23.673872797040268	-12.170610042930493
1526	-3.640842240815573	-23.003779507888847
1527	-68.18693682762803	-49.1286731968595
1528	-17.278510123330886	-34.6047390999634
1529	23.742947256535956	-28.681834645935403
1530	-43.514899433969845	-25.44042820399733
1531	-37.030086612633504	-22.057551837065095
1532	-4.401062320122059	1.0732492037628547
1533	-3.7348081564771602	-29.084073785141594
1534	33.97149248745454	1.4023469438148772
1535	-43.646453446675835	-26.674546035659404
1536	-18.2090500707118	-3.8020062067310008
1537	-5.452528477385154	8.222029022229323
1538	-15.9663501546074	-4.35236923369553
1539	-28.918216143536277	13.586009280288842
1540	19.265763477653525	2.071009537947026
1541	29.680880105833925	-4.660519580877951
1542	6.465651365784868	-38.54219268387399
1543	-39.651913820365046	18.06164578609638
1544	-49.374697802272536	-20.02296995479961
1545	-3.898545800334067	-6.127550775351549
1546	-8.364884095967431	-11.809825200342889
1547	-36.78873439919672	-36.17742360049239
1548	-4.152915718845399	-19.240806086033896
1549	56.82551509780459	-6.217176453864598
1550	-39.098848723147995	-9.301250216113683
1551	-35.40446918770398	-57.444105831859346
1552	-45.813825891716526	-53.997650447183
1553	-37.763906206402524	45.93494412395861
1554	49.92480851682461	-45.98034041579916
1555	-12.62644029197746	-34.36779283757505
1556	-34.34206906484186	22.89254378629428
1557	-7.332572984886414	-17.263470774404155
1558	0.5940711351760397	-22.197949513552274
1559	-20.85909921473926	-10.212939700201462
1560	-4.965002975913952	8.809519185075418
1561	-25.426396577377574	-22.778523798400425
1562	-9.822666457964324	-35.82593665342558
1563	-12.463328697117024	0.509978900569632
1564	-18.40239070165104	3.9125163629558033
1565	27.162031473317306	-11.060633852397947
1566	-13.400504824583948	-43.22404987816361
1567	-33.62507375973594	-64.78474487253672
1568	-32.57828543704617	-18.487009042699654
1569	-26.07295845469344	-73.7279547068102
1570	-38.52498763833665	-38.339488693784446
1571	-39.35999632313741	-21.04841211252664
1572	-11.471496780254343	-25.64835369212867
1573	-84.90831271980758	-19.397930543897782
1574	-50.92766647357373	10.930178617845002
1575	30.217653609318425	-49.4269006328325
1576	-7.649022885700861	-32.734067575259246
1577	-39.95569334815726	-3.2599213440528683
1578	-38.98399807783375	23.682378285077835
1579	-35.101697978765145	-23.079603041344267
1580	-14.562438817915773	-44.85897889657159
1581	-21.77644931229951	-7.45624609099833
1582	9.510597173124314	-23.780259230745497
1583	-32.488192399782406	-63.43105748914515
1584	-56.97628623261096	-8.716129337972026
1585	-56.673858366030366	-56.636566276067114
1586	-21.86935146244989	-85.1506683883681
1587	-10.826831148087143	-45.38702072051835
1588	-35.18808167298427	-8.164168388229236
1589	12.752248152643014	-41.1299959399711
1590	3.666597204798993	-69.45712082388363
1591	-19.76786767663651	-31.547313603816782
1592	-13.972408556875978	-43.91051173444753
1593	28.46413140430044	0.5406128545629239
1594	-22.315009709470853	-33.803934273439346
1595	-38.778663012837946	-54.16880354309951
1596	-30.467573944398197	-30.28225713348569
1597	-30.468421021808435	-24.788687154357305
1598	-42.99707218415789	-45.78388839881982
1599	-55.11187655805925	-9.704331100002129
1600	-18.23221928657501	-61.95459772198642
1601	-36.49681133456605	-28.874344672155424
1602	-28.356667690433973	-8.759799365603154
1603	-24.283986538196906	10.05314346790266
1604	-16.413870434663608	-30.332164027190306
1605	-60.21951619808893	-38.6631667609035
1606	3.2658013853016787	-24.24269067893981
1607	-56.96913406968534	-34.05065240946214
1608	-3.5938267499366807	-50.01847561460573
1609	-10.54870867174795	-56.926362447436816
1610	-57.56823562110175	-31.72292671491059
1611	-20.42134838831138	-39.35095413415445
1612	-13.973076549940522	-15.853167456919625
1613	12.419603762016127	-14.260155659350634
1614	-21.918915793263697	-32.98750457930209
1615	0.5119561298751847	-24.839650813452728
1616	-15.80954678139051	-3.3866149587615935
1617	-25.266068590457603	-47.62879419981222
1618	-20.63832099410416	-36.35734267847603
1619	-32.592403559234086	-45.28476994242785
1620	-50.53497348909905	-28.05042202129963
1621	-21.140467091165274	-19.558225093914096
1622	-6.861049090938395	-41.15569592537183
1623	-17.472041367430776	-7.123630326650288
1624	-13.640394158627764	-15.937444700282843
1625	-32.33933714497397	-32.45708526445596
1626	-38.460165747849416	-9.838198699116774
1627	-30.82032994963785	-46.570530149980755
1628	-11.220129489772146	3.621688689263581
1629	-19.18352682658687	-39.402101020189875
1630	-56.69142980407694	-63.48006537386396
1631	-60.5208987135623	-10.263683541203788
1632	-71.20837690499329	-32.674545414344195
1633	-70.18141525676398	-75.38985577381675
1634	-27.064837488998066	-24.78787384468594
1635	-19.364990424886738	-33.923221621311974
1636	-51.554587950473895	-49.608781721488945
1637	-25.379709954943063	-41.615392664003146
1638	-19.872405226961185	-72.90037161930799
1639	-32.08757534826887	-55.079168310672515
1640	-28.784543309679847	-186.42021079872137
1641	-29.52514847739044	-23.760661621806722
1642	-6.677308051998887	-23.496382107368195
1643	-67.16213497125698	-45.27168560158346
1644	3.1305064404840506	-25.825227213766848
1645	-16.573427346058274	-17.365855161512513
1646	-23.843849113218088	-36.27686282598661
1647	-29.822718613521605	-27.223138294040968
1648	-45.36298992231452	-29.71128978370414
1649	-72.13903723223287	-47.455460575225274
1650	-8.373935831644758	-0.9907608440469244
1651	-27.535269507436734	8.581156526397178
1652	-77.74438410067447	7.62654214941387
1653	2.2971789543187286	-39.74591798640647
1654	-46.85260383831012	-38.02715535376553
1655	-13.929292434458114	-18.55817876037666
1656	-23.064080810603485	-21.58967802498128
1657	-36.16326200921835	-64.89175189429119
1658	-24.88253403444412	-17.410667929840315
1659	-40.011598177242846	-12.36467544206423
1660	-58.7098014155379	-21.659770571100637
1661	-39.3612955993485	-45.666213948125495
1662	-49.816363872477964	-3.3630359199380093
1663	-24.78671778209242	-0.10856576662434553
1664	-43.20766646925512	-35.164049072392736
1665	-27.630256491115198	-21.714083674407163
1666	-45.41604113232038	-19.504766310140024
1667	-18.25882570360641	-25.132445938035204
1668	-15.752008149229892	-42.33185586825508
1669	6.7051282431424095	-11.82683485475109
1670	-48.66688344430175	6.697121991527929
1671	-47.51950636017634	-50.333194497542685
1672	-17.197589965041836	-13.004474450983604
1673	-10.677544056705827	-57.95728358091279
1674	-57.33047844632494	-23.79942720952537
1675	-20.498339000947098	-16.887177683814823
1676	-29.158818463666588	-36.221477661704206
1677	-12.354705913240991	-27.05690533615747
1678	-34.87127772972565	-29.526135330097294
1679	-9.892946494223288	-55.875905191824025
1680	-30.4263925175354	-30.252539466756964
1681	-48.76481412664253	-2.6571542713142993
1682	7.518714721078717	-36.23459606907899
1683	-34.89668158827585	-35.965820397567676
1684	-7.346787140931777	-39.20669637640892
1685	2.0821745355555574	-2.4453676911715014
1686	1.0285766955235123	0.38190029313538343
1687	-14.297416412369122	-30.75014619477683
1688	-45.14975939657689	-29.652160803938806
1689	-46.36541950521907	-32.92877340314476
1690	-56.112437270302564	5.073561884822432
1691	-40.94576333592402	-52.30293823024297
1692	-7.49575099988612	-48.87332206411216
1693	-42.992902589826436	-31.74456138241636
1694	-22.37030034130207	-54.44970859974959
1695	-28.141404122722438	-50.27093002318621
1696	9.016178461945474	-16.75858753158472
1697	-34.54606948697841	-12.88662670737424
1698	-13.972462111018762	3.4652337898927366
1699	-15.361143870622323	-11.505697149105531
1700	-22.76491264048931	-28.221707575925965
1701	-16.056033813482905	-53.41487214429239
1702	-15.680564650523062	-37.58950995839488
1703	-48.50687114033852	-31.18107165991042
1704	-40.32918099521255	0.7281976565282164
1705	-53.891291868243115	-43.36554042725986
1706	-36.78808515923289	-38.40063693538803
1707	-9.15458090165997	-49.45086974290304
1708	-13.621448111975768	-23.193837123267887
1709	-117.73563488351533	-56.478883266212065
1710	-38.04372105866978	-60.408336263833085
1711	-23.73824142901216	-35.991209512668355
1712	-1.1262111936154064	-59.41891744912125
1713	-57.95389649507307	-13.3210827489314
1714	-44.65299615664639	-13.789316304543284
1715	-30.64289494510344	-30.229967457147605
1716	-31.996025732890296	-5.559528357923958
1717	-26.653711856278818	-20.950348607216224
1718	-43.462427097345014	15.477339541898376
1719	-27.474632654875524	-21.214361539488614
1720	-56.016714196046884	-50.89725510758597
1721	119.62814271181436	-50.77929419847087
1722	-57.07393656509835	-42.82019328388656
1723	-4.721253695086554	-247.5647223672279
1724	-48.021318193186126	-23.533325796886835
1725	-57.02246067883944	-22.587547377843325
1726	-2.2218221444285717	-71.0820616106872
1727	-28.776737390629478	-31.56212618378549
1728	-0.43695048247540424	-167.2156503888772
1729	2.0902884161201043	-26.095608630417775
1730	-68.6318493382995	-21.887730711037076
1731	-34.986586366172936	-41.35428415968512
1732	-36.28642928690671	-70.09922442368511
1733	-31.620384912095833	-33.08967115858196
1734	-21.333266317721755	-27.8950618561238
1735	-9.173995614213686	-39.244285321045716
1736	-6.221561855298795	-30.81729076167515
1737	-12.23733045161114	-33.249925981172716
1738	1.7539711192690308	-50.99766699568081
1739	-27.65748472338681	-46.82798202618178
1740	-51.87057718227935	-52.85928716741322
1741	23.509467217823694	22.06334866718406
1742	10.60788771899526	-12.496237939549644
1743	-36.30643561192872	-39.25937934614034
1744	20.38973254391247	-46.467611945119074
1745	1.8149577075823295	-65.50597771749122
1746	15.639788592875279	-40.46149228324738
1747	-63.70210989875291	-30.622990453100364
1748	-55.32983952503114	-23.48621515393649
1749	-53.01784390452213	-45.03375997565946
1750	-48.895708553898636	-90.87124058528579
1751	-56.354756949197146	-37.118776108141276
1752	-56.30016683882816	-17.839706524427196
1753	4.967870125086947	-44.72345288651257
1754	-15.942928837300878	-35.72946746057188
1755	123.44894018632837	189.7894490641486
1756	-42.51674656636053	-42.37817789353984
1757	-30.2454089456699	-58.30488761523427
1758	-137.11707337070067	-30.659348966606625
1759	-6.623863927075407	-10.511622088461376
1760	-7.236851944827918	4.38696546347353
1761	85.1825958934088	-14.363598372852866
1762	-33.008032495725324	-166.65777716959946
1763	-59.031112757263784	-27.939739835525227
1764	-35.94871307188978	-43.67939661274145
1765	-12.379646439522796	-52.59976685268427
1766	-34.33482452099791	-27.212041159781556
1767	-30.076097365198795	-12.913641879965283
1768	-53.538531328523376	-34.96205630161039
1769	7.7346384261216725	-56.86703687886271
1770	-47.72614852835934	-16.722153054421618
1771	-54.0434955502151	-24.201998541029166
1772	152.98497799590243	-14.232237656902546
1773	-32.69436354981246	-36.48882695407029
1774	-14.093680418280531	-19.641951475484035
1775	-46.5191427186308	-54.88368619729349
1776	-137.72133944313174	-46.928726921705476
1777	-39.22708384675748	-27.693282315298745
1778	47.32601091193869	-63.208454104887934
1779	-69.70754234076432	-47.37878058457075
1780	-21.464176841745815	-19.92755717479274
1781	-4.081313273195687	-68.90032269505461
1782	-67.7500001333061	-72.47954761307355
1783	-30.66649174907919	-50.505678537220774
1784	-78.70244929421118	-110.06575051657138
1785	-75.97336439892855	58.84445729876547
1786	11.21722597586916	-63.60247281163064
1787	-79.68546407235678	-63.981596767204465
1788	-35.099889615030115	-91.61063763134013
1789	20.293416131970748	23.042057786915414
1790	20.91914212651018	-39.85287716665315
1791	-64.771966516246	-47.05687658603298
1792	-30.426978363484334	-52.89745002939617
1793	-34.385763211894385	112.3305469798898
1794	-44.35983554468847	-67.143306027313
1795	-60.90272397908903	-48.12123487791266
1796	-20.89998726514431	-28.463354658868766
1797	-19.115371778828642	-50.81036459018506
1798	-44.72660198877759	-25.437945781922608
1799	-46.996349890607966	-11.983399533944112
1800	-47.569102209395574	-58.35287410797906
1801	83.88752947713758	-20.6380085665702
1802	-55.27138844474508	-41.40077727715384
1803	-31.482245479214132	-12.312318462875545
1804	-31.360049230976507	-34.63388616106209
1805	-51.779409075717716	-43.3830080058197
1806	-28.255396932494154	-73.81316340396248
1807	-64.80460879491847	0.8353732440464985
1808	-6.142694555484321	-48.34621203985618
1809	-115.82062396975594	-37.621165443342136
1810	-39.3071133073262	-7.364725544294664
1811	-61.246604783018	-27.949001071945784
1812	108.57324146043362	132.2116094428278
1813	-37.208323756765516	-51.960701564416716
1814	-27.756642964835862	-292.40700372078675
1815	88.49334864140297	19.743328583429886
1816	-154.75337543138156	-13.616715351631964
1817	-171.77871809985186	107.05930553954667
1818	2.622394871207774	-87.88779086743659
1819	79.11300447197664	-52.39585730118941
1820	-66.03932065977033	-89.81627046870784
1821	-99.08125848137989	-21.488360975664964
1822	-68.63599763301762	-29.610176205958844
1823	-10.540125460142972	43.25901919041469
1824	-157.26576537754966	-22.448136274583508
1825	-10.541034290285841	-16.613269379095644
1826	92.0450096058513	-56.056976365025086
1827	-50.30318993415833	-13.061866831065009
1828	-50.660903476398055	18.384754238172135
1829	-19.922274203645703	-27.626666970511575
1830	-98.60448736438812	-11.36416435783341
1831	-54.82896720094544	-50.32572582713959
1832	-32.2262733151602	-35.360016584219764
1833	-80.54143540132848	-73.34114614690222
1834	-51.873731378491414	136.6073281730196
1835	-31.05677322111085	-46.26552214553804
1836	151.9309332441413	-70.34421008487105
1837	-25.07357250159799	-183.85198857759946
1838	32.432592750766844	-187.74661095759808
1839	-47.62984347486977	-32.13157017677356
1840	-29.36248299970718	-87.91742838220422
1841	-24.612021139657436	79.32041637055903
1842	1.5011643049430448	-44.07682838000918
1843	-33.11944062054426	-40.797430676508135
1844	-120.53402704884229	-43.64633318616907
1845	-99.18773813858807	-46.76634746354973
1846	-71.43128123876103	-55.0890756281098
1847	-124.06130338605155	-34.41148368870922
1848	-41.22417240713491	76.26663483903695
1849	-25.803997008197513	-88.87542102648993
1850	-150.0380357273748	-40.255252599712904
1851	-35.604075816270104	-46.07041508150213
1852	95.50391950494905	-30.570853901171937
1853	-25.546539600383216	-61.87727002499452
1854	2.737251340938372	-46.77858207126591
1855	-59.808422654500426	-112.13287325324656
1856	-46.14572762281265	-42.75898641301683
1857	-25.091593599193974	-42.692426965308506
1858	-40.04426405340016	-76.7332987849595
1859	-52.757643912333286	-32.716588859581066
1860	-119.78421787852204	-45.94773238097799
1861	-35.96040189341445	-31.04792779935956
1862	-30.03249663886367	-47.94569578839217
1863	-52.66690305283505	-54.6285933429915
1864	-48.40257579073371	-97.91153277605194
1865	-24.026001049788377	-44.69526471569942
1866	-69.12777711823472	-59.865796064269496
1867	-65.67040696567466	83.0089060264192
1868	-28.490867099788968	-54.448948317525954
1869	-17.258929622041904	-38.014131957167486
1870	8.377175670170649	-100.77743755085292
1871	-44.276252556086305	10.352178524845762
1872	7.727173026614367	-33.66676872147857
1873	-39.3992209844359	5.619884172570554
1874	-4.237671469702629	-36.518821257983795
1875	-58.01603492795328	-65.1018642784276
1876	-35.355644685998186	-23.723562404886792
1877	14.143227347892987	-42.04945964965441
1878	-42.55486444326255	-41.002154993469425
1879	-35.20956276215713	-34.18564109668443
1880	-10.76002885402491	-54.59865758714648
1881	38.51903838118247	-39.004475137259305
1882	-5.085355156757123	-36.4283599127378
1883	-38.95499830647774	-1.4526159752334344
1884	-28.789834407166182	-5.397123410281714
1885	-27.772617779239685	-63.028964774478716
1886	-44.33169503913965	-7.704149762678096
1887	-2.105365104373176	-43.26813235427282
1888	-32.68188765754051	-35.196291991137585
1889	-27.749378421456036	-47.880363487873844
1890	-60.59113669521824	-52.94106477301769
1891	-46.60672917404083	-6.978027621200088
1892	8.727094100849744	-38.491116415564754
1893	-42.28389450517846	-7.407399083918787
1894	16.287049822052204	-51.76656665600762
1895	-34.302671828691	-67.78871174279978
1896	-22.69979038640612	-6.5684818336054684
1897	-97.34306236035687	-54.170653810310625
1898	-66.96189685986022	-82.29373501916928
1899	-27.75208598048224	2.871350457854593
1900	18.61140715227394	14.011628856056104
1901	-45.11467455052195	-87.77694306758103
1902	-71.9324388676057	-85.38926919791065
1903	28.66089486578447	-28.550693356308656
1904	-30.729633293093112	-51.950351449932285
1905	-24.98054065430042	-44.10083539486829
1906	-33.59729638244022	12.544818063489053
1907	-5.663214195685956	-73.50607867927316
1908	-30.47501386714711	-30.680404047474294
1909	-57.491834799641644	-30.6594579366964
1910	-14.4061608817762	-23.335027807171123
1911	-10.850929709741404	-46.57658773464178
1912	-59.78475429248753	-39.762291923087766
1913	-20.72270335187197	-60.17047862257123
1914	-47.142360906564306	-43.357020937649786
1915	18.25491327802443	-32.08491946285726
1916	-34.587527287896414	-29.384826403080538
1917	-60.99360175923093	-21.450251251545865
1918	-35.808133871513306	-44.48638047032854
1919	-21.978490289226485	-67.41888757453636
1920	-4.797870921173733	46.88446981990528
1921	-33.23090488241679	-48.57191940373933
1922	-27.580937577030568	-12.165107991181532
1923	-9.969096882873016	-21.33576434106028
1924	14.945602172530453	-0.17925907260635032
1925	-29.240420720672915	2.406135434548265
1926	-54.930126653611275	-47.27887777812
1927	-41.40753184099518	-26.6207283017608
1928	26.614187788540754	-31.67809715964948
1929	-21.00829353932924	-36.634430135946275
1930	-35.83693969195744	-14.013234515601381
1931	-26.487485144236977	-31.61579887319229
1932	-26.427294523688605	-35.000580018852474
1933	-15.928537505928118	-62.34917648733175
1934	-30.357476751811138	-16.17628300183387
1935	-12.527533008608977	-52.86610736906658
1936	9.296495255164793	-38.205405548023094
1937	-26.421064414705658	5.283729835752596
1938	20.812530731537166	-52.38221705296976
1939	-44.552549866084554	-62.757345626071924
1940	-61.98163556381992	-14.047759591339567
1941	-37.03514437364025	-27.653494870085343
1942	-138.94126281727347	-22.062589663168406
1943	12.89047450217128	-54.788014840753654
1944	-17.0678396767338	-52.567572251846585
1945	-21.62138845665573	-36.92563823686747
1946	-26.132821785062333	-37.48228683403906
1947	-25.580750995069188	-63.116930600530594
1948	-61.12638615671115	-29.92231453881116
1949	-15.535674498665616	-108.53452187092952
1950	-39.72865691044213	87.20860623985908
1951	-49.63407832822252	-32.788075556461166
1952	-47.685641862606744	-67.78273429118475
1953	-36.10261297476854	-91.85746020154137
1954	-31.894983101061953	-6.956539255960722
1955	-153.931081611705	-40.494039454805595
1956	-32.19948270430629	-34.876688964217465
1957	-149.44272041754246	-20.67277883745917
1958	-53.8762208600522	-59.0464964484678
1959	14.419486791631398	-190.22910852768115
1960	-81.95171553990146	-0.3641219320135313
1961	-41.5370811705108	-26.402396507473817
1962	1.0959341538284555	-46.211723289731616
1963	-39.90467277244883	-28.449230861394163
1964	-32.227935133681456	-52.41776758596998
1965	-12.814358240372277	-20.76373839132337
1966	-48.29550142673614	-54.7758569729356
1967	-2.3195397027701548	-50.12565758424041
1968	-18.87735310874298	-169.09200271223355
1969	-38.34458924740639	-42.81357398350061
1970	-2.1006676227939267	-22.24861476576215
1971	-43.92413966911543	-33.25563425428209
1972	-70.15784790773483	-62.395472263494966
1973	-37.9662986707947	-51.23500968104533
1974	-36.7425927206401	0.9713365887665859
1975	-36.05433502592594	12.127171690777644
1976	-74.24754717311626	-30.153941050811465
1977	-63.419878315745805	-106.99305992529716
1978	-56.12148467342	-29.730031446658455
1979	-36.80226230293131	-33.329944257427705
1980	-11.654027519077786	-43.93386127015303
1981	-20.78569489995819	-29.30763474270771
1982	-44.27277989548693	-18.934976163148654
1983	-45.74458470040316	-55.985682816534364
1984	-27.45414016185267	-28.930009272921005
1985	-49.7523313214908	-42.48425820754643
1986	13.919535483468934	-23.154132474372734
1987	-13.350618442432689	-50.469542505895994
1988	-62.92130474189206	-34.31501417423121
1989	-73.56200738076508	-40.84216839156078
1990	-10.977552770921404	-91.04894524867142
1991	-36.230248341205396	-45.425455217120046
1992	-36.22331266565536	-69.1107328046047
1993	-53.017910413522316	-18.51242296614422
1994	-101.3348426127083	-46.00132776795993
1995	-6.855806617759041	-46.33456087606799
1996	-32.09138556533455	-66.5876247574502
1997	-52.040083621257125	2.0148766401341387
1998	-35.85291324425368	-30.457912378562902
1999	-51.09625825689452	-63.66930397193153
2000	-26.928839351845678	-57.260249627397684
