Environment: LunarLander-v2
Agent: PPO
Experiment: gravity_experiment
Parameter: Gravity = -1
Time Taken: 1554.0584816932678 seconds
Episodes: 2000 episodes
Max Episodes: 2000 episodes
Reward threshold: None
Episode	Train Reward	Test Reward
1	-78.47409282867488	-604.4010405725639
2	-317.5815142510339	-267.72909201502364
3	-274.168581896752	-466.3374617136434
4	-126.73423501785291	-256.8413650640508
5	-253.6088926182517	-374.320152918601
6	-230.54307400361373	-305.9335513785129
7	-86.836301503936	-499.14747570199836
8	-215.67956503593143	-633.3445689053651
9	-129.49291546346691	-334.1700964035226
10	-284.22497365696614	-337.3711340412285
11	-76.74808402693628	-250.51793269393653
12	-130.46522728484288	-402.9965843073226
13	-224.9419711060513	-437.74971598497467
14	-66.05596975107981	-475.33768642369114
15	-212.43408990661808	-349.76303279811344
16	-372.9051439979104	-499.4897127643002
17	-60.185970645473354	-592.8930845340219
18	-18.49875533881864	-536.2256616555721
19	-84.6345866513245	-635.5309510651553
20	-113.31132432437045	-441.4377611667907
21	-191.68155266218258	-568.497040059548
22	-116.55256699336496	-638.6580413727767
23	-57.21885584748802	-294.39212598261565
24	-324.4918157724926	-511.8394945339941
25	-60.30405025555291	-293.5886350100164
26	-210.7384325482608	-498.9033686454017
27	-153.3351167671475	-446.20001624448014
28	-296.6880482116238	-952.9882779280772
29	-374.483587401309	-389.26664042609946
30	-435.36965170971894	-342.4834487293921
31	-231.31155560233378	-352.11070879404076
32	-70.08577050562731	-451.6156145045559
33	-189.93173330808062	-318.0995030534052
34	-156.029638080012	-224.09207671941266
35	-92.6956840200954	-430.270244339706
36	-92.7832478675511	-584.9034785884414
37	21.879445340379846	-392.48214541482906
38	-200.2030409823654	-247.77961819385953
39	-264.6217631984192	-320.9799690355523
40	15.083037799026641	-437.8966307428768
41	10.230770639884241	-358.08086231284807
42	-108.69496174110218	-487.68977070803766
43	-59.59134369868259	-286.2732226148731
44	-87.45324189794705	-166.69435096436513
45	-122.76332949971518	-151.70699856091727
46	-103.43067767233276	-430.47422415302583
47	-140.11624112931577	-124.69782612668067
48	-123.04180843166844	-381.9712382733471
49	-59.49726570948295	-506.1445425011255
50	-42.62354002619793	-524.3212184463606
51	-225.43328917816137	-947.4637728971875
52	-392.468423145975	-480.16333920699446
53	-22.789638806726117	-470.03586329850293
54	-130.8379000283502	-206.60953134545588
55	-124.00075888673662	-193.0558393582457
56	0.7600053932239632	-365.12154992862577
57	-120.69527098270946	-354.99723457300126
58	16.339773170610826	-392.4431120971844
59	-178.9177943393666	-276.7113462181393
60	-31.736824407369255	-130.42649863946852
61	-35.83530095113274	-269.6060406945762
62	-119.69494476783046	-427.2026303172307
63	-13.387672538473254	-455.75642962068486
64	-213.71769576451862	-208.2120237295537
65	-203.36579929149258	-452.5975587899408
66	-98.21854846211693	-628.7961892293678
67	-289.31529204672495	-293.60226273138323
68	-94.81566152851926	-615.8990599087681
69	-149.9414511296141	-494.92522801343085
70	-48.13159762663767	-714.5598528170137
71	-12.998658624299793	-536.8312466324536
72	-130.15648165606328	-386.27169589039323
73	46.814700907560706	-344.62293313397475
74	-8.811312342780425	-206.37478736722034
75	-26.839961150429957	-582.9452216714798
76	24.032483906357506	-708.3009326137162
77	-70.27452172924066	-662.4708860949565
78	-57.26810529221096	-453.6190706881399
79	-38.092815971806246	-352.24011157263726
80	-160.42996411839215	-551.0934732619746
81	-10.126407186367231	-505.4672071594344
82	-96.46532980015226	-194.84868810484778
83	-153.36733746656134	-166.20367952459193
84	-41.79441437822986	-422.6564912287578
85	-7.552230322720529	-385.29377978036484
86	-6.1123763568492295	-733.4917314778793
87	-517.6605929790492	-719.8198245031219
88	-307.6277114687325	-639.9622557333574
89	-103.62667934771912	-534.4092904484596
90	-111.45489481931227	-596.2309572012009
91	-37.63662174110783	-749.008648944104
92	-45.12300086434027	-844.2040870342611
93	-16.92363593524055	-495.92821112838544
94	-376.1232402295508	-706.7088933994094
95	15.21640076805267	-860.4100333954639
96	-28.61495972996799	-541.8176114799953
97	-75.45355930312216	-435.43521350030227
98	26.660071139512755	-376.7121168836517
99	7.6660943778347885	-478.40046955840194
100	19.61577552333715	-648.6098917901408
101	2.1964149569262688	-810.4195959929131
102	38.92850985689488	-707.4798579067807
103	-89.60094903315252	-457.8517954220835
104	-8.575123887225326	-347.3984424275858
105	3.3121035152680394	-382.52270227011064
106	-1.3201102453817097	-367.0259979502437
107	-63.269099451307156	-311.6220629722785
108	-6.450541883691831	-475.0242274840518
109	-20.47460412051326	-172.80940603563914
110	-20.39527927679533	-153.93555729964794
111	-23.194634292891298	-119.79132425496454
112	40.397374585805025	-124.46659767354899
113	-58.680196867586744	-109.85845526837069
114	44.96721567622793	-79.10927983317586
115	-68.05802066643928	-73.3254642459298
116	33.40748374270562	-70.5777309186537
117	52.17633276434177	-103.86718675701222
118	26.091612069333777	-70.0866800495936
119	46.796394566391996	-163.62311661170236
120	0.14282637448742008	-90.1476477644308
121	31.70264406710578	-87.14682439744222
122	65.3339825985535	-71.26821065169445
123	220.88897028650115	-32.33676964184361
124	-233.59225760545357	-41.60357326719817
125	26.352907141591203	-16.27376827470204
126	137.0617065495668	-89.74940183978192
127	64.18487368621707	-53.139179243911954
128	41.7314129813376	-132.16657692224075
129	14.858162339668464	-93.90381405375508
130	38.50372198513867	-101.11151323336841
131	63.82968074054951	-34.730733740488645
132	69.63126300104925	-5.427927607144242
133	35.88719051979518	-90.85077512900192
134	64.22801462136228	-95.54354215803022
135	50.8852831784003	-112.27890849348708
136	54.71642988166596	-128.2747910718961
137	40.543473493114504	-162.68013621453477
138	52.81874098796594	-106.00178421272074
139	80.07761381800965	-52.7181987335682
140	-25.51220070017183	-101.89590896097572
141	96.13248011448988	-96.49560939980043
142	83.37545564226046	-66.60198122979963
143	74.6323344102857	-34.72502626470467
144	74.90574198921023	-9.094023687657693
145	131.18536020706335	-19.183673028992015
146	114.00885281005293	-21.263694515257775
147	104.00060484390386	-17.150100078436143
148	89.22971936172605	-43.25998311033797
149	26.897748556169034	-59.13994614315758
150	73.05115572385598	-26.412560959649742
151	103.90404115509965	18.239834356544048
152	90.48458749754367	50.60728319616527
153	-12.823120961066024	127.36990599247076
154	-47.40849703151075	32.76154247628559
155	-38.63965883260681	-16.533646450211528
156	90.85227068083154	-18.71613785545629
157	50.72341465525003	-61.722238880952915
158	72.74344025283615	-26.223562219421567
159	79.60393460843235	-75.08889276457808
160	55.05687367866969	-38.80918612690396
161	72.00996722926371	-32.57162038183288
162	61.45090890722417	-21.630728790291485
163	103.61749158893404	17.01679635175911
164	91.57840663258106	2.204376823359438
165	136.20647528909106	-5.4703896943190555
166	88.21861975105304	-8.24270817846578
167	128.83367641028576	68.18326456422531
168	99.35449553540872	115.872266954182
169	168.47929178916766	38.642641098178245
170	153.06398717972925	178.91215919524296
171	40.27367239252604	61.05053656995023
172	137.16668721845642	84.5082755340163
173	65.542264500553	151.21753663998385
174	138.0674045946883	189.83752556917565
175	86.72881908010051	128.66412867968285
176	139.1902128240639	144.1559634311957
177	148.4484185076041	138.77945333271992
178	119.96622116263838	155.73879067897252
179	156.7168026224435	167.2125120809198
180	148.0772400688867	198.30013743114932
181	122.31301202499571	24.703130538834618
182	125.61959267505699	125.06548763379007
183	146.3515859919547	155.81033293439572
184	89.98184791814533	184.5887561589076
185	128.7162906929941	8.613530797743532
186	101.52681086633332	8.794291106213441
187	101.83818713241317	98.35374572006671
188	94.62454031027592	148.1619021835801
189	77.68107792229726	206.47505140097974
190	122.16365815491352	141.23800980176873
191	118.61488040491308	-14.875108806969308
192	133.5942082478898	140.92356565941722
193	97.46806925922365	140.65663108899912
194	106.56367087903263	-2.1101712836798736
195	126.36385234728138	169.81755878228455
196	141.5192716094793	-18.612550764309542
197	107.72539045247383	162.58568702473508
198	145.65346958814368	173.73708817194972
199	122.98036239710646	139.32203671529192
200	102.76195547603781	203.8156003503902
201	29.692885174715258	211.5999843605951
202	136.28762779452788	200.30326763438927
203	110.15177270023264	223.1111565807459
204	177.6918452655652	211.56445992824908
205	99.12992320532472	213.83848607251124
206	149.48955431908968	202.78895627588952
207	87.30765588699245	182.0567116520633
208	5.997072276942788	235.7379731204685
209	87.49699022144185	174.1786565407685
210	135.0901259321804	-3.229018037224087
211	122.67238071436329	41.84250154804151
212	119.118083262394	61.881535560040206
213	94.59298601529508	12.50993753373494
214	99.83938083528744	14.23492540014608
215	133.95470784247914	-34.82622273797934
216	84.2753193333924	18.906991543744017
217	93.53721975670815	-4.720953392147835
218	119.45178274951259	10.081251204907204
219	51.80564199791467	9.881043488503783
220	77.13865377171125	3.5051894988748176
221	100.64447812040859	-43.54671990738812
222	89.24935837829624	-18.338220275619456
223	99.0216786696432	-30.598930652619043
224	16.49929357689804	-24.006905802997775
225	65.3284786331249	-50.65575506498257
226	51.96066852598959	-17.467328611347714
227	60.43981439013292	-60.94828566911132
228	17.474855472382465	-109.37083428352504
229	206.2497647083793	-111.03113627595987
230	45.394690775975135	-103.7406113891305
231	-41.445635281677156	-95.981797818603
232	121.73060919083768	-83.25382680140278
233	173.38587594432062	-54.39881197909373
234	173.94324122812506	-107.46407858284664
235	149.89822506822776	-70.33513104916558
236	179.50743054577225	-48.99811666576353
237	235.16088514674462	-35.99505799556218
238	197.8679542470162	-32.95926084158715
239	214.56376976830063	-9.176852922053493
240	222.0535365252785	30.156502269435112
241	222.53047236214692	191.549505606264
242	204.98071018819962	129.5859041021032
243	245.09972923920034	107.58535353708227
244	247.34099784268255	121.30287413313796
245	217.9558477283266	238.41465532473478
246	125.74530485712323	149.29415189643316
247	238.27757607740716	159.51200921745925
248	227.60782729174008	182.58078552980362
249	-60.734348705241416	181.860983038668
250	151.6893726500693	148.8236046852739
251	196.78341328519787	143.24381373223372
252	228.49381216775132	138.17839312530882
253	238.20647310891047	163.10676553207452
254	228.19460529262196	86.06116973852777
255	228.5004367998795	132.5590187925624
256	168.58053563493655	2.1659614900577098
257	106.70452075181525	-11.59929326329726
258	170.07979737954156	190.1162811651344
259	240.9440918446341	154.9461378532364
260	228.66645742804363	165.60133654880812
261	169.2740937834146	190.1576419819159
262	217.0579795990125	204.58884783324916
263	94.47829725746712	134.87880694000773
264	219.44836916491488	153.1672462625616
265	221.78457244111024	185.51583064679306
266	202.44036058252928	138.9924781571017
267	234.34577866032274	165.734394707195
268	253.79511043741863	193.08122052229163
269	213.5159198505616	4.0276814879082705
270	200.3082963698924	-16.52464285965081
271	190.5251072142943	153.1364353530533
272	202.27278924473978	-3.1885838519928242
273	212.94228814525275	-14.940941647463813
274	223.93354661911567	151.47879842807336
275	138.31313475989492	-44.31348066636636
276	191.25561943098563	-0.48819913223685085
277	234.79394457797451	-26.396434716946324
278	162.8864602264947	181.15392580455045
279	202.1984402191063	-16.272897672670904
280	137.26344473314023	-8.51466334521233
281	191.688097846416	25.370305120518573
282	192.41026497671453	5.1945775926374536
283	183.09186186865293	-17.76637154337671
284	114.62285372930958	-15.94208586653871
285	193.07443773430873	-5.40302182070149
286	180.4256354703646	15.152024644386636
287	186.52048689481867	4.068799530768741
288	196.66350067271998	176.37716580536625
289	190.82775997326155	42.82966372295865
290	186.52292138918978	-48.39193671365019
291	242.56115071602756	152.45013704508867
292	201.48466491796995	124.23013009499743
293	165.53785799934982	-56.026574906932424
294	168.25869446988827	-39.23116937801884
295	158.977964677697	-30.13674977459066
296	-73.13175893634943	-22.74603363780012
297	150.1694749935138	-29.08686307312465
298	181.56314926577494	167.0742397767516
299	214.71470671639008	-131.65852947891466
300	195.54353430245976	-4.556470398318969
301	187.08233303606437	160.70187504945142
302	208.11581169046667	-105.93429551263034
303	231.2254766362563	58.13252001262221
304	213.7724900126605	151.13062954284456
305	175.68704879211037	224.69326181743074
306	226.92703360975582	184.17664663717636
307	232.0116466099656	178.39597794462827
308	-22.92498444599252	-135.5132027416377
309	202.71160400712483	148.35830357158602
310	179.2691224877393	207.15320833498575
311	134.38399227571827	184.06381563416093
312	235.47474383837957	219.87661008289535
313	203.41872187557524	176.46893763866896
314	218.5813345478967	171.78020056844048
315	201.3843230958423	181.99452135225627
316	232.72978661098708	171.85930661395798
317	240.57706553620773	156.91376302532314
318	-68.46518503096937	183.82467474959762
319	250.67158368105586	-72.99871557110468
320	234.9027510797579	213.57212706424565
321	253.53217425862502	228.34011396617012
322	279.9508101442573	231.98373839593165
323	198.41215059173697	171.80145238540103
324	238.0799221020274	185.67016204744178
325	211.21097130415532	165.28083230282263
326	215.99534070377746	190.7843989480599
327	220.72225510615155	-56.19072436221723
328	234.88645651796156	149.14081564133693
329	210.29645089114314	-129.6105808003359
330	211.87691192837787	16.835312484408472
331	182.65574198663717	-4.963877823948827
332	207.55788785110792	0.33052641507245584
333	230.16916710132242	-24.43016854638089
334	201.28864564724597	15.009815710919398
335	255.27543253710851	145.24687262013452
336	199.03193278176056	181.80925011108093
337	234.27831646296764	187.33415777589693
338	220.88502992500824	196.55979241643314
339	237.27413601447523	173.6525576986698
340	196.80770084614522	246.90351409121737
341	227.00019767476118	239.55436561860458
342	252.6739793111107	215.49258415603404
343	243.63006841742614	240.42894462711453
344	258.29694334844646	250.0922147863805
345	227.453489098123	267.8950833335926
346	36.52035198012962	235.0019612317237
347	256.699650238489	198.4327800774934
348	254.54972790144004	235.95706191437813
349	199.1036649873931	218.33094648453908
350	215.24085761897092	171.52292566085595
351	221.84493314123358	-60.936648597676296
352	211.3885626960274	141.99536146700103
353	218.521360566189	156.18439519211898
354	233.20811128255642	216.4185412906077
355	204.61107457714326	-29.81636986246589
356	8.363829972549041	-2.33279622175246
357	282.90421735084925	207.08388324271576
358	283.89766633512784	-60.42442674150775
359	-18.192829892768827	201.9255538217916
360	-24.680978627175207	264.474921311005
361	-39.19172304290734	213.7828100457678
362	198.09028974898138	230.13480703802057
363	229.46367547411216	170.79260541351618
364	222.82133783433113	-72.88718570234836
365	-54.42657022733735	193.34918699168657
366	235.29442165270592	166.25088339351674
367	-56.82408121519972	-81.04446770870314
368	-44.411723396988606	195.6345721015329
369	242.10180172374518	145.3875613529317
370	10.518181165472285	169.4703449503173
371	235.05771066984983	159.83895211412622
372	-30.9895675013271	-63.24457982622588
373	184.82697808888304	199.14204607907175
374	93.08848793466056	-71.84180265933603
375	245.1235954665012	187.24913243274028
376	268.945718753918	207.58101204029944
377	193.5467383459861	199.56040479382602
378	229.36047200839445	202.77546981770837
379	239.48461156195222	193.29694838478133
380	174.15669939665938	-23.485897832966558
381	220.22095455303142	120.36390646207762
382	213.1986902589627	-67.46058853035528
383	258.5975359411367	138.49636989418514
384	203.90737093754228	192.67634089169758
385	245.552255357048	167.6800385877627
386	205.9070937496237	-83.48436238735616
387	214.6719450691387	197.20619332690484
388	219.62691588860932	130.90232681629394
389	254.7131147815331	119.18982783371649
390	200.18830067350615	107.70317245875339
391	206.8999808935734	107.05869097280014
392	-42.757665531349886	-131.1321454814335
393	57.63661879213683	-49.886189345922695
394	-46.84225468762616	177.13275059182305
395	189.3698082953316	-50.48376404964014
396	228.55599239860328	-4.137123113641775
397	234.04121984650882	-74.17857964325452
398	86.3714801955035	5.8025500227841045
399	166.1160923816563	-12.258548807648543
400	97.98207427142144	-18.987999022969387
401	144.9383815900573	-27.396772165426295
402	190.22288815632794	10.454062502138418
403	238.57399102443418	-17.92609051433896
404	167.16777744877697	-66.15690782238812
405	233.19047675768482	-12.115095359075536
406	204.33455062306513	-22.705057396939885
407	220.4699019545495	-18.255655210385445
408	145.29959958082986	-35.673212981356556
409	254.94701329427997	-38.96272127064616
410	224.4442865176938	144.65160408765928
411	278.02394166566205	179.81413208822397
412	243.0446448137655	151.03734597822648
413	0.4157788790155763	133.32679614742528
414	193.33588272566487	-19.082692650733918
415	-24.2404964015236	27.509597172922643
416	248.64902372977906	-53.72717377274518
417	237.44070329245662	144.0447446661638
418	223.05919999252313	135.77583366668867
419	231.8213355587266	182.21179495023318
420	201.7308780161677	241.8203533919919
421	203.08370716957972	220.43464525386403
422	239.1168682684517	178.72080667847356
423	201.96185536142195	194.53714747879047
424	-81.5285781645643	105.03709205776825
425	126.12018072699402	200.22443915719862
426	241.46489727629802	132.77528877041374
427	199.8573243649875	137.81334237887904
428	148.95510139058254	172.73786272320103
429	196.60062375360062	154.77250513011123
430	232.0242034902729	192.61133393054894
431	182.88141017436342	150.0850968884779
432	-69.74603163756986	207.60478996356704
433	123.93113518151179	-90.05174770005324
434	149.34889893052465	177.51821405865246
435	204.7846180913926	239.40464858715399
436	223.2593077147071	158.6176538609181
437	1.9172225910425595	215.2312355545361
438	162.6824162684162	180.65872062682345
439	226.34734684544003	243.3869512080966
440	229.01143817352343	183.63572261778685
441	206.43002164834382	206.52340383929337
442	198.17422373501032	225.97847705599997
443	227.93283585723657	191.1005963109515
444	216.92616780057654	241.62902858473606
445	-48.789703428333496	230.89376714883429
446	232.097053864311	222.89816830681457
447	236.67243043144512	131.83026965476284
448	220.92839572929006	248.30622676965922
449	194.46519612899607	268.6986766099037
450	203.04672130643308	252.94076225374616
451	243.6193718347216	226.06734697307246
452	267.28525196140026	243.71170023891972
453	259.00909387229956	242.75796005398158
454	224.18044751833528	175.97185577381924
455	73.04901547787654	212.03651747541238
456	74.30258904498612	180.77000920050045
457	7.65205207771659	53.92283544990747
458	270.99019499611444	77.86116313024505
459	209.17453545232445	219.62856273528172
460	242.66768263614358	230.26258220810865
461	1.9894885089359775	237.4088750251707
462	155.57814586821036	-30.654790564421617
463	-50.00907953706107	228.9815646155023
464	215.53989587815772	215.30127157612492
465	-64.70205027693022	159.64123469319532
466	198.2947232546487	213.23167495085323
467	-62.033070301874616	-5.359733170317568
468	5.02224064147623	-26.47237453012606
469	204.1051336544558	164.711806110179
470	220.68104332089598	168.61522784662452
471	233.29071933121756	-3.0721537406419515
472	166.42709411864485	188.26212573323537
473	218.45973990565554	-65.50866110969463
474	-59.26827351224708	170.40534207522023
475	193.38895308957157	208.97974431956953
476	-56.5901389900032	-29.43974467743297
477	224.32171073040732	262.6319853554579
478	13.021421006944877	185.3500144481168
479	-3.8828423745396066	182.936359009967
480	-42.21106504927905	216.59579713236747
481	268.8290549348656	-61.64196565833183
482	210.41364119981765	231.32184090415663
483	242.1249851887715	157.06398952664824
484	217.91925381602005	226.17770791360908
485	224.31600693520545	222.82917691227175
486	218.7462818057752	235.56872630691083
487	279.6059415421661	209.10466984042347
488	267.71417501928653	252.90002996760632
489	259.1320362497447	216.17500537207468
490	244.44889028370613	36.57719476298314
491	248.1086222528361	-27.57743546669282
492	232.520638810388	225.47914500560907
493	251.9738007495145	177.23004703250888
494	221.6543104566455	-26.337488080597993
495	264.4302412649414	226.2477447970355
496	260.5474982473737	207.82108050314895
497	163.96657311541088	198.53401561043302
498	184.00226410282727	209.9746161511041
499	234.1225974077582	225.0415794245941
500	197.64474368634586	210.7118247755059
501	219.10078467768594	-44.36061907944767
502	233.66538895984115	-46.88295944940808
503	255.63613283537796	252.93928208375826
504	213.01036369287	192.19544633677998
505	253.1455471178977	172.56190649624992
506	220.32908999259706	99.98094461517036
507	264.98847092746837	198.89130269346344
508	230.93080005801122	-36.1992537685457
509	19.53524713740299	126.95461866618149
510	214.33185710185313	249.43516761109547
511	286.3468957323028	209.1742555343489
512	260.8167283436441	232.48647427041405
513	259.66084674189983	192.72473039144978
514	266.0894900680162	-76.3979227048585
515	266.85072554477205	243.8767400102677
516	205.84677979438595	283.89185264009825
517	249.32718801142528	214.26268423526244
518	-22.153523807690632	221.7410438146909
519	236.6686687506933	176.57012043360783
520	286.6715288681855	269.18847153575564
521	6.225656388715734	250.59083630942436
522	-9.897384769693701	190.3511364173845
523	224.9374675210696	286.6399511983326
524	279.87185620604464	195.44517979187947
525	266.9074222352331	-37.7201926951915
526	272.16618702154676	249.57248403726624
527	-43.2723002796659	156.8407533451634
528	202.06712091090048	247.61375913209852
529	-70.15580623457767	-128.69954888224976
530	266.11727167104755	-110.66464596974119
531	254.1008165074357	-70.22346814424937
532	235.27390259656468	180.7632124643963
533	269.4004353090942	-110.2667320305456
534	-27.476531865331395	159.53947864708277
535	194.91051248680904	213.0676668506021
536	226.82834565773652	215.61824645719184
537	244.32397086582264	261.5377170703745
538	-51.7944545750738	260.8853275621657
539	253.0356918700797	189.28358944174198
540	197.9076711359467	196.72226373956272
541	240.6934335141126	29.017061557230022
542	-49.56467013867736	-9.55358412937349
543	244.3247119306416	212.23456255252995
544	207.66012697654918	144.42812374323506
545	-77.0317539292103	229.31430507157643
546	225.14031384327802	210.5357584806146
547	216.6614973429876	241.9349710481928
548	219.82099653252774	167.78509103696933
549	201.66474300892918	141.58497131612023
550	-20.25358039131082	241.6774600701693
551	239.16129311263708	208.0806533686557
552	168.11298295808643	207.92285612046817
553	231.07587856727727	211.63061868166017
554	222.9744124713777	224.84979404795257
555	247.55622577057648	139.32910026705196
556	249.53988770527852	231.2423636383469
557	213.27088027132407	230.51445147266665
558	247.6235816556728	215.43294981148262
559	257.3515913953219	259.48596892883677
560	92.63822419491147	213.3080815921097
561	241.46845160027638	245.9046639788513
562	-29.255995578534012	-150.3970192409171
563	189.2889880735039	-20.47486998248577
564	213.499571789456	-29.04936166621431
565	239.2886243724851	260.0494733306915
566	-109.83173607599234	-98.73449965246593
567	212.6577876083931	159.49592344496295
568	223.05324168742254	-38.69845226182257
569	177.2000961599448	235.46055902732078
570	205.7510969890242	201.29852306603544
571	9.870517371764265	120.00338789248747
572	185.07469983522327	192.01635850953718
573	-7.877305034279686	-108.72587561219898
574	190.25744160317853	-88.29402466695252
575	-50.40800488524566	-60.538389924215
576	205.38119488426366	210.74254056193809
577	-108.97375686171263	212.06698040412192
578	-64.98356096648446	89.83352903842245
579	-136.43688967094397	210.90218534776278
580	-29.261760082634595	197.469067687358
581	-25.726124354064993	189.24758411387626
582	236.7482684399548	-53.01778382811395
583	246.42963669152434	-24.99095515679514
584	223.2361510274065	-46.42186938710647
585	229.72255569366297	244.16122351246477
586	-40.208367388805996	152.34588227527223
587	223.4983997109586	-76.1940689515961
588	-110.17603030338915	232.68792868291962
589	-13.854707121799848	202.43748010041753
590	207.5850791957041	193.12244389870102
591	279.8042890260669	-87.18315007758522
592	199.48590222313496	-81.2619010413674
593	-37.590319114560785	163.52925031287967
594	269.695895931843	244.571497623942
595	-36.7852836200276	158.3239523320473
596	270.8240222149001	156.8881044612114
597	207.48466956925716	-82.1045802617779
598	242.18115861321647	-43.602072652346834
599	205.8538848815084	218.31404943913554
600	254.03661075443952	192.40525770438597
601	261.5312636798926	154.87022268848963
602	229.83435608479968	243.84996740148776
603	202.02110168115286	233.01451329566797
604	226.82644223035305	-12.648042715648828
605	186.86702776140362	143.54518444610696
606	-41.39697501225015	195.28818604258876
607	210.1593789009019	151.08281472961448
608	-71.98522546919133	228.15157798071476
609	227.64771797947492	158.51286196691183
610	56.30749138175497	129.89462606408276
611	268.7710986012603	241.86124152791618
612	179.12722242561682	-60.8885131831434
613	95.2892370711208	191.56234588651603
614	-38.813238251456426	129.59000599008283
615	160.15982518257147	158.75739668327157
616	38.39368624736209	-63.801738469692516
617	136.37918416086356	217.75735432241356
618	-5.576947136099747	188.1981754576792
619	-32.07829255269708	-77.68148257424731
620	237.3606770365563	111.15659310581242
621	268.84593248885506	-94.19330275579456
622	172.62990978448755	186.49807247181653
623	249.7581743060495	-72.04743670550944
624	-55.64483111738617	-98.5647857762228
625	-42.52733660576431	-27.161203874910385
626	232.66962608095793	243.65316717000013
627	276.0008993869912	226.92374300346094
628	-88.09619614900146	-16.111079557032852
629	243.00480725166454	-78.79464783002746
630	275.8021050274724	186.50323641305022
631	272.3545799563111	139.27035894446126
632	-30.41333051666163	286.2276827455974
633	-47.64909380247363	260.42373679652485
634	-99.40960155578585	-23.906939477350292
635	276.4030096636392	-47.648838417044914
636	189.25450790207486	-86.75904056892419
637	195.93118543284473	-3.567380558899174
638	-25.939837986969067	-62.80340921685726
639	-13.845563822350357	220.54141252610356
640	238.38193380372746	222.9396873831384
641	62.084839551616284	-1.5149621936203772
642	229.22691716242892	-65.86091416032046
643	281.795550212923	-50.428861927230756
644	218.1966812198696	279.70064300989634
645	-78.82184117448699	246.3621642751179
646	2.880631263939179	263.1929902740946
647	-12.882291641852092	-69.16875331337098
648	-37.274008834401556	-78.27994175679851
649	268.36913683062596	274.83046478043923
650	178.58176013842387	131.2317273931499
651	260.567890083348	-107.59676309284407
652	196.45751682564924	224.45382275947821
653	230.7553323325071	245.61576665053173
654	271.99912041465666	244.94415142672244
655	284.7184731985999	262.80042269101
656	-16.265326037116765	263.6671563535984
657	180.60359341490891	147.45205883744254
658	277.08205507555226	-50.098219363020306
659	250.82554110748177	201.68505900875476
660	-50.048952656042616	211.79285742307775
661	205.7146707493292	209.15062927955668
662	238.24509581692294	-35.64744466894017
663	263.6210415653362	238.82261282052704
664	59.23276325447674	238.70906479488846
665	224.84507859131702	165.83824866234
666	216.4798426736158	-5.767155798611995
667	9.121988893910896	-56.19561266094955
668	237.69941219563376	202.6801526716173
669	-16.472849159930178	167.46554529912794
670	235.6262590589645	160.09502400163547
671	140.1497555132318	200.65157482210998
672	146.9025251965803	165.2278687754623
673	235.68600712915674	154.28996468833486
674	200.0496759884424	229.7339608530503
675	258.0617772485058	213.73250087600837
676	202.7004111181829	-29.921368731709833
677	243.73370621432056	240.7326610222692
678	-58.51233259582739	189.92850306192273
679	236.13587638054724	232.21935361627197
680	286.1405486107524	226.97768301758364
681	253.6149142110906	213.08207062107607
682	24.95896472986861	174.67416403003904
683	-28.079886137983024	219.38632363690652
684	-99.01943202802939	154.962697099622
685	228.74765866712383	194.8838429641038
686	220.27098609120537	247.7597847462019
687	-13.711065817101854	-47.77738486782589
688	212.61588003003087	244.5268404039289
689	-82.41298584413761	-65.1234785274851
690	-12.572660095589015	-89.74890609813076
691	155.53450075143613	-94.39791765005587
692	249.60685146956237	-25.39491117205128
693	246.94964365649628	-76.00027978365463
694	257.6643234850889	221.83720228882567
695	-24.25962878940075	189.2780613590214
696	193.4730338418169	93.97935341319919
697	238.54838750592006	-58.874166170134586
698	254.73846113143978	184.16071840713363
699	0.3013037349191734	189.79998061148993
700	257.23025833411896	269.0628054861892
701	-20.950842183184605	234.61725418909367
702	271.68071589134297	201.85598831632993
703	276.979743448529	-49.98050295977663
704	-29.63421504962247	283.76039614407864
705	213.68176822921114	233.0931602286518
706	271.562916577518	128.4639315074324
707	182.67328967480904	150.92362532583599
708	143.4913653048677	-50.49175228443589
709	-90.70067496099175	-175.55681170210752
710	277.5660117679635	271.3358675478179
711	183.68724619953753	-4.222461802883927
712	276.42879660974756	157.65396316487482
713	247.04898683650936	268.041006793279
714	-85.70039853196344	203.3379045337513
715	249.45986642013878	287.9822210528175
716	176.49716128222678	256.4490918930409
717	231.80764822215042	116.91351803728915
718	241.5418083663566	217.2820216368117
719	270.9284837843238	204.0647728751107
720	295.3864517524896	241.5796176434249
721	210.01241959630016	-104.5421360155114
722	202.12742951344495	164.8572285400054
723	176.699631106614	223.46647335114727
724	269.85006104415413	192.10016900588624
725	190.13354012732833	218.3844593674403
726	236.13410466461153	202.30884623435395
727	253.512682023132	-27.623353515823553
728	6.801014751208967	209.7935412596248
729	259.70554457003664	27.778160255540755
730	158.10146636446214	248.2503909446204
731	284.59427496240556	241.39177981362394
732	266.9147425710611	212.6214240547459
733	264.6019293738893	239.67351620468642
734	271.8715491375099	-51.56100940835486
735	224.9659326239053	226.3079340809943
736	245.86316771087542	172.93024338217282
737	250.6879260358311	237.4390080160262
738	183.7665426867116	261.7617507358319
739	242.5506012458236	242.85342274325026
740	265.70488746272156	217.6486692355612
741	271.0897588298369	239.1823874976773
742	-12.077725970377173	243.40100228109628
743	-8.83842382054145	264.90579237725024
744	-1.0115610708083267	265.49251193215486
745	219.3263514128255	245.10370922843785
746	-17.759862934947975	245.55236891190478
747	292.0959407743353	244.85770645144734
748	193.19467964915242	224.62853086243118
749	169.1328246493026	13.744788528091576
750	247.60226365887803	257.68389475293486
751	207.80268718653912	4.752533156392758
752	246.78402159201906	227.79212134552265
753	257.38637266411877	251.0653294749785
754	34.83574777776835	228.1279609178936
755	262.9111236952675	251.57464576249492
756	249.5150869320398	-15.24248479801507
757	250.33994214608873	226.52026769518835
758	-59.53300636412776	138.23707550821436
759	238.29130642923215	220.85645143271245
760	228.92462085433513	200.10790088182097
761	224.90766461915754	207.72145825313774
762	247.10132440101475	-45.94544214325583
763	-39.291045143640204	217.44447971852446
764	241.93791129080748	217.41157249705677
765	226.15046731575353	243.06852813096893
766	-26.733006650667633	220.18479040309882
767	205.35616735583912	205.97628386013176
768	176.58765690485944	-9.5537479525494
769	224.62870546799388	237.74742713578647
770	237.1019061523721	224.41909371087482
771	10.727733426132744	-49.438353556887414
772	271.1546292922407	6.855629258616503
773	-22.036319188630458	-58.61296789100976
774	-70.17921161931359	-3.827895164772272
775	232.57742440797787	199.89163037268875
776	218.280834576627	205.5950151189533
777	230.023284457798	173.67161507209508
778	234.26179396295424	-0.4640953645484416
779	244.5728722802965	-34.19537879224056
780	133.0786371249874	179.09669705198627
781	-35.91663995914965	144.33119444050152
782	-53.50363794104852	189.8762534576892
783	-71.15137103880366	-11.17314518427149
784	-30.65597459048125	148.02101135538743
785	238.2953988154087	-59.32614234120632
786	236.9699076890749	247.72438882097723
787	226.78482541826594	228.91114006219115
788	-152.05920595912548	-55.53333728989459
789	212.77198386698763	257.2046903070181
790	199.6400506019615	254.90223986406275
791	201.5130492411315	-83.45577317702424
792	255.14234045676758	188.25855077356175
793	-32.41214756182761	8.76318817999939
794	210.91256523044456	-72.44355924039549
795	178.9414093863569	-51.56912569629162
796	-119.7961360217675	249.6925502279013
797	-26.08524107125551	-25.667079644043184
798	219.92028188402767	-61.70304753377718
799	-64.94667978577829	-79.31039742206417
800	-40.90767766955379	154.73987766958322
801	-74.39913772073112	-98.29385224630903
802	-12.82549534912043	231.7657418065286
803	22.64125963126031	234.47523543559916
804	-28.2251412869999	218.94186549017962
805	-116.51197746264876	-22.861310995589122
806	208.53621309142488	-78.63060576445285
807	5.185325022384248	51.0619362001502
808	-27.339272225863297	191.86123498437783
809	238.95500806316107	216.92406365900553
810	233.68311041956446	-146.0255124881904
811	211.4399129613577	194.77984991221575
812	240.23846952521689	-69.9541986047874
813	232.41698728808208	-71.44453475264068
814	-72.68597236115102	216.97181562477522
815	67.99862447684836	164.30201392485378
816	248.611685113789	-49.19327477114625
817	227.85808707986104	216.7680454218724
818	227.59757689776384	215.15113347431048
819	8.142549501688237	207.87314692932225
820	222.21489306158986	-59.26787081397558
821	249.79259051554578	148.39900687447852
822	-78.80908317775611	-57.194468711239736
823	208.6492650571734	242.35634156116055
824	217.15097169618124	-117.59342246522222
825	-84.64751229119972	-82.73180558235528
826	243.51217900916808	-105.37558688013823
827	146.84508251264674	-73.74158584622705
828	246.53700418047967	207.98047996690167
829	188.0011533878202	-80.00688597806081
830	210.62402512600113	221.81168607246912
831	23.713870328087822	225.52724908264267
832	164.34564583376994	-142.01909484718877
833	242.32682765471958	-74.91291162619034
834	209.83915353838898	-76.9233892763029
835	-103.88769316241897	115.98401254675507
836	-121.41323423677805	-76.3801948145674
837	236.030300838346	143.65193449832793
838	207.13837899131772	255.7385900325134
839	-46.578107183863864	-61.91245901592882
840	171.46640130186938	205.03137055710758
841	142.0892091216928	-56.659204374349216
842	136.4772595396421	11.838106437469278
843	-68.1481427027102	247.64854610493612
844	106.54509069097855	104.85576385842982
845	227.82280411347546	-74.41934896020473
846	230.70736133858665	105.26885444490469
847	-98.34035414477282	-87.08334618059142
848	176.07962578167823	134.15181283193917
849	-14.753869193943515	193.4854488867332
850	203.79903110393465	227.769037893975
851	-98.35677033926554	168.14723528583
852	161.60488008036847	209.94612967927014
853	244.3101643224757	-62.64867915862217
854	-50.96648868544797	158.56220498489975
855	81.48245207667813	166.95109482722978
856	31.317089132693	193.22867419669504
857	205.5914038487186	-96.91495770121789
858	209.64108439231302	-47.99679217366817
859	222.48910393994316	194.93610904379213
860	166.60228665542107	205.94380389000668
861	123.54167902889846	239.02936641352827
862	241.5942898751596	236.2898098877308
863	230.17350579779733	-56.30073708517284
864	177.6963151009445	-127.85146244196726
865	228.5286937591778	122.59950257613554
866	216.45567590123164	-121.9994156036887
867	250.05447526871117	227.01174661812382
868	237.1378482173444	195.25180885382477
869	195.96713569660852	199.5938742583701
870	42.64396013277685	-59.86334271979334
871	191.25093672101133	199.01857764759274
872	216.38010933174917	221.73969735706947
873	201.6146530369369	191.52621574423156
874	-24.380335337612536	-138.62654105477955
875	300.93786939498943	167.00954002808976
876	186.0613494628366	-64.99767454846844
877	-25.401078375935384	235.43941664326678
878	185.90941274393523	-88.42563327038084
879	218.33181431883116	218.94636752658283
880	-59.531093325886076	-129.71703165760565
881	-63.92634861556017	-90.20074586838064
882	222.18963051114557	242.09378792514912
883	232.15824105835847	-135.8479283956065
884	227.04146018869812	215.22003197820843
885	171.23633473329716	81.13084268822703
886	-66.17733259298916	-216.85932873449886
887	226.37309536609152	-138.89552308385487
888	245.118385140135	-201.22144130375074
889	-97.8624512585264	118.83439768324288
890	235.6791695749116	-62.79194441785877
891	217.0288981213075	-91.07191998545136
892	246.4902263759298	-65.38979785157503
893	-175.46100241862274	266.8492756822483
894	-90.44273157623466	-60.85645811799935
895	-90.0166567455933	-162.68930691053754
896	54.59434140225703	-115.88682822240224
897	-71.29635325764359	-42.3304101175799
898	138.9620995722756	-94.00765156438864
899	-68.50341881737945	-57.63072730974743
900	246.96804035682834	245.08586142359664
901	-148.62685367405817	148.24641835466613
902	171.97855797394348	-109.72596697045948
903	3.5564767492771523	213.0757495915853
904	232.24992551062803	147.15571404979246
905	-36.104214743456325	124.90368565944391
906	132.8461836234796	183.81307003582478
907	188.12193828348381	-44.44725914203124
908	117.87010268015356	-59.24264656238964
909	194.2372410693886	216.3837936398986
910	208.34363493220846	193.96320884689675
911	175.52862273067097	258.6008529266861
912	-35.96608186303094	-30.660523444005022
913	258.361971918177	93.39526125859689
914	222.33355425890963	203.56934638796125
915	189.3449946562227	108.7484056186317
916	215.77846462984334	220.47287073403817
917	-395.5398675828038	-2.6707826202556393
918	220.61498554583042	-44.17270281530594
919	208.39146366435878	181.45599681554486
920	84.6239028439338	175.16674664891968
921	-150.80058049730516	-57.40953899705217
922	181.71588695128347	-134.2528647530221
923	-73.45564694069739	116.00844982038133
924	-102.96674925752177	212.34656538649705
925	223.6668046284513	158.73987104970027
926	-103.19827896972066	-113.76902495790635
927	66.3668236095913	225.09140308060825
928	173.07980531114305	-142.7085329738156
929	-711.0974342698213	231.2371751244977
930	-90.91972454885567	225.37950969073398
931	156.91354203073732	-128.29996640311646
932	200.144824915391	-102.01363610627368
933	-743.0905873717406	221.1670102611098
934	-177.68687789689375	-73.13860213340661
935	100.19098788639329	160.16311429560494
936	164.52162957899134	239.32483346295942
937	-43.54511272568429	-93.39868017179406
938	231.01066987308315	14.438849081535658
939	-0.3652575102569793	-101.96731754880281
940	97.9416287173557	-115.74327494370016
941	-57.025849510465825	214.79914901243703
942	-80.58265475026347	-51.74642329707228
943	110.17324749280357	246.07834091032132
944	-36.84378264373507	112.14353151497502
945	236.23657292804413	233.0733804976364
946	226.58526036107156	-140.23496340493284
947	192.37696390292984	-14.132565330951358
948	144.77533574585433	-59.883683018577926
949	229.99557365207176	127.90109151872039
950	212.4100062472471	-45.915513918289605
951	200.0984142548522	164.68725871379064
952	30.125243213989013	-92.81983750061714
953	170.6666182826155	-27.95680062722645
954	244.10315168303435	-60.40215828128874
955	107.13888108472548	234.8212796019046
956	87.73680403675588	-81.78266034360311
957	124.97715420285655	105.98325128732351
958	221.30380211880683	67.16077500855364
959	-93.84374975144888	-76.38430051261379
960	147.52916693964164	-8.61287410127909
961	279.7254671626638	73.28835784888678
962	-122.84669232930618	-61.88205092823016
963	255.87732370185088	199.2576896910968
964	255.60134981385954	-64.65089720662303
965	-72.91865656218322	152.8097362597847
966	238.1070426380399	-67.80021876108991
967	-149.8056630187697	-208.51040659376878
968	228.5106079617992	137.67099524164442
969	220.827962700832	-277.4067714297678
970	256.34132167044487	-91.07735962608561
971	239.3016501813276	175.65946478070424
972	142.79128401150447	-13.130185827990282
973	138.15899809939037	-92.90809162679246
974	17.668472439633305	133.11920231766206
975	279.9795267035446	215.86373600894441
976	257.0522578669985	87.35993720132024
977	270.60310390812026	127.28343829784802
978	249.26774494101795	-55.45544269659548
979	154.12154726155694	-64.01846103715755
980	-128.76985046860483	-127.33561196641293
981	94.67305108501749	-146.19547080127393
982	-36.35916282434157	-74.83262642163471
983	172.550960146309	-52.819549114965284
984	-141.6700842658613	85.04764498237796
985	129.54035276571798	-83.0535115466814
986	167.4038861029363	-63.233068411633724
987	239.28783170420553	191.82348962952125
988	-101.24414914363278	229.4634808195819
989	-70.42603857873962	-17.73995388921386
990	259.924711476628	240.92495135062916
991	-145.79502421474265	-63.02396818232894
992	128.00009615921883	246.34759480721317
993	-96.3392977282797	118.40503333863128
994	177.56367564370265	112.3369037819767
995	209.1841599786601	255.1134287559108
996	241.99275933171742	-98.95517225097822
997	216.1929019010225	176.89661714786945
998	126.05422385221759	-6.403369972006534
999	175.28908853645507	270.6568764620763
1000	256.26463893986477	225.62562850928495
1001	206.72289725732205	201.8279562596648
1002	182.8734117380482	172.7353861449538
1003	245.27232196347572	191.48568995551858
1004	216.1432780495528	188.48482047371323
1005	195.33288738247415	155.39769625321122
1006	218.1147593677397	246.79123808955524
1007	202.68424079677192	185.20156144683824
1008	228.78632907319985	154.05488342359567
1009	249.34962110118076	182.95515708383374
1010	214.8321652825048	186.8799876727973
1011	243.3540345059274	200.15977688838282
1012	191.6599788450178	177.54376314495028
1013	209.81581325990584	220.04695640398435
1014	237.9948657825817	172.78548335617182
1015	204.40615039894647	185.1590655912692
1016	206.87145848579615	166.69999967720798
1017	-26.52217722703695	188.27865041201338
1018	227.79677745703657	168.60577165580733
1019	203.67316116753148	217.8780842005366
1020	267.2790603992844	220.43888119239233
1021	147.76042438396027	156.72729179677796
1022	220.58324510309785	-6.059724586043238
1023	216.88902669937826	209.68299097054975
1024	230.65169452736208	206.70586858245758
1025	242.2537847326052	145.97982545519827
1026	237.93391110462017	170.30534927792291
1027	183.83188440718044	109.00708556995245
1028	-441.12470262782676	-34.52018476031953
1029	265.9736623094391	155.0261064295135
1030	168.96186625662676	-60.27120585547896
1031	-85.54742694046527	211.08364508607764
1032	176.81398466076138	61.53317415908876
1033	-104.14570487227871	-36.960685954088085
1034	-640.3979002895683	6.841142651853804
1035	160.03766006423047	-24.150284088348464
1036	169.02202824814924	-30.638531388562388
1037	238.5847777373436	-719.7952158775074
1038	100.99469175746084	-38.126853221619236
1039	179.55145498496393	-14.756183322298002
1040	175.4636500394837	-223.71916409299837
1041	130.82080376961673	-14.002296797667833
1042	213.27316773287924	130.63629159143073
1043	-2.3400101166270115	159.5680065558215
1044	-679.9955668197158	-225.0530948717138
1045	187.32807805761072	156.38576101560884
1046	274.81352719905607	142.32690979176255
1047	135.16967644357985	265.4240042884038
1048	-69.56414710592239	175.24210374743006
1049	255.85453885635516	-77.93347493830512
1050	273.4789221935108	92.16443633568429
1051	251.5426223784914	244.590626781936
1052	221.1162349737241	176.30354228299075
1053	200.55100841469735	-61.26572305214273
1054	127.9486616688465	-136.65860498777778
1055	159.69337428713462	160.22576151056631
1056	264.072246989804	133.4421553731189
1057	175.86467257842136	221.1274882947271
1058	182.3354694031612	193.43318283552523
1059	182.1240750874929	268.0659054745198
1060	231.73021740904468	-3.877857519857619
1061	172.00784686131468	-57.64415868346958
1062	273.5984607348581	131.97278308554277
1063	-351.5750263400319	130.88415849229088
1064	256.85151301023126	-36.77349499934949
1065	174.43439415390108	5.93932271946643
1066	182.94282599716098	132.91839198287187
1067	278.8491485189061	145.7970297569828
1068	151.3582389364027	12.693402554075224
1069	164.57582981278037	-31.21579980198325
1070	179.75217258039734	-88.9996871439468
1071	200.83349372766207	192.18212320736018
1072	175.49325429490492	199.74528959220757
1073	116.67480617171142	-18.402867010144647
1074	177.6324781177313	-20.8419127638518
1075	-57.40425428122123	-675.6349115753186
1076	192.8229796615456	-91.8022401064652
1077	189.03011291429223	-27.245124111456622
1078	-88.6270127981954	-733.3051279548549
1079	229.2315019332731	-24.877747400076757
1080	208.04494350732313	145.8869344348512
1081	131.6865099367424	99.7885678634891
1082	236.51116213214007	260.0372099937034
1083	-439.01525268766255	15.657998247945278
1084	-169.82245972362102	-54.19522526290267
1085	168.19742671226737	72.0164673714753
1086	-48.100551053313154	-35.6926705607695
1087	34.594267686682215	-23.14917995681983
1088	127.80187542816883	2.3899466601280253
1089	170.2362373313555	-26.59302103847134
1090	-153.2786834539027	125.80032817516737
1091	183.1027289028735	-64.20169766845538
1092	255.51672249880608	-93.6618569237571
1093	119.29719068356597	-36.57025405303281
1094	-110.78676024366214	166.63345884099874
1095	184.09471119381152	136.40850523575762
1096	150.07505144493678	-52.49978307511433
1097	195.83139328962943	128.48214626519535
1098	234.77730848651856	-731.2491534857949
1099	162.2934014919466	144.35381233817262
1100	216.58898013164355	-239.7965822487342
1101	141.54332339919586	-16.68264466297885
1102	287.93939805764506	-50.9741967573344
1103	179.3765131823082	151.6257588893267
1104	-300.07039534148674	-39.04935195913224
1105	137.0105579980363	112.2975355373855
1106	-76.57753317091324	-20.59421702620971
1107	162.26973001455562	-8.925044048482308
1108	221.2361252484111	-108.93336747795954
1109	140.08138475620657	135.64522530603273
1110	230.2168328751325	-573.2001490979212
1111	-80.23602186205505	154.7165351389916
1112	181.37499051330136	-692.3268937962365
1113	206.74496034083785	174.3399554110901
1114	211.81040248126988	127.85982674778705
1115	-714.8395304116393	-9.960146137303353
1116	172.20137083450658	147.05916737030307
1117	207.7354189697719	-35.767717657747674
1118	184.91132421150866	-11.36100846533336
1119	183.7344722480733	3.8727605774558533
1120	188.37510029549725	160.9619357097319
1121	161.46731532922735	122.5542634928999
1122	-710.7441808216822	-20.25500182965687
1123	231.45241808256637	-21.900388139923646
1124	-22.595914246669082	115.20672824367095
1125	190.7682078162839	200.8193281028556
1126	265.90808566424084	-127.25925005383398
1127	266.4251048458673	8.142712891343534
1128	193.78199542223373	-54.48865058356047
1129	-591.2040109493882	205.10244102591557
1130	199.7901524463452	-38.29194971347529
1131	-79.00369946210752	228.70556802629926
1132	190.55292513731843	192.6062892924208
1133	276.57923009988826	143.61972436153042
1134	166.69026031421097	166.4157901755742
1135	206.22859476531858	170.58361988028975
1136	192.8029344819443	147.27950237829134
1137	265.73094440428224	157.68496824372238
1138	196.11143936650268	-2.8814099530850257
1139	166.67077984839705	161.45524234314667
1140	149.07632149385495	176.12716154349235
1141	259.5347897450574	233.4777856959359
1142	125.80574489983223	4.8441951532519685
1143	258.02830716769296	171.23045946392742
1144	144.26213219014667	-0.08924606812400765
1145	185.90829865135748	-8.493137300510053
1146	214.21516921208487	-23.444984258331434
1147	160.36622826199087	9.746488862835987
1148	166.8568029897482	-29.0248708808819
1149	212.86883354081428	137.53378123234427
1150	235.25428664944553	176.95352586083322
1151	172.15312208562403	-17.628933879038712
1152	206.29948523095808	-90.23827959102468
1153	-6.053659235966279	263.2881617737953
1154	260.609999145758	-11.37646235230324
1155	-46.07546817385578	-28.377197252500494
1156	134.73382099902096	-46.26857228530386
1157	188.6642433141451	-3.59063881667836
1158	129.30465654321836	-74.73320690744076
1159	114.92255287041245	-91.74271996966363
1160	74.81849156822156	159.23446698964474
1161	-7.7894063747739075	246.1398140041131
1162	-183.48328831990207	230.88997287283522
1163	182.50804360786958	155.83316426956222
1164	189.90051256999016	-62.08352118577142
1165	248.14927319437814	-27.573430491644046
1166	-87.11634195364121	-11.533666181169643
1167	-8.198852365581532	4.8184267039450965
1168	280.3410111705696	-27.3202287678485
1169	-640.2439102673172	-28.779265035682368
1170	243.21464949051676	-11.893964963383123
1171	184.0042008932993	-97.01345261080561
1172	218.7002188455966	-43.799198628345756
1173	146.15152745927753	7.444277014615058
1174	-16.54870157523143	-36.00066652411171
1175	106.26424598507081	-175.18553183379896
1176	-51.23126179026154	-27.63398091111971
1177	-87.70873413266766	-198.80798736354444
1178	191.6344362164333	-134.675960492248
1179	143.4656220534718	-4.943727861801513
1180	171.30240790052255	132.9524770921428
1181	290.68916758278874	289.1349975978801
1182	162.55126229906304	-34.585157872719684
1183	158.4052563627439	-61.51728648420962
1184	181.26038181399636	-26.1908881307105
1185	-528.5748515386672	253.66070920622388
1186	-125.20099544208209	0.9155942428965744
1187	159.49950494633507	-29.10638878952099
1188	-242.51477024097173	-67.9941494988438
1189	171.5161054838416	146.08324242419502
1190	-304.5271751662409	-680.0057081201702
1191	157.35819732227006	215.03621940122684
1192	179.68969007030427	-113.44286069456074
1193	-72.57562463477103	-37.14807047657848
1194	266.94024519670927	-4.0791892004463115
1195	273.11222934761054	2.8818592937691285
1196	3.2849396035964773	-41.413782404259706
1197	247.80980489394614	-27.34334100219205
1198	162.08744154484103	-40.14557602674235
1199	-1.577642973577781	-37.53134932145458
1200	178.46369027017823	-9.65609287392392
1201	-46.850987323228736	-13.622907109983
1202	151.92920319799308	-35.93104579395734
1203	-143.08519418365302	-30.279719287730412
1204	-180.73624583880527	-10.918256514636123
1205	-43.07945873426342	-3.3323584183985195
1206	-26.54311124988546	-40.99307490643116
1207	-32.45352038995639	-58.227022836853294
1208	221.945734225026	-30.261583508961603
1209	182.0545582430372	-16.240320149316787
1210	-69.36498405059665	-47.98134553246346
1211	-24.200507600980178	-159.24296675826068
1212	196.16280028072407	-48.03222037501346
1213	287.7493974270336	-27.10079619571535
1214	-84.08349213900746	-0.0010963759954418784
1215	134.0989434244187	-25.573385150723023
1216	154.95230868937855	-11.28380116797926
1217	138.94165700945157	-10.686870356099044
1218	184.4299174058614	-16.965797129757348
1219	201.09735383536105	-19.34552394258924
1220	-24.098026421887926	-2.1754259592116254
1221	105.04521902795092	9.137950581127308
1222	151.8885697434179	2.305181232084701
1223	171.12472898336026	-57.47520149345359
1224	132.6454054811046	104.87967255385618
1225	256.71753835041443	-35.463400015823105
1226	138.23259793380265	-44.346796245093145
1227	-54.698450955431916	-4.380564081150423
1228	-16.38396391437564	-143.85213480121377
1229	149.1109837162321	0.7181983983866349
1230	277.207369068105	-26.1731982726113
1231	-87.6299938683674	-26.163963217480294
1232	167.05203694291237	248.48796607361447
1233	9.142013002023159	4.9788489916992384
1234	145.1223339377156	0.384626651331756
1235	149.59001417552042	-21.690175998019175
1236	167.67174453212203	-31.673883924528063
1237	-91.78641191582281	215.27623408635088
1238	163.3231144125323	-28.35100804954328
1239	-619.9238480243489	-70.83625666099556
1240	104.80521952469282	-0.69885600419786
1241	-123.55154279468725	219.8102082970937
1242	215.55868105478203	-148.45299775892627
1243	268.9056921234687	-12.106489069567797
1244	177.29279695621346	113.57907317177069
1245	150.434026008258	-59.628351034096234
1246	-90.30508252151166	176.8829029462284
1247	162.7651990197118	210.97921019453244
1248	183.3520077058427	185.00241100234376
1249	-37.38811770929759	129.94083842732445
1250	197.04882783784768	145.2260771565609
1251	192.89368062288827	168.65793042848392
1252	194.77764546834777	207.82820049145954
1253	143.22452352252586	188.64715551064756
1254	253.80865966824732	182.4709476661602
1255	-61.08469334711485	229.76769037807776
1256	180.23383584055958	57.95286513096872
1257	-573.5488970063608	-13.7629456150013
1258	254.14234226003845	184.80950052894883
1259	186.4060371714253	-175.23713863936604
1260	62.98548833385294	238.3824024408081
1261	-94.92293598246751	162.7791291341109
1262	161.09823655068152	138.78228814772817
1263	243.6787192662699	168.8705329212172
1264	-24.459483776184214	187.7472268898427
1265	278.36395502199423	-40.53582728764928
1266	197.36285808264816	-25.041290308109012
1267	191.84328139602965	-71.66104804310768
1268	208.3915661647552	154.76816573576323
1269	230.74224334028528	160.583491760298
1270	245.16729797042686	185.19481965191713
1271	208.66205999779515	179.15412865067572
1272	212.54492077234408	161.17268813049046
1273	217.57476903746186	-69.5801444769171
1274	194.1710387524263	159.1210907888376
1275	229.11674542934892	-85.27202300759573
1276	265.0904095092351	186.75462901299815
1277	-58.89074257254033	164.66939885650808
1278	-374.1365892369518	-57.20452838836836
1279	-78.21120917634563	172.55603731379153
1280	182.21080834777487	-101.76397982930877
1281	-586.2712632719793	182.29264402207417
1282	249.28167708267353	-339.5074031139245
1283	263.5418670478237	171.13385916344302
1284	220.45043617037146	186.78221908966935
1285	198.47050420118205	77.44016303277905
1286	21.00394440229993	190.49454930104736
1287	223.05037788047264	147.8463435204009
1288	4.955569288966586	244.7217098852135
1289	224.97981238150123	-101.61002132866633
1290	122.35522690554657	174.46918905324566
1291	26.57425697378818	175.84212698646036
1292	180.44281553484396	-44.46495466818385
1293	199.5405772233342	162.54551467415087
1294	-67.6498690064053	140.6065211707354
1295	234.226169137917	256.86800726893966
1296	201.3035439239467	145.86194944745472
1297	225.46304571791808	196.39831568503655
1298	195.035145647369	162.550833010531
1299	201.87150586390968	166.6933261350379
1300	196.93744221888238	-104.68853017267557
1301	175.9008746657148	175.57757315863864
1302	264.2177070941766	225.02675794424562
1303	-9.887903402352109	179.9774684228407
1304	195.39248644536838	190.05594317279682
1305	206.04622490464988	-43.27987787165261
1306	207.46383420527619	193.31360599525817
1307	193.23345083937852	162.60911719560605
1308	269.2380909664135	162.3312452736647
1309	163.73321561567553	-61.35622318914281
1310	-96.83443024775664	150.08515029573886
1311	-127.67986179437324	154.48240185955225
1312	229.21630232455377	-546.7220995538513
1313	219.92166313434063	23.03569961096182
1314	-20.62424591635613	162.03424081802225
1315	-53.67741033428642	-101.37124953812229
1316	197.7831252607976	-91.52765219267128
1317	166.99205310287073	172.36033050897478
1318	205.45022334951665	202.21720556537878
1319	-341.42129370316786	-105.57003379946588
1320	101.51903758149157	-30.614529042212055
1321	192.94821611096432	-32.267916058653455
1322	-86.26411351055665	171.90971557940526
1323	-101.90166985930807	210.95610299503375
1324	182.93648886260343	189.43759415452394
1325	53.846166569339424	-64.4536575457636
1326	-30.997115601934027	191.3420951979152
1327	150.11673887258573	214.5563598200585
1328	-56.42450612587346	129.8829274980062
1329	141.69073752191923	68.53243637799301
1330	131.3769841281153	106.76606204100713
1331	75.13050750563116	124.75065395342178
1332	61.60286789659483	35.18588653162292
1333	93.8814063590633	176.17745174801956
1334	75.80428098667198	136.98293003266383
1335	178.74039960053656	151.82957182546724
1336	55.62748284364516	205.62736572958667
1337	89.31561791387914	165.2471843338667
1338	-142.77435224088435	157.48291567006885
1339	64.34187930267736	182.84107976543157
1340	98.91793722739612	167.2649813536438
1341	86.65940844623158	214.4000953763101
1342	135.0915327329893	150.47970597967293
1343	216.69889361130225	221.33952145794655
1344	230.03521099834268	182.20435116559474
1345	-116.03410415275829	169.29265572782558
1346	233.3137357613184	204.47072229102773
1347	219.3932818634868	174.75480213975015
1348	188.91493142223834	52.47705392855499
1349	174.36006413063672	194.78822505204616
1350	228.07766634305682	215.9288315761625
1351	210.57222193389583	186.37191639422173
1352	191.3330154615671	214.63085921330014
1353	239.02812025345617	194.71327324318756
1354	238.33881964347418	186.62982941883888
1355	195.50898127778504	219.21729950169805
1356	231.6889150853214	181.67222162843203
1357	247.3444578643175	206.58144003355835
1358	188.40888217319525	202.62069071428058
1359	238.5174592192331	193.1352168740127
1360	216.98049963178258	198.00533111162883
1361	226.89124408304596	160.7988082025464
1362	213.69407947568004	196.23666341536887
1363	258.8433319054744	176.51813039203466
1364	208.36490967049252	188.2865750458268
1365	221.01595795495786	206.0418432019141
1366	183.87422204553025	176.86941575098822
1367	235.64923428361033	151.47432760894623
1368	215.42546833935648	173.7246120355834
1369	210.2630937400539	199.1690619329297
1370	251.20279286837695	195.72715137235042
1371	221.12070445254835	239.39550898029066
1372	-18.88073086453653	176.61395458468746
1373	223.9868725336952	207.52954840138665
1374	168.727173048858	243.0193458804682
1375	219.7659496674324	237.11617656634087
1376	235.92189667700035	-57.36768265336036
1377	252.54242782930487	219.13311847275003
1378	210.91819238041592	-117.9419290724883
1379	207.91923008642348	187.07643658411686
1380	131.86474255980892	-57.54213186101501
1381	233.67462733593413	164.2227110702024
1382	156.87180745837276	116.9240521452234
1383	242.49492055666738	187.25362646437927
1384	221.91968233725845	229.0153823889935
1385	203.20099809725812	161.92500788407423
1386	189.87180232815365	186.98598764058963
1387	217.19152938276355	241.07319925416044
1388	212.07073737858192	215.71572708295443
1389	179.60057196828785	-94.77798202606533
1390	184.2918738718726	-6.757043664975754
1391	215.20473529712677	173.73292328844548
1392	-67.51116091654906	236.8751848194055
1393	198.56353538910415	219.6354361136755
1394	266.19648171267545	161.35856837777987
1395	-27.50341488365906	177.95616417515063
1396	250.63658255590983	208.87532639525162
1397	272.1022655099457	136.95841921486337
1398	118.5497090708247	96.64235821583043
1399	178.5651986188963	207.60646185349563
1400	191.17733151816455	188.7231195725468
1401	-85.02716987812501	161.56145666976101
1402	92.6907427848065	196.434590922705
1403	175.48341475410632	179.29491056943266
1404	-139.14715257173987	220.8066003982043
1405	-35.436339433757084	168.09207792978754
1406	266.7924727832865	225.14859268980146
1407	182.30486661755924	-14.651771606667836
1408	-58.379731817553974	225.155127082102
1409	188.6922031667615	-503.6492766634647
1410	175.57787329268564	165.06104159628407
1411	205.21574507949094	165.98007168746943
1412	218.01459345262327	148.32149364875522
1413	77.25756976496193	164.8533176602159
1414	213.538631150026	199.6524161695673
1415	222.8997694669282	161.8881703040071
1416	221.78127177395507	187.35162804246858
1417	202.82899114056443	182.2876625494427
1418	173.17679929496353	184.13160038380093
1419	195.67178551907224	186.68695326462768
1420	221.21449438319604	128.9590777993591
1421	158.71927901199442	13.387985826059857
1422	183.84852217414905	-24.450405374905415
1423	-425.36652181872347	108.20274049079396
1424	171.8488275392058	-19.66908192709741
1425	-101.03373558708569	-160.01795336880554
1426	178.8775575673041	-98.99750375300007
1427	201.62701927155206	174.1888275308047
1428	207.5678553564728	121.09591177570667
1429	179.82741867002477	212.37179661692613
1430	-60.069930121170344	132.1247272673363
1431	220.34605162479886	81.99730588228432
1432	271.306930467052	145.40751307309233
1433	220.72954266519702	145.5261395419607
1434	200.7668816352966	238.41135005853286
1435	176.15114717942248	-107.48426925217319
1436	-98.91209310442066	-116.76173072653023
1437	237.26051463221881	-665.6503462598588
1438	167.70126732607105	-44.3517174970708
1439	166.59481698935673	162.63125997472628
1440	176.65234172569478	-725.2916197214769
1441	175.0104933130955	-319.09977840241004
1442	204.18401526689865	173.54275017919008
1443	-38.439973728618824	184.85554081148393
1444	-100.83737470348287	-25.280179396597177
1445	154.5462514222276	183.7123350420217
1446	247.92230022912662	226.75125194633745
1447	121.79094535558059	-31.619921968206285
1448	157.61428452361884	180.24224286866382
1449	270.45978411266424	-491.6930920508556
1450	-64.4188306097963	-18.231586804627838
1451	239.28738948693658	-46.31099341591826
1452	-39.827703765457585	134.2949446518931
1453	232.65978880495518	-70.7470332936534
1454	196.22903178715083	115.08297921098668
1455	-133.23257830413468	-54.90649565440413
1456	165.63335550524266	-62.49818076301865
1457	-448.6273091389445	229.83066734446822
1458	-90.2101348148848	-113.66420893838642
1459	-9.40425195038803	174.7427870584871
1460	-625.5337704834487	-125.79581097177889
1461	-346.3262396109686	79.68257870153353
1462	-135.13053760913849	146.5610667653983
1463	145.62028811105174	128.6996647960977
1464	197.95702831605797	117.33008185025338
1465	188.95598844569417	31.5905648643542
1466	186.70665689316016	-78.48832739527681
1467	188.1206544222398	112.5197785725878
1468	234.36898389494957	157.72210148863655
1469	111.65313351729141	186.42855064748179
1470	165.75399339511108	189.9687838275373
1471	-43.7131192098271	-91.9752191504102
1472	185.1528287262251	-121.42436293666123
1473	202.97692997509284	175.4252832231249
1474	-16.786547478569403	-130.9653471359096
1475	281.1972360986084	-72.80679885746235
1476	143.63568570374917	151.85241091075687
1477	258.09217066754314	-613.8334132079692
1478	-46.50620773614517	144.46371165043053
1479	-46.105125454639115	140.16833720803027
1480	254.69651866391325	214.4010301782998
1481	170.19519735395255	246.1775677554203
1482	235.74295573787506	149.44453976915227
1483	165.75639905373788	141.73517352072463
1484	-29.257865109389115	-70.56861465066949
1485	192.38914256903752	177.72078203030782
1486	100.80113834174293	278.7829273128791
1487	230.1803573882034	245.4150749803926
1488	24.40914956716844	154.84497254842162
1489	163.18179299638382	150.77518299731747
1490	-86.13676825208427	-129.37455125854808
1491	216.01071433428592	167.95617260394113
1492	143.32085139128066	169.31314950472176
1493	201.48186352106924	151.36674576007374
1494	-93.84966064081408	146.53677069536465
1495	189.96248404799053	-70.08857609790442
1496	-6.096750637619252	174.1254561931339
1497	228.7885096931783	-23.871946456727585
1498	77.32972568558978	215.8262765213977
1499	174.75545434258396	148.34673903216196
1500	242.7110424683966	131.95457278684808
1501	166.5080076373644	67.98566015080118
1502	-98.16022489357167	142.59548455513925
1503	-46.96949392187882	-152.0808914870373
1504	231.76605433332765	100.35011256135824
1505	-105.38018435635905	-133.3657021118712
1506	204.03979283197071	184.06166628465925
1507	122.45606880489262	71.05134333501033
1508	-37.66170858259014	-103.26756477456708
1509	139.45904056740935	-61.6112301057924
1510	183.1098107348683	145.70617436027175
1511	174.5293640426254	-34.98854904157689
1512	-65.77567943531946	-55.47879959596749
1513	191.52008715024692	-556.5003198616992
1514	-33.14626770609533	159.17273230595254
1515	-29.822801414628117	179.16936839571312
1516	215.9522365492279	109.45336618422441
1517	177.54332545086646	197.37821595284328
1518	201.75542579658028	154.6549677351243
1519	95.92554008160742	10.503767931056444
1520	264.8118506541262	170.75067343889037
1521	193.7029915889548	162.34779217041154
1522	-99.00522138860242	181.85262664808468
1523	200.34786918295634	225.96054237236828
1524	232.9993192774551	-1.726736797228935
1525	185.82692636753606	250.05150627012327
1526	-66.34954908037587	189.22804308258492
1527	-33.03005195544793	148.43959536902264
1528	-110.8666488087095	-21.102939796079507
1529	269.81382987348184	99.86855083622166
1530	50.17067072969732	228.80651048093318
1531	158.96834922166278	-20.105074858201444
1532	99.32582473283531	137.74335611362528
1533	133.1641081721898	155.67559807057927
1534	181.04524827700027	-72.47006096529712
1535	164.93114580467312	-33.48895465650591
1536	249.17215232020556	-64.66518317700293
1537	127.89839036921569	-14.350214493935345
1538	145.2774475634713	-31.397371699935515
1539	-95.78607953997877	19.570300327880325
1540	-68.40596127338154	10.494291356023936
1541	-27.9242785345863	-675.811710572603
1542	-76.05924420801225	-44.369930313360186
1543	231.67507113870343	-13.872052825418884
1544	134.49639310279045	260.6098897551329
1545	222.76167887727632	159.9334773129617
1546	198.0892679317682	138.51120839442115
1547	248.83765769235362	-58.57653953415535
1548	207.3627309212167	110.03180173736997
1549	138.4912770308711	204.25712187462284
1550	211.88289917402912	-10.009237256205907
1551	197.44148308129763	202.63068629712654
1552	105.43626064399217	131.88497414984232
1553	-673.8163178891888	-92.95379321898926
1554	-38.721215710730775	254.2341567314119
1555	225.34651267635	-74.95552916169909
1556	-63.884757211922455	240.30391257414863
1557	264.87647477931915	-76.67273146519426
1558	-62.12455229991968	150.6269852537417
1559	-38.017569485810114	158.5367923396747
1560	139.77438014212618	172.72086824688438
1561	223.5539759461964	209.91258564133187
1562	201.20623491762095	169.60906851593649
1563	-24.859405056907676	168.75545162167455
1564	240.41280522011593	149.11891025606351
1565	178.376076154405	198.1787158763417
1566	182.54031487329257	196.27741584188453
1567	257.63674990914365	157.42376748167436
1568	174.1527673734188	207.43427030386908
1569	191.05252755366578	215.4103362455885
1570	196.83040019282686	153.33368791436013
1571	259.3481209877673	198.13469469456498
1572	-45.285856758798715	166.88366537818786
1573	-587.3487775850454	-132.07510812429348
1574	-30.81323140114698	191.27436278586612
1575	212.08632124132123	-88.41781679152842
1576	179.15968032906085	167.98768644877052
1577	268.02618968745594	185.8465535214982
1578	212.58860542031985	102.64933703454331
1579	239.99034313012882	155.01049540205244
1580	195.55364138877613	154.1705623743178
1581	212.29042716237015	122.76605023759831
1582	162.4198121565815	233.62940328248195
1583	-66.69340843704933	192.963896704102
1584	273.94736123446614	130.26181336117315
1585	-10.014807699204582	262.0365468671513
1586	169.39143724376936	193.20729259696776
1587	216.01957954629378	166.8599914990388
1588	230.95653242818062	-81.05488006515242
1589	219.90244711224426	151.55063020287727
1590	205.40339833032237	132.0626227968368
1591	216.70701839855957	107.44350073614595
1592	237.9678474710817	239.40176247493403
1593	183.12991543719738	152.71451661380476
1594	207.92749183861685	223.39725247155963
1595	237.8774291330745	210.10626624833355
1596	235.59585914717692	227.67227368521256
1597	245.71036641413062	199.5295001170578
1598	260.4443550773076	229.55333529190096
1599	225.9297272217776	194.47610449013192
1600	128.64697509458026	178.4095483241823
1601	244.96473947102825	237.4453620881479
1602	216.26608834130843	240.36564008982023
1603	170.82484529895515	208.07627472980883
1604	262.5613287806917	235.84924253820805
1605	252.12389983709963	-63.21866696535989
1606	207.75873945227707	210.08223375601654
1607	231.3748380735393	156.61696108164912
1608	233.5562764638966	218.56421766851145
1609	200.26514871052936	172.60327092289046
1610	209.2163275914289	223.2732266562716
1611	192.54333746946048	177.43810595984795
1612	184.62585808554044	174.553049478807
1613	162.23282918592946	215.71679989372058
1614	-42.81454488525695	179.97989703775988
1615	213.57914134509275	236.29874218189917
1616	218.86542953870924	-534.3493932151241
1617	-687.3608998623697	216.16336467253876
1618	207.10851779579576	-42.757288047031324
1619	146.67356017481075	150.46312825629963
1620	241.4349441333262	175.45598745998964
1621	-70.26743541250494	-16.99178193351176
1622	-109.81280058645996	-96.20923510837994
1623	198.18662892806856	-110.78329088876635
1624	246.973733654527	-130.3377314232511
1625	191.87563969489025	-30.49366160934754
1626	238.58147481975536	226.9631243499424
1627	-138.10521580590006	-251.38823454740555
1628	232.6875184044515	-26.954956740220084
1629	136.34893306104442	-228.9059852163784
1630	-34.19326877143526	-172.8405673645354
1631	281.166057481796	-123.2081581792256
1632	-245.24695789991426	-69.59520052909578
1633	-40.52995713977411	-43.5901177978042
1634	-193.74743902919644	-153.2099658266921
1635	272.4843042547144	-195.27622108403813
1636	19.974344339808326	-115.16584706323289
1637	228.19966213396023	-92.79447203497487
1638	183.73357039293953	-36.115243925356225
1639	266.0968450321568	-17.3945754291328
1640	234.87870523259946	-77.05643868640612
1641	239.7083444323673	160.36354047590822
1642	-158.5357164823906	233.80618571316336
1643	-66.10689619580045	224.42685669550346
1644	274.01689203183054	-158.39882270263425
1645	-56.155856641026176	-6.420942300189537
1646	194.80979479860167	-104.11196945170246
1647	197.082735311682	-13.377934537153203
1648	-138.18370815589532	0.416729591237585
1649	205.05118487999903	115.14532985260657
1650	176.80024505021493	243.12065571329765
1651	215.12035620487808	-182.23210356167914
1652	-98.95774349339223	205.2394668524983
1653	186.11829292830845	181.5093636060642
1654	203.54892013279172	104.91910217064955
1655	206.99861407185517	-26.94741924429789
1656	-60.497582938790615	-184.0211305800794
1657	221.54445151933203	-232.83342796725452
1658	-186.32870522898	-131.80100468532206
1659	259.4267327306825	140.50545256861662
1660	-221.07414013131853	-183.6835598884334
1661	-195.87500809258393	-409.2349465053379
1662	197.4680576805804	-213.6528505109906
1663	240.82100771732613	222.5997733274902
1664	-165.22719052784993	213.52902235377042
1665	-232.92715074630047	110.05096759712501
1666	280.6619332963619	-66.22347454050848
1667	-159.22644034256365	202.20365971095686
1668	215.3407975254156	-136.90070995725466
1669	203.2720976630443	-4.14232898944995
1670	-19.204353413710976	195.76726807568593
1671	-175.2550915690862	-36.23706212577267
1672	-231.58760275226538	-182.598158290318
1673	-206.84175028171802	-7.032456905416564
1674	4.806456955298714	3.4924301140075613
1675	253.36440918513122	240.40569672675062
1676	240.8449766180725	199.49225165642648
1677	231.56688540541842	-172.5938382434256
1678	250.55947108555827	-64.9097851044279
1679	-88.5428563299125	164.95590573503392
1680	-166.23549759211542	144.53708876320886
1681	228.29357939609596	-37.63246974685069
1682	4.270355710755969	-17.386343844837544
1683	253.41960079624675	143.4000019643233
1684	-5.669012738071899	209.2372710108337
1685	272.119246477313	-102.72144006408493
1686	154.94123488539464	222.58159968847576
1687	166.80121853061263	195.88582496277644
1688	273.82305018173145	-238.9556764340365
1689	-199.5088741624195	169.56159509044386
1690	241.74184278184794	-22.437431976331194
1691	201.6757620874597	-25.29101101992624
1692	-104.75556512282455	225.73331164670327
1693	243.2973040813469	-642.6347117678184
1694	-65.63802169165952	179.51999612564322
1695	-32.13867068179411	-156.97983210217274
1696	-203.0356511805985	-107.51769010520792
1697	232.4244212798131	-145.2381968063052
1698	-155.89193801819837	-217.4030651139799
1699	-55.07538658019486	-190.44238811542198
1700	17.109741947984674	-41.16187890989633
1701	-30.57612592117657	-180.45178331915696
1702	-231.22768644301325	-26.726583098196755
1703	-45.13697662844689	-18.857866824078172
1704	149.65242566421608	-312.6815953342151
1705	144.15318355670462	264.6112936971539
1706	-159.3172115409721	10.337768191803093
1707	-202.93755849076314	-20.84259897352247
1708	-74.59366324841358	-117.75554490210546
1709	-36.93460758795807	-25.384107216518657
1710	270.24290743669735	-203.34295456335224
1711	-157.98582215941616	-277.85316457763986
1712	-411.149335566817	-172.46652090548002
1713	-175.81344463925365	234.33869013498898
1714	-162.36691200718508	-207.8655682355831
1715	-27.033867635301533	227.28576745806018
1716	-185.28353145578944	-143.6916495866094
1717	-37.05957363083178	-93.4636960977763
1718	-245.20432783713903	18.60085924078436
1719	6.540733652970943	215.21322468435937
1720	-125.59704582173745	-115.13624147784024
1721	266.86017248307223	-8.628147268357125
1722	195.7843328318623	-165.44374691952203
1723	-110.99908730282773	249.23350138179347
1724	-14.34535834519464	-116.08490267055195
1725	-113.34978675428152	154.9623565174468
1726	50.65311833482605	225.54116984039598
1727	205.22293179343228	-117.11647262411702
1728	206.97858061480042	-73.71086402811817
1729	262.9406824769562	-101.50391875503594
1730	218.34121499892905	220.4266155340006
1731	226.84470518503005	-126.03726667040308
1732	34.405868047725534	213.1851096304771
1733	-174.87743489523342	214.6904957471832
1734	-140.42586228045235	195.06047980029217
1735	-61.428402048341866	-382.91958630313314
1736	223.5169578025388	187.66792272312514
1737	-387.77180595367133	-23.944305106473053
1738	-172.4422059182749	-56.595508910791466
1739	283.5460037256289	194.2854732077876
1740	13.87314280735788	-142.9268809220138
1741	-92.22031237650017	252.41372520221745
1742	-110.43104031294502	242.52529535694174
1743	215.00828285677872	-97.56528716168704
1744	-151.54125063913938	226.65421006190462
1745	231.81794844035414	193.96391471098332
1746	-207.7567359926599	236.03849671723046
1747	-81.13990632298209	-37.28304509597628
1748	6.120438012489117	152.80403424479363
1749	213.73948631993835	254.01795712800924
1750	-105.35600887615915	-211.55596795124913
1751	-147.26933636880608	-35.91460470259028
1752	253.92078698947543	225.15412644209152
1753	-123.43753824970227	-189.9173499379267
1754	-112.56706828453123	-173.88120752465707
1755	286.4423330490439	217.90398285684694
1756	270.435185277954	-112.7523862877385
1757	200.10794082353948	-131.54320937753025
1758	-136.81566929074071	-110.12907616175862
1759	-32.9244529194292	278.1239038318953
1760	266.20615546070223	237.67395982970305
1761	236.75802026539432	109.72626349959972
1762	-58.39055926486636	236.70038631515817
1763	262.58890238980496	-221.87741994069404
1764	247.22780049642688	-353.80881605412407
1765	-221.1280303832201	229.67555270989584
1766	219.93409097140298	243.11632735863904
1767	239.8444663661943	228.0145917630406
1768	-140.074987411985	232.50328046617318
1769	-119.55607373463809	221.53826449062836
1770	-90.37646944937394	-131.91689931017564
1771	250.1679684178855	-133.2330348362812
1772	246.23435467749457	-106.73362001695394
1773	-42.17632725491224	-142.0260546489757
1774	-31.59983063068252	237.4042409436523
1775	224.6470958235858	202.58702842092697
1776	-126.16478368369935	209.40867428214108
1777	226.6294831645684	215.12124518760314
1778	207.14361304637887	-3.599954116115171
1779	209.59546658358963	-167.8453238733956
1780	-138.59895695000517	-99.99938324971126
1781	-471.98024995266024	275.62774934141135
1782	-167.06621174639258	-160.070803993757
1783	240.24417034081958	-56.08788280973073
1784	36.058002597629155	-137.66329789499298
1785	260.0594002224252	-140.34304622517317
1786	-91.27703764755563	-93.85049442526994
1787	233.37585580543015	-165.2611322132997
1788	265.0727483651476	266.39468267115467
1789	-188.3557536519104	-219.5412028751303
1790	-149.27676497093265	56.82184948010334
1791	-145.76914406296805	-91.44601896356296
1792	254.51538933038603	77.25002402272209
1793	118.77620236675052	-155.14183225649873
1794	-408.30178818128326	-146.07429253040192
1795	233.56734737455253	-52.725037401530656
1796	-159.2536074484699	-70.19847823101242
1797	210.41293809484583	209.75438935178843
1798	-162.6253116717411	-102.95040897796136
1799	-205.1057237067358	-147.86865762455045
1800	-372.32547071486135	-121.31050899862595
1801	206.100269536099	237.42530899111128
1802	300.30201472323574	-128.10592959421402
1803	252.91180938390318	-89.85590454332927
1804	197.98719170320936	249.69528095212132
1805	-129.75469356919785	-168.86977670569377
1806	-167.44747742507934	259.942831621608
1807	-105.2334986680565	246.149333075732
1808	-120.65539648759203	-218.96119353585192
1809	-463.39221110692574	244.84820251099046
1810	232.60949688772558	-41.49395716812971
1811	-103.90310849242118	14.413013556190407
1812	-138.77454937512312	208.7409899151666
1813	-109.80195783422694	-87.82290942774083
1814	250.92596816652824	-87.31635749558839
1815	-86.38911439497893	-19.99920287827935
1816	-438.311062352914	241.90227080267096
1817	203.4951152966022	235.76290806801083
1818	-112.45744514939632	-512.9563604417231
1819	-33.56150536042898	240.3561194310668
1820	-121.99440272209029	-129.9415382229396
1821	-123.25609732362332	-126.48727737201872
1822	-17.759429890170296	-237.61652791259533
1823	-36.110455358987764	216.16287744036424
1824	-342.70475180460824	279.57424460715447
1825	-148.60772804046385	244.2395453532618
1826	-103.46163237302335	-130.86694505964334
1827	-125.99323572137874	7.386888392722469
1828	-40.917999704812985	-151.25091772425682
1829	-142.44344932162105	-147.73584243662313
1830	-81.76210728449291	11.3728614420654
1831	-6.4736593658263075	-11.986349202526114
1832	-169.9064341160598	-96.64403025365536
1833	-140.48728395844284	41.0971177852112
1834	189.71475220763585	200.0217357590396
1835	-189.06140037019958	-426.6609221398696
1836	-162.88722542090136	258.4788000636934
1837	-59.47672965512691	-133.85994077918158
1838	-99.50793262178422	-148.45462122997918
1839	-24.718757700344767	202.6101735062429
1840	-138.39818117977822	-130.98506294332427
1841	-131.14203984782216	262.45144184392524
1842	2.428070864601267	271.3665462829572
1843	-151.6969916558458	-144.99607476913366
1844	-95.3102210137588	-68.74964077411497
1845	256.90566508335075	198.92851414089506
1846	234.7356361147395	-35.40864324414524
1847	230.38993814706743	-158.89897504774717
1848	-137.58023630009498	-166.02165706295847
1849	272.02709753185115	92.02168934266196
1850	-104.81954303558602	242.42683647641624
1851	214.1355070739973	228.92079423014047
1852	-592.7496412658592	-166.9684391901199
1853	220.66166978886872	234.35989818480363
1854	-6.979826360143465	-164.1295959241346
1855	-138.0972802511812	-163.47756515694329
1856	-204.68909095967692	200.84973560938153
1857	200.41479912088886	-50.19695002767085
1858	-152.81542352873947	205.9919552868389
1859	-153.40922873035433	-127.18571723292251
1860	271.2939767410522	-180.82505407042146
1861	-136.79291409304147	-430.4115114739105
1862	-12.383686170642136	240.26847942150965
1863	-602.36304516078	-138.40625136944675
1864	-19.67320441020354	-175.73370420567065
1865	-278.47031219708015	-167.2158356936414
1866	-147.04307525338257	107.90184469667183
1867	-56.567861219405344	-452.4566817286372
1868	-135.61742374007002	-501.59982463401724
1869	-171.68693920604693	-15.181101624816254
1870	-142.32223762014624	54.566185053445174
1871	67.85655542744729	-139.10807683379787
1872	-424.14860232281114	-116.1042281492523
1873	-93.96673931416332	-433.5155925229803
1874	-131.32856914779597	-42.86280660775209
1875	209.91050645383217	-183.7195435576362
1876	-152.8308794140969	-116.11932624108474
1877	-286.4223380173864	-173.32085121486773
1878	-593.7129429517804	50.46421063388186
1879	-14.891388278976123	-19.849681768968637
1880	-162.53018525219397	66.030540845547
1881	-159.57147464826937	20.94202475883048
1882	-50.26318472297996	-151.87570570615236
1883	-168.2890271624059	-1.8814894238222735
1884	-89.0795933175573	-432.1267324139128
1885	136.49327996331488	203.815552347577
1886	166.37550456523303	183.45031426631857
1887	-149.1615215066122	-142.22546341380766
1888	-175.38022808622833	-114.48234843669755
1889	-576.6308256631388	-134.1727635512745
1890	-151.37429899468322	-518.8754683114473
1891	-36.38965490474777	195.36092627430145
1892	62.99211417469846	210.64836981039514
1893	-161.4519458919384	-125.36814805132599
1894	-137.12990687820852	-447.70190409283487
1895	222.22805186498772	-178.4901120698605
1896	-170.14877345986895	-62.22836955684458
1897	197.53294836991938	225.10482090509782
1898	-644.5068692687935	-138.2663254735867
1899	-139.88079448559816	215.3344288850618
1900	-24.260987580645732	81.4140884990526
1901	-157.03159419605186	250.05640897912875
1902	197.84729250098303	-135.35359715492294
1903	-565.5190025023506	-449.2651372586397
1904	221.63783500160233	215.60778746109042
1905	224.8940402553001	-119.4234838075643
1906	209.94096828197345	-132.15838836582265
1907	-168.71634290862977	-10.701744953279999
1908	218.37953266327867	-146.75513463516262
1909	-61.234120210067374	-184.37854523384715
1910	-150.72439831626798	-127.28522075126995
1911	-152.77551070913483	200.3871103257797
1912	209.17828526446908	-113.541766064933
1913	16.455663897942514	225.70601454563786
1914	-43.41701173927795	222.6478436714077
1915	-61.55149695312876	217.1828887408006
1916	-115.93068695281704	-124.91994987384192
1917	223.4634115786967	-76.53455246411374
1918	207.65261158212573	-134.9633863285921
1919	215.86509494756066	205.01728534744402
1920	-88.75098427607257	-151.89262130695175
1921	1.1275400161808022	-48.7989123014999
1922	190.1923741884804	241.30699228902304
1923	234.71355724921298	96.11820799431544
1924	231.2289780593001	-139.1805111959397
1925	-154.31079548803612	21.84684741751883
1926	-179.14349647399274	-145.68866765072426
1927	-107.05214988465454	222.79845287898354
1928	-84.58825072015748	-161.9210235247687
1929	-632.1158666220232	-45.1651640849513
1930	23.51799735509506	227.34089523699632
1931	-43.57143243591784	206.4799802697932
1932	175.04017233913703	68.36779472055582
1933	-22.242135859218436	-117.91253842396912
1934	250.9461089454781	-122.66489772849854
1935	-147.79861370003277	-15.017754938766572
1936	220.88786648349287	225.50001764075714
1937	-534.9394255240693	231.27680702134091
1938	-140.2016918504786	-153.551357021427
1939	221.9545389079766	-114.43537585002116
1940	-68.265203000253	-25.59392326199483
1941	-118.96394243261682	234.54362807086767
1942	68.3049281396328	-90.68177071833803
1943	-73.8404184413874	-160.3300285317911
1944	-12.619092456518459	205.23584348309134
1945	-59.91552524680368	-81.44970369765402
1946	-92.4160798522855	-66.39049939304986
1947	227.18088309649724	260.3217051012725
1948	-507.6957560332537	225.91493223119002
1949	-53.96554509335806	183.85235618548478
1950	51.58551841478298	167.93159209032726
1951	157.1939426172575	-122.70410892102342
1952	-36.424003313888775	195.35042197382637
1953	-55.44843846009185	196.79128576424938
1954	222.1378068177915	169.11198438958627
1955	-113.76101052455064	-41.49285625105202
1956	201.51218861240613	-97.45478326493595
1957	-145.53501071289753	-105.22819829641811
1958	-88.72121866676378	-27.94279603598106
1959	-134.3622555375364	-74.20576321448945
1960	-181.01222311595592	-149.9041628920639
1961	242.25899884824412	-168.49312553372948
1962	-398.5512595112175	238.357617573034
1963	240.28773594727267	-58.345796339329596
1964	-129.10556230285664	214.8080519300051
1965	226.70975660258063	234.71305123241282
1966	110.08059154288162	242.5424799862718
1967	245.3029839306277	-191.9488114954305
1968	224.13821053240463	-103.4756665168531
1969	254.23928999325915	-436.0759463019555
1970	-28.052199611112954	-28.5935324922919
1971	261.64527684425593	227.23190151462126
1972	257.3867604179269	-155.98520099853732
1973	231.40409195435342	216.71771710223646
1974	-104.16906265069355	-71.08969074358906
1975	272.51589136733946	255.68732558221149
1976	249.87177874085071	253.60932259891564
1977	-29.257647439465387	272.25686294312715
1978	-83.45665837943942	-15.723047000124524
1979	-195.35137989431718	-69.54945548999704
1980	-61.148007347440384	-76.8335736324008
1981	230.32643950688993	256.227802031447
1982	-87.83875146311408	-127.6410339586765
1983	239.13174126592645	240.32486918344435
1984	-170.199816323253	-57.918799702004385
1985	261.8516270534743	-138.8813792943452
1986	-53.34475741340489	-8.067500768136014
1987	-37.542926965837026	254.9956689727127
1988	-187.1445869496246	229.93551580977046
1989	261.6608909677914	269.92687425899476
1990	-6.502278912277376	275.85648341969943
1991	128.84790704523408	-152.769729360714
1992	-152.83215529500922	261.2334682441154
1993	242.68698028170618	241.9540110546202
1994	-175.59233957948254	38.84377107555326
1995	-104.87201553615911	-146.5705324412309
1996	245.9592441175306	-47.75558262516583
1997	279.8638767208697	-189.92129311334145
1998	244.60590359026207	-80.05318450064013
1999	-169.99580453786507	-100.6600949108776
2000	259.39774794818925	-89.15177435327871
