Environment: LunarLander-v2
Agent: PPO
Experiment: wind_and_turbulence_experiment
Parameter: Wind power = 20, Turbulence power = 2
Time Taken: 1308.5302982330322 seconds
Episodes: 1233 episodes
Max Episodes: 2000 episodes
Reward threshold: 200
Episode	Train Reward	Test Reward
1	-419.92397245352834	-521.3042915189977
2	-254.39936633793613	-449.87706732544
3	-393.8087907626981	-2170.008932735277
4	-366.2525266204821	-882.7089617258391
5	-123.24481803525273	-598.0466283159913
6	-213.22017113067682	-185.8577207798437
7	-224.06034248420542	-596.6645807043828
8	-87.99573813055554	-600.8512093591557
9	-389.7148351673849	-1182.859437716128
10	-215.9802888049303	-529.576856403296
11	-313.771197350318	-1078.0374858892028
12	-281.634425768058	-809.5492628867063
13	-86.75159040348181	-112.53970624489077
14	-123.21720807334013	-510.06906849130326
15	-109.05454063879428	-407.21882154969876
16	-114.64370097866275	-516.9365764534416
17	-98.80314505881236	-790.8549133705941
18	-112.93037528701367	-1565.0959386003026
19	-127.47906676485177	-1667.7733911757682
20	-110.08132492113502	-361.49499863219523
21	-225.0394402854176	-296.18008229612894
22	-108.97155692111258	-576.6400665558039
23	-154.6660367048645	-367.03833412667814
24	-127.78067991199102	-401.89142402455195
25	-184.8242724556202	-359.78193812371904
26	-46.301597385268735	-369.16905575919816
27	-259.67614572795196	-608.409065157153
28	-116.84911260156393	-433.3209624198596
29	-83.09199429718613	-494.7581720591343
30	-206.2125982033601	-439.31770160004174
31	-196.51536438383903	-900.1270611181769
32	-473.1663947779007	-913.541592969501
33	-158.1717500426441	-900.9641451151103
34	-501.21384825198345	-634.6799147029416
35	-475.1895083163781	-383.07037371756917
36	-488.54600371602555	-502.2208238668722
37	-279.7139902680393	-736.7058438799038
38	-121.11257955933738	-881.493038321908
39	-193.62376488870078	-1306.8156315230392
40	-115.5024848223753	-687.7285554946629
41	-259.2603893249719	-396.7827097447772
42	-65.3773215625813	-621.2979195685118
43	-54.431475317865264	-144.12452885280433
44	-242.25842291096464	-282.04229720689125
45	-247.3940675233824	-264.7070660390807
46	-106.11319243578066	-294.36730127320027
47	-180.37561090336322	-273.88200672198514
48	-176.39353150894186	-179.03199337927742
49	-314.82196624855084	-673.2675089925224
50	-27.669554435697506	-44.1730975876098
51	-190.5024246036608	-91.7741207413151
52	-86.5773700715783	-24.10949649568387
53	-297.5633993376264	-645.6359926588652
54	-599.2111681676826	-63.33581316209918
55	-40.268994485930804	-486.9327943972651
56	-387.74218609444426	-268.2863385414087
57	-273.73613477757544	-736.7511801397326
58	-258.59073480698726	-155.39087170658956
59	-151.34711530127203	-288.81950915184007
60	-177.5946369773277	-362.3306051531114
61	-233.46595012450058	-92.94391777767717
62	39.23813856189314	-144.1444660290682
63	-35.13534608706556	-532.1292275493215
64	-174.55816290998126	-186.52744116121093
65	-421.43897173869965	-484.4958323589086
66	-0.06909632513225006	-663.0285501701283
67	-166.47912788019482	-714.5691243790926
68	-221.6196132274652	-485.9603546782795
69	-253.33547096870709	-615.7229287145041
70	-5.110746003245988	-130.34152437918814
71	-271.1663414542936	-138.35682373594966
72	-72.58591139538032	-193.0413992425395
73	-282.4160095023368	-396.48687686739413
74	11.843832392893367	-136.42564461569245
75	-249.15481796701542	-394.7521819478533
76	-227.34658375626094	-346.0908011251846
77	10.77801764146729	-418.8037545914591
78	-102.39160349461862	-281.28427920349293
79	68.2556927533688	-644.5981332056838
80	-35.629283928001996	-293.22794581324666
81	-262.00438232473107	-503.95673185483474
82	-211.57901519419516	-230.87248970351823
83	-253.66241022430503	-493.99497980576456
84	47.45535906494037	-315.1692427020289
85	-242.36579018034107	-51.2764130978791
86	-190.55088025869162	-49.91141394291153
87	-11.662790472226149	-460.3824062062873
88	-92.065611056752	-211.9664980923399
89	-252.33010771390713	-101.88661886784931
90	-121.477985697529	-336.6079026755767
91	-332.23625617837365	-578.6790386658032
92	-291.70828636928377	-249.13533742271832
93	-267.01204453252376	-575.2583542078171
94	-378.53691657385605	-199.12275133891097
95	-401.3455619758009	-379.4954347261909
96	-243.9288684457671	-276.26573138479296
97	-190.29951851967132	-566.8053335410923
98	-437.63754053155986	-207.34254600210363
99	-227.16568141127382	-219.0747496800352
100	-225.17688212422235	-423.46312607186474
101	-269.15271479116745	-183.70421240097218
102	-239.12957825786543	-188.86029722738965
103	112.47256283806237	-161.6033809578568
104	-91.38242573718577	-151.97048341841847
105	-239.21592707199335	-199.05521319782684
106	85.97837167394574	-262.4807744892413
107	-251.7408422948625	-278.6682558951755
108	-364.93489016813476	-256.17392149695064
109	-14.008865719166266	-230.59335578501396
110	-152.4439305440879	-170.7479331119918
111	-359.5197764189713	-176.06431316140012
112	-156.68943792410232	-192.92160220944717
113	69.28402419983443	-157.19735836391425
114	29.688347477393798	-116.91613764132327
115	-18.61810790535739	-106.52090781802401
116	-91.5473446277764	-180.29682413553684
117	41.85714275924757	-232.25834455783888
118	-228.54359523418276	-256.65944207402663
119	0.843676917671699	-168.79888100873222
120	44.56173956816394	-267.6998588620918
121	-150.00195637820113	-169.98242393373414
122	-308.72191844925703	-404.19906781740025
123	-128.59421676558097	-384.5636089069953
124	-203.73532731174765	-280.3157970189412
125	-120.16432833755364	-208.20683236016043
126	-217.70706347861102	-124.94231220842957
127	43.88419594524664	-234.4540300696733
128	-106.79640738289454	-380.71121654776465
129	22.241022082274053	-444.7135099025862
130	58.05666962385083	-388.68455185964
131	-159.20134412025035	-333.07823229056305
132	-137.4900660061389	-428.0673840791816
133	52.92012791723633	-353.9443385669318
134	112.9474032789054	-256.36508496106524
135	-95.21976898974366	-336.3326985278316
136	-14.606650162151439	-348.6238585780959
137	115.30416188830044	-336.9095004122053
138	24.718983695455407	-271.9510684800176
139	51.106258053571494	-307.6741730685134
140	71.13593062858901	-267.2105387232535
141	63.86294927714064	-253.47473413708957
142	-35.35919294937004	-227.91357665490034
143	81.10428241772895	-182.1497562567449
144	116.78159594397597	-151.09809453350042
145	88.72806062785094	-134.35799871075142
146	96.03126584178078	-137.08406644568203
147	92.33305523268223	-90.60625878519679
148	113.94130226563112	-143.15152512600704
149	68.32836569259332	-125.84912117082438
150	91.39812284704195	-121.69041775804163
151	105.12874675774424	-99.4153408854547
152	76.64460241064158	-118.1139569969993
153	-40.3312595136265	-180.37001146209704
154	37.10032305005861	-192.59569071601845
155	43.4505483347427	-296.3081585305453
156	77.77946142248628	-253.41268896413595
157	55.1385471322214	-146.06608678010423
158	-50.84422236604702	-193.1423222137226
159	103.12883095419849	-185.60361464284836
160	14.196237861710841	-168.53358856830954
161	-6.542877902561614	-215.94288850532234
162	33.88763322745193	-164.15374022194828
163	-16.852160270034975	-214.7229250142916
164	-83.18881598563135	-175.01802855866077
165	-41.35422797133212	-146.70270807789456
166	17.560247861934897	-157.28211310039217
167	-135.06294942050943	-100.52188814827434
168	-53.961549770873376	-171.78890746974534
169	48.46231901207299	-263.6277881059529
170	41.24983162247171	-213.82257258682085
171	65.70064414514202	-131.9527638853288
172	23.801364400918686	-123.72925250609788
173	28.354485686529376	-47.45193247218898
174	79.5599062214486	-89.70725293882602
175	56.24330616985251	-103.68663972484117
176	-215.4683192846901	-37.87564552552065
177	7.3877950943887924	-42.17117115753196
178	137.29503335309425	-113.93749203634904
179	111.85715333021754	-73.18992385372825
180	117.32500874622255	-98.5362627554173
181	58.211997914835955	-94.92089825155759
182	63.321489150580064	-9.09105109117929
183	68.97132326901873	-16.984790519730623
184	150.6253385409096	-11.070817461167593
185	131.32939136457267	-47.13096223536758
186	84.02873722558061	-52.51512840943108
187	79.4835450908476	-10.99349406531828
188	60.55072682969429	-42.20266432771567
189	128.6305345151051	-83.25416444282493
190	67.87968170844131	-70.94326924617742
191	15.424698937948241	-10.538815355774293
192	61.80312846590871	-17.64982793211615
193	90.95379755284154	9.44044457492377
194	70.41147277715304	-61.00502396061397
195	128.3505093046014	-55.688384530286385
196	-65.34992020212044	-76.23956610713573
197	63.49738654140102	-52.31101028759385
198	147.78179758463298	-45.614870631230445
199	111.5426623250565	-73.23860081454451
200	116.60407860970942	-73.72878508831667
201	122.68434645337112	4.654922875517734
202	92.15440391039232	88.26782066539883
203	155.50391555084906	19.13799103337416
204	111.2242289976623	-23.94464783344091
205	105.68675543567605	-4.527650061404062
206	113.7738451946628	55.18658159455772
207	175.93213911399064	16.778002691236807
208	21.635986268825746	-20.571510407792747
209	93.77237828307096	-95.26921222899819
210	57.592452584621206	-52.504759616993695
211	117.09880829089973	-93.34161986804932
212	53.82980266979579	-176.28339044345884
213	64.36519235486512	-187.3683721428358
214	61.46464838241955	-35.35983691138196
215	62.394200501825786	-129.87880646623793
216	120.40406348481562	-79.46325447702883
217	118.04667898750068	-122.6897254209868
218	84.39886261453638	-25.67836256787973
219	64.11721328761793	-80.54123044229317
220	122.54178508161827	-51.49150851844592
221	104.8018192167188	-52.114170446777536
222	106.3283992656521	-73.18760639570102
223	134.40625391889046	-116.55498745875305
224	103.04638572063551	-138.15998828641767
225	66.48379213579	-109.94065060418413
226	77.34582015887302	-66.53022200424353
227	125.37643739900722	-34.12473359757631
228	115.98372923923668	33.1291186466634
229	87.27286437655019	29.842222289040336
230	106.78561463153592	29.943990524102006
231	107.30589140553568	-12.219945826406272
232	124.28331045520582	127.56597235850037
233	162.04371285250429	-78.66929940457521
234	9.348934574696841	147.5710162736715
235	207.1624554634798	-129.90278147844455
236	88.85586398023787	2.317812706813696
237	239.85537304494304	84.42207310688467
238	198.26513875046928	59.337996412316976
239	-4.135590410195647	161.66298299760857
240	109.43061732932176	150.84378600074288
241	20.551195370276986	68.94268755316477
242	92.3433853084821	58.00379169987752
243	106.52357941662864	33.75177083084627
244	-48.46304437476089	-131.45932469704422
245	90.51664471039884	15.129981671979033
246	70.45197593978054	23.04673385238116
247	99.37049484544427	-0.9393223169229072
248	150.9351807404322	-99.55627500388216
249	77.7631351685349	3.68271184500177
250	56.86256916313975	-53.05495806278291
251	-74.75762203397467	-78.26890767300787
252	37.099251555362365	-49.436772181461585
253	112.16087994184517	-7.882535783196166
254	70.08383918232856	-58.24329076812415
255	91.08197884833314	4.3566372084191896
256	49.942429177550636	-38.42565755753364
257	88.73973894568499	-44.219104107073235
258	61.0523232538205	-75.42403632967886
259	-43.7634309069956	-89.54689880174823
260	91.63672188770512	-103.78202477861262
261	44.29810434965967	-99.6473300088916
262	31.833920282101218	-75.2194578135976
263	72.48608735071946	20.930027624719475
264	39.850041698942654	-36.27086001691247
265	74.83703016566014	-41.48450128024646
266	61.508697632392746	-14.759247209792573
267	61.025478126408586	8.831334671314274
268	124.15811784894208	4.65676079587007
269	122.69295925601375	23.52395962790751
270	105.8241992359728	39.146492501043745
271	126.7880051367262	60.97773778903502
272	80.59367085598987	68.52229918473061
273	133.4051104351891	1.1657007299553739
274	131.88785189882907	48.54864230196232
275	113.27938212280647	-27.63084213858596
276	51.79414879080234	-55.471628453506824
277	127.46492574691189	-54.46060713698357
278	94.35056644604833	-10.761335994697827
279	91.8426371401844	34.336114282800686
280	80.87479217537512	-36.00361226160066
281	79.64310812372513	-36.774947144935034
282	74.74426952297614	0.9278395394599381
283	74.70989772787067	32.057678367751286
284	43.617676798421186	-15.84613551446483
285	88.7911572090844	-27.1400711621086
286	81.49669918940923	12.342470125077483
287	78.4075217881729	12.514999967840467
288	94.18908812270489	-32.636131993825785
289	83.30631182501841	-12.325942305976513
290	86.53183371992974	-18.027925608220432
291	95.08060755315766	-31.529546712065958
292	53.30123973080839	-39.270579611077316
293	54.53451135256403	-29.326520669704742
294	90.54172118934282	-9.398833819197943
295	86.27766181314836	-6.2802115186380965
296	47.033114454345515	-33.776198794877594
297	76.102340812198	-40.972976876054794
298	75.22104937531348	-31.56327456267901
299	93.62492570094255	-32.025027613500114
300	11.319174050933723	-61.94326945190679
301	69.91798985278672	-84.82685303180756
302	74.35047377666739	-94.41138569266153
303	48.261029237731385	-63.64371762398463
304	57.085425573455275	-17.58299200504605
305	42.31950464672976	6.214013188190176
306	61.44907212733685	5.912106051713675
307	57.983386742593936	-4.424829917739463
308	77.27716459792342	23.234717105061392
309	84.13185534026503	35.43070156350237
310	85.70708595506612	28.715164040457417
311	46.13865926499814	13.163735988215393
312	101.79876442630271	63.168077304608055
313	118.74857318442236	-13.105548253319661
314	48.81662958518263	62.18975435168636
315	87.89991832559801	67.07906884159691
316	75.47381911437462	11.007837081071628
317	137.6948450962956	24.322783909824913
318	53.88315542357269	5.77290452710538
319	116.55164666637721	15.924987331004699
320	87.13113854988187	64.93625357864741
321	124.15264419760237	51.37733173228711
322	98.41373928851	71.13520975326428
323	112.48099766478711	38.36433398455295
324	56.96108213815749	60.916022064281414
325	112.4226877244289	23.56603270501806
326	112.18637292225313	137.98913210112562
327	88.11522111384005	53.04735709012651
328	97.49640812593623	143.9405820176371
329	42.491145582454344	145.30319417417783
330	87.9865934091921	-37.95645552474622
331	104.97853086077188	-24.2918879174106
332	39.13939098006831	23.63593161384768
333	132.9451250309641	-8.283132429714563
334	125.86664923485566	188.98424732842193
335	125.35841024878695	145.02766216000975
336	105.18325818488235	52.05766475524242
337	138.9798012435164	171.03816083655545
338	110.50649172662233	166.30319086192486
339	111.93745251088065	76.72849193203983
340	118.59656696002865	21.67367968681352
341	105.0937769692574	19.269276081606577
342	-69.24328133561863	58.75684051665579
343	112.0593977210448	167.7372573193667
344	-62.82109434039734	-116.25068516402268
345	104.05610541209795	137.19043840977082
346	74.4029586674111	175.79858086603807
347	-80.3172556604266	119.67749405590777
348	149.87888713030304	-100.37723417999342
349	-128.34704358308144	145.24103426779513
350	124.96020396328558	114.41070498053526
351	108.54891331867596	-121.8342496886099
352	75.58279695801858	148.8296889955896
353	63.78768515920291	-1.4695397071916851
354	92.45359246270598	-37.17100571649698
355	43.348132847781315	-34.315940340537736
356	89.72738760778458	1.0995202486389237
357	44.13737128293215	171.33062249878563
358	122.82566270488385	217.1181206642962
359	36.039230221261846	-0.8958584850767028
360	98.35164927028572	167.6924390050235
361	83.42488474391739	-16.505961081974263
362	82.63192586914931	-16.53772005457841
363	65.11420843753004	14.917920916799002
364	92.80666027388799	18.038432542658796
365	109.13608944883161	39.835701729153655
366	92.8014540235643	115.63632954462597
367	92.48401331844799	115.24865783130178
368	69.20841904168049	65.06314204178601
369	90.17258512216031	25.44048176021865
370	111.80042287532596	-40.34555080117428
371	100.01300904034491	-42.93759142645255
372	65.76497128947577	118.99823293762432
373	107.73561952656381	143.9703688123189
374	108.90016856868766	143.88644580866466
375	122.43689262639087	183.86175534125226
376	113.36714783636755	-0.4343001816152434
377	71.89805604081477	43.42069356271527
378	59.46768427433623	180.43983264505357
379	47.256212798192536	9.040071696892534
380	69.98791460663449	-7.745191006026457
381	93.06951791061083	-49.22651043173715
382	98.01013798164877	-31.603628947253142
383	81.8444042504563	-34.602793569833345
384	61.26340007780875	167.45720724191114
385	43.76430984049685	22.768237910946354
386	84.00211618919658	-33.30764743756178
387	64.56354217502569	-38.688330674879275
388	14.309500215626912	-31.631086917524208
389	79.8710610503587	-65.0298964870361
390	47.75685700263037	-3.4594626168038047
391	23.052266586007036	23.603841447724463
392	78.88565501510776	-52.59443596542147
393	38.28651143513997	-47.576915637144396
394	19.355423606528284	-61.24410421432226
395	17.216228143094963	-39.2200501831357
396	-1.8543046851314204	-37.36136388281176
397	-10.253242286950393	-55.29899395452293
398	21.166276383464446	-63.60387248284306
399	13.51412064533229	-67.5998379699341
400	54.06137318696711	-58.82166637991647
401	40.51992182068158	-63.32156794022711
402	52.05878529382369	-32.452051239220154
403	-5.663425907633716	-55.65116184644973
404	-8.788582714701459	-78.796216810812
405	-2.5892242244180945	-61.95732891409921
406	53.44853163254785	-94.5399902009084
407	-22.529375852960765	-95.0447061447958
408	0.1896156404620125	-45.148347265625326
409	-55.09719352262216	-79.3784972188384
410	63.072811619427256	-68.16801421934531
411	53.61682007506314	-24.27756387736791
412	25.203194436500954	0.6792664056471187
413	36.382052270905746	-72.90889269918063
414	4.501867007917998	-11.259950840171237
415	97.40710065061234	-82.90954856041097
416	16.93180557548805	-68.57997697811084
417	81.38887461700057	32.928140504003586
418	69.67571513663516	-39.55379855014834
419	15.08609318067354	-59.48494347627163
420	70.13964856303595	-62.606436828505004
421	60.15027379345688	-52.81488584703204
422	-7.274217617618212	-33.578477538872306
423	18.474335118742776	-66.34130275209618
424	14.210341012667053	-59.262348001416726
425	73.8863049367302	17.559878424155524
426	105.04338943128475	-72.43522493528289
427	39.69953689555302	-35.49171788357075
428	-91.86661415098506	-87.20836701302753
429	-0.9656092657627542	-20.476000566783085
430	35.58626987912386	55.66765348357105
431	20.777120061648027	-33.500657962267724
432	45.02899978949596	-39.688361086945875
433	32.55312988147843	-10.574227044235965
434	-0.062178614862091974	-30.783716322718117
435	59.688222098761095	-52.014255833805926
436	40.51020829489823	-42.9231083198751
437	22.43550869856059	-47.83214110974794
438	-0.6704565418856656	-89.67914982522807
439	33.804285539622626	-59.76866380139022
440	-26.273602743483846	-81.38785413147424
441	69.3615042733638	3.4170189360114787
442	-1.7212261164408678	-42.90361205680255
443	41.90787494409607	-25.84365363231488
444	38.47664214933394	-12.715474031099307
445	-39.479679825866455	-27.553709812480463
446	69.59542202385487	-27.125871576907667
447	45.136676894528144	10.861137316187616
448	41.373549951808045	7.06663593463812
449	148.61865677075042	14.719605254985986
450	184.9677467313682	179.3720861181344
451	-68.74878603785254	125.95619133884537
452	-103.45132522955468	-35.175765321244185
453	95.01537922571538	-95.56476076424546
454	7.516531909532542	-50.0828782594582
455	-88.12204046018078	-154.72961745301313
456	128.37035254708348	-40.60411726165541
457	-130.31992313641058	-28.65322622477307
458	-90.35394113235411	-10.962388522811308
459	-179.89557723834548	-160.68419741174387
460	-79.76623271238488	-80.56142835192773
461	-23.32651878769942	-93.09072156832734
462	-48.58051602798672	-128.34146435543803
463	11.259108432929235	-75.61133368578606
464	24.147731406222817	-4.609389411399287
465	-20.5263684068687	-89.7516180104229
466	22.932904737151134	-99.45820446534864
467	-33.53371275151387	-80.76349662194474
468	5.76224033631904	-106.15399158974787
469	8.075164355363345	-132.1929277676088
470	-32.439499963527965	-29.132078828325053
471	-8.976415728301557	-131.48742709843688
472	-15.416292144824823	-67.14654082583665
473	10.72077739529048	-40.97272105429706
474	-134.28833375504803	-29.07616555517146
475	-124.28155235872164	-78.37376519500141
476	130.96933818240785	-98.78489440303572
477	15.032720479989074	-102.96667243632847
478	18.215533702677558	-75.81045894188503
479	43.43614213661728	-129.21707896878098
480	38.36095568879272	-79.06289258852162
481	-2.2022882277250275	-53.67466458197205
482	32.66899840162981	-64.85441953570212
483	-134.52940945199842	-25.725764215897964
484	-48.848340013299755	-23.006233596092816
485	-88.75188331446046	-96.99974494562248
486	-89.47330213784186	-81.08801036696264
487	115.7539764403177	-70.65812140720061
488	29.308036141571385	-48.76275057457308
489	-146.5286290572707	-67.32472059486695
490	122.68173202896708	-33.33262655997495
491	9.456055869189644	-172.75342381840716
492	132.29201976126035	95.65703950286785
493	-141.69637819282994	-231.63427467430859
494	-12.280578710606914	43.1495817705018
495	-114.64275050694299	-184.2592470511741
496	-123.8839003983441	-82.45107743696015
497	6.874606920708195	-139.09081132363633
498	-113.23525584638622	-124.77125156313865
499	64.11962866114544	-19.772528269254412
500	135.52859434575657	-8.455094880180633
501	-62.988962579299425	97.85055743271424
502	-41.100491088005064	9.655296568411508
503	7.098607233237887	-63.53322968697459
504	-43.083031875747814	-180.45572355907632
505	-109.20510018788835	-128.39134235862818
506	32.409346496151784	-219.87142273184088
507	-56.78299085016051	-195.70300448934537
508	-42.918482119837485	-67.16338986947999
509	0.598464529261898	-131.6243898922872
510	48.14128885865711	-31.39602321159183
511	50.057041520072204	21.623448508909103
512	-52.459881973473735	-55.46997909379994
513	40.3235765472813	-112.89351808367697
514	86.08823724527477	-112.5842385142807
515	50.66514378293535	-102.23185863995973
516	-56.432118876264376	-105.35241847281677
517	-41.24887115842959	-135.05567386451435
518	-26.333927745478313	-127.09746152214171
519	-39.52502093382546	-116.93953898148233
520	-56.05508880896282	159.98834875268253
521	63.65831051440765	-72.62433939139126
522	78.89812088662283	-123.443182378781
523	40.48792156062987	-104.89263086439937
524	25.60961506668942	-136.4023779559724
525	-28.17156599831543	-94.65408965149543
526	-50.491605814073736	17.404468146191153
527	-53.64230202480859	-103.08975434230784
528	-67.44380180615161	-123.07632200521539
529	-74.64937317743914	-101.63629142760725
530	-58.74086255810026	-135.45919723324286
531	-35.83106965319481	-45.34238136337095
532	-35.788642709805615	15.568726989839924
533	-68.54811495069009	-29.101821343886744
534	88.09868288717007	-91.36433328770866
535	-1.8061942452922082	46.792499771843325
536	-152.60642478833375	-118.37807922186371
537	-28.709068748329255	-95.02667876553512
538	59.76542780056124	-60.76032818848521
539	46.15309078770013	-30.98460106122839
540	20.285001098999953	21.110137720214528
541	37.8870718431143	-20.56197684513592
542	111.92126215163125	-18.69729453303427
543	111.77826121476603	-19.693451003037048
544	58.790992544944835	-16.383419607325493
545	84.39472029878797	-47.96362406664232
546	94.20149731846527	6.817092003735601
547	79.7487234130584	138.66471638910915
548	89.03003570835457	140.29713973716792
549	46.16386892358281	170.0895961085023
550	121.514799956806	-5.475203266082431
551	45.62268463872179	2.2855194660497586
552	37.47821035259183	37.123538045135916
553	170.08074909480746	5.633097067028327
554	173.19610767486125	-11.731164506666666
555	174.5942271755718	25.818542243871462
556	206.70321274809135	-114.93681522588031
557	140.14535890275872	10.179880007847107
558	69.37503728233787	170.61737454510347
559	204.37304192973022	174.24484740641623
560	212.3392066046212	119.41753921418564
561	152.68707999177474	154.8360435998154
562	158.90279875840915	188.72515569394199
563	181.33721923395646	162.57987337384182
564	205.6008417806451	224.86029479424528
565	65.02553854345442	159.73558560487962
566	219.26209788623726	183.60268600830355
567	200.79508457368732	213.2695698120824
568	204.25791763543106	185.86080998297246
569	74.4186799502923	162.06501594895832
570	199.42644300782206	238.71733984012155
571	195.05973376300136	183.77491117629455
572	174.75051615481254	212.7103016925177
573	208.28048630045333	234.63288950141842
574	208.46364920923304	-77.79864295160476
575	250.28655654487036	218.72541601426968
576	238.82634235220937	181.97472947774168
577	197.29195623604528	-10.0287375088067
578	242.08224085376352	252.50278462022482
579	207.98368631207813	218.7346177807819
580	208.6646037293874	-51.28541958175741
581	230.85766241947735	257.65404518279615
582	4.91679444114861	-69.70761239299624
583	248.3063255888503	-45.090249395376176
584	190.37019069490998	175.52140535858996
585	198.50176266795054	-53.72562789494485
586	-39.59546355564362	260.5050916426489
587	274.9931206596733	1.8621503587463053
588	-34.279678997943634	248.91743837829858
589	239.90200796480784	205.60519910424517
590	242.62777103452302	208.7411682535962
591	246.2669997541817	237.28688974161722
592	-17.706366922909424	213.76817870769798
593	235.4525927311219	248.26285158204928
594	230.36858351143218	234.9143615370889
595	200.88186801865658	-22.931881518475592
596	231.6901177343574	203.09778354241047
597	238.2070329743198	-54.95091494265762
598	230.56395800787774	195.59195880809062
599	-25.875549633102253	215.5466789945814
600	224.67453117704082	221.06646386377574
601	255.95550103647818	234.17455382992733
602	241.1717983173117	246.77726934696489
603	234.5936202271267	200.23518926484383
604	-51.24127690141647	258.521604740693
605	228.65454596742973	203.58622249221233
606	222.84577609992837	199.82850395657874
607	260.95684143609907	203.57205553286653
608	-47.67976012595608	235.0259246168028
609	-16.450716906968637	210.38280210558727
610	248.35617664124942	233.9065067350641
611	255.1346938346367	243.55471333116566
612	231.76643396332935	166.1799155957022
613	218.02201772620418	191.69681814884513
614	254.3228825370392	225.40321732422268
615	222.21586657249884	250.72401494441198
616	238.124374708434	217.44811585463032
617	177.02022301143367	107.92201577767626
618	245.56494521604563	181.18367078818397
619	264.6722006965524	200.57630291613566
620	258.8696463971137	130.12790899938474
621	242.18874679696594	202.1232552181355
622	252.3271877613134	198.57900641221218
623	229.73663131604727	188.56320302214192
624	218.04268168340883	231.74740229214453
625	206.17045715927108	199.02957207796004
626	211.9041067838858	199.04759056887093
627	213.83112565619464	234.566210401033
628	227.9725427064376	235.90445201180495
629	-23.520084308244847	209.8869517127545
630	260.5528339409071	197.89862015840706
631	238.59251693374352	246.91106796286755
632	186.42651446157316	213.64059098282817
633	-57.623273154764455	-89.40158708148579
634	209.06138152623242	200.82503306848247
635	216.84900820233145	195.34976093547272
636	208.42875711577597	-79.65678742006385
637	158.86235893781668	218.9746824790301
638	231.90786611457247	167.677515008597
639	216.915690009906	-34.38655708353795
640	-69.75281935413699	-50.94708536242052
641	244.25186807101963	187.94291761042467
642	4.567249736796654	235.92478786246267
643	-46.531537313654866	246.49012371036167
644	-0.3289321000393812	226.45956751344238
645	224.67485548420206	187.06566620739218
646	213.96352892477788	211.6781837512684
647	196.77927494741013	-105.08943932658713
648	250.91674675577062	247.63946913524865
649	207.16083636966945	-93.9715203426763
650	-33.70085351044554	231.84435602284412
651	227.63914074496466	138.54812048877028
652	41.25289544596575	-52.93763757719081
653	203.79461835931312	183.62366071951072
654	190.3464017434301	219.6309366574515
655	35.66361219035891	-74.73391922453534
656	173.4333401129035	223.3890791104763
657	184.41222043594564	-103.76762539158264
658	273.7320016335503	230.25027668164958
659	200.06704202637064	242.91860764663997
660	-24.95895438666227	155.1410143929598
661	139.88841117220306	143.13434698306273
662	216.61592431067876	218.2200331233221
663	235.6131563949667	129.18678113282667
664	194.46229951379152	222.94814646133312
665	-9.456005342582685	171.34175100161633
666	254.7382118476729	142.3901305099895
667	-52.895774661776116	-19.93105900290152
668	-60.74723279964908	85.9174717446108
669	167.5037613926313	120.3733694992892
670	252.47621255022867	67.25625556697365
671	191.4557210874887	133.47704524515058
672	213.15749707433267	207.1532541222352
673	-73.41751074719753	-16.907276603667015
674	242.52197686805226	120.246106756518
675	178.6037280480245	177.72039267664783
676	199.483343198861	-87.0314959941719
677	170.66865868613274	-71.14109477786887
678	-54.164452397580064	96.97787174373396
679	252.46542097759655	150.01663465270417
680	-107.81772366468589	-170.15638572186117
681	156.59342739032732	-44.5315865805659
682	230.37074265510475	-57.18709512015761
683	216.80015048375418	137.45187451654772
684	190.9450331551943	-121.09484992174046
685	98.62013593471687	-64.29186985661413
686	-103.56881586656111	-65.9078204676943
687	-99.64202882423965	-103.89149963951976
688	-83.05016376065849	-92.90195748456117
689	-28.194916562077893	-75.56976330726181
690	209.16635595060296	-111.02993646672526
691	-61.670905110692104	129.26062614537835
692	220.68747997539782	-45.01644127186735
693	158.6803231036139	132.3393451875871
694	201.9578464072402	-64.79352054277041
695	182.2636950106946	155.3740964726631
696	-130.75688143280416	-122.15789282626264
697	143.92093321521284	192.19243080527804
698	174.4414337220149	135.4517562152052
699	235.4764963505551	121.0734083494374
700	-44.47006762693236	-42.82039421338891
701	-47.3889311731042	-82.44048148119889
702	-67.0338278392658	-101.15823806646202
703	169.1460773403629	214.8955361354408
704	-32.14595402885128	148.72021466490142
705	194.77512898988277	-149.99473092896324
706	5.275281403256244	-93.34139178863812
707	143.62847152293244	122.79095205313004
708	199.58662574914365	87.60554456289606
709	-95.7560988170856	178.60406476406166
710	260.1872262711332	178.795294366305
711	106.07606931605173	193.29904402379773
712	-48.308506969517424	-103.64306196773228
713	-38.742977283067084	5.854914213466575
714	174.9297951900498	-102.93691204588193
715	197.33921609186825	170.06894308319482
716	195.62919952245738	-188.63543180625646
717	178.6079437721176	139.37059115195433
718	179.98463475153363	-69.65890660570341
719	161.20311289227357	114.20051757500872
720	37.898500264359505	40.619469469357426
721	-136.9168331642838	12.69124076698072
722	29.236958283822545	60.56162224369686
723	156.61421500522476	116.97594896620713
724	128.62629195673367	-125.5156784886934
725	72.55904335114064	91.13790624902386
726	154.5569224817796	-113.12648628510601
727	107.00181022872384	-137.16810254439585
728	211.3629886588594	123.33593101136915
729	180.26250579244757	-56.61180631113526
730	170.20162280784416	83.97715446433031
731	193.00241454505158	90.65740612599875
732	141.52489517766054	142.33573048756233
733	175.7475663197434	168.7111094472472
734	-72.03739878221037	133.46867065204577
735	175.86714383204918	-74.91483265877704
736	227.33974119034508	137.75498818570492
737	127.06860083047863	100.14732989531016
738	-157.98142776678117	-128.34182131484152
739	253.0723585718083	30.842200342976312
740	168.32928978657324	203.45815062871927
741	129.4607049852376	-146.65634446872255
742	210.36000352431597	177.31685799965481
743	246.6272619386231	142.76660431575627
744	237.79433675024842	-153.53184040773456
745	223.9508424876995	202.24750248203156
746	-3.5596601420539855	197.84078766321798
747	199.57589913543606	149.43084838355773
748	186.26578968335406	215.66770875969075
749	206.31334127721652	205.603471193173
750	192.26098910727686	210.9807458048534
751	24.744330153778776	164.5444237691408
752	187.2660323506801	189.92698231524705
753	100.01004835014504	181.90891070483025
754	107.65907871164254	229.68409759506244
755	145.0131354613835	193.54591386117627
756	235.65748073650462	195.14303522699333
757	198.87070919581927	-120.41437950502939
758	210.7053642377898	181.772191321532
759	196.56743176156945	168.3962412010651
760	186.59000662373577	152.81227736148657
761	204.29467447150714	-27.150821840569463
762	213.63476624983628	214.62294687949242
763	187.5235744849515	189.255835925031
764	214.68387907286555	-77.21698717818194
765	-33.14967049090271	195.7183231179154
766	-33.24525397798554	162.22987871148905
767	166.84931978972645	182.21694947171454
768	189.0508308315446	205.01175523833672
769	207.39403427546722	219.77240874968294
770	207.74433360697827	199.4589868381522
771	255.2013502250544	193.06227367953073
772	260.3222077130471	181.43516532696322
773	-16.8217375169599	259.6183217585935
774	238.2054047666892	164.13937888281447
775	150.8377652860358	90.50799745896488
776	207.75178201492218	235.14488053471246
777	236.47262705872043	185.2428946148745
778	-439.0440875795077	164.9565461367829
779	209.0875737221918	80.14151918718383
780	198.93486917433233	177.42160613847284
781	151.7682615422812	157.69550607961625
782	195.06902339736928	152.0908553029882
783	-23.166453261687252	233.6548453391598
784	174.3345745678593	6.478506609204231
785	-35.51082073554403	-120.19289067427019
786	156.71619763187041	172.26317860285914
787	-78.14391992626018	-228.7416165536973
788	177.8147199995343	-85.48762284776042
789	-68.25747979361071	159.77913815843505
790	108.57881685437789	159.02237524314853
791	135.33920218381473	192.97802760537374
792	123.08577140371919	172.50636918250353
793	189.85279327039393	116.73330526371
794	190.42612932084202	176.5138006880743
795	-72.3294715694845	-72.6317364495224
796	190.448891681748	259.35031800820775
797	-138.94877649141384	194.16178853012926
798	-43.56891643111642	228.8132536606641
799	192.75354012370457	151.04823003021326
800	230.4451286549451	-175.93245146737195
801	143.6756479570443	139.84975085987213
802	-10.751138412058978	205.35524214157888
803	204.79484352891373	-102.83269972564258
804	-71.42990614930186	123.94319407935049
805	-130.76278753446877	157.24929976179385
806	161.491158820441	266.63142508272995
807	171.13035874634025	163.65654177218306
808	204.02034705335555	127.1368137059037
809	249.72036228164745	189.25636559649152
810	-27.9314274087008	-39.931014548634955
811	150.1034302253529	-95.11614289637639
812	6.654689899793198	236.22473473388305
813	225.79079067519012	146.6888009239292
814	238.2950776866769	-91.42089235366566
815	31.195534751155805	166.0476149315713
816	193.13221532044543	191.58734262853133
817	14.74425308230613	17.45250563761485
818	202.07683147209062	172.47280753932597
819	-25.40172962490078	235.81011842270746
820	-109.57294395790237	150.01605208983864
821	-98.09403844004159	-42.6794903251778
822	12.8146131598955	191.3209510627178
823	173.96095944637494	185.62681879827983
824	180.29048553280822	-73.2603793092791
825	21.490953662078766	169.79114741858845
826	224.89010622096836	168.4770113993575
827	99.40090607969773	172.15715599163454
828	6.55903014576127	210.01722394660734
829	279.72606040113664	221.8813444049122
830	269.50010792846655	201.83374140603755
831	214.2234576965365	250.63149000870277
832	239.25034437015233	217.04416841234737
833	250.91477719618612	184.15448564861782
834	-23.129384771479025	245.54179893400877
835	208.08396936099177	228.76752394517652
836	-192.38364913106705	-165.49279067789098
837	161.32232778256343	234.20928450692568
838	8.794604553607911	195.72564457078596
839	124.67060758409716	186.1062057983238
840	131.58894516337372	-51.57995070635839
841	180.14125482954427	196.9641745800375
842	-71.38982198611568	-83.56574432339562
843	180.20716440404206	117.06673890019027
844	212.4340103788048	-65.69152373827274
845	183.6500354882322	-63.11915627460551
846	5.260291295894433	203.09017901556058
847	213.6756685680925	-71.75780179858494
848	-99.03699203815306	193.0477973052619
849	195.04035151117978	-16.81451931871257
850	193.94944279546755	274.5748526129227
851	185.106862432386	135.54340004098827
852	171.0724937549353	120.18798199339787
853	197.99901226606255	266.35827993343514
854	224.26870210950847	195.68005184590731
855	235.14810103892898	196.49590941527134
856	-66.77663407246021	271.89475596386717
857	128.67436301977008	200.57469054337332
858	246.28807561700899	-39.4388596992881
859	-61.845473266891915	205.51899370786896
860	206.71213942699703	216.53696588115852
861	223.74856582999263	211.59489405378474
862	243.0886835665099	161.80071475710835
863	231.88303062551375	158.8709354818037
864	240.87776492503642	219.20785812318465
865	-77.62318067305557	212.0214472124703
866	159.76036979493855	212.5012594150025
867	188.16691625044814	161.40530129846218
868	219.42017030600456	196.90671341945088
869	220.4238123579755	-66.21432750190385
870	233.15015556179912	139.4615733996859
871	203.38331065198352	169.70682949990476
872	216.10235807278428	226.93082336752923
873	9.91847408975704	286.88835666587465
874	216.69100847176168	185.82758302072386
875	260.3119750269629	239.67338835869413
876	229.4466493993057	223.50368844261206
877	208.53045570930556	199.62520748132204
878	238.8854768051369	210.7511783801569
879	234.6994381800605	206.3306573715273
880	193.0456581047455	226.61115025468192
881	255.02265268685818	189.81999340619626
882	237.39380102953527	128.16006907549786
883	208.51976411203233	-87.15831277295247
884	193.28405333276427	181.55449535305323
885	204.87100676307563	247.0833253964249
886	239.3096094334777	200.71317413100866
887	210.07098770150452	-169.65669961503184
888	271.926904121871	188.73852818573084
889	197.8630786289826	185.1078087598919
890	188.6290266024247	215.84993118867985
891	232.1743867892208	242.53743648028774
892	-53.58008026652787	209.4095763038729
893	249.3527611746435	221.94217824789462
894	243.219631557496	188.535705539858
895	226.46948534072996	250.58368727530402
896	133.71313858948037	-14.301015788112736
897	257.1708559628443	275.11961367124616
898	173.51858258395254	211.22184311704865
899	217.25087193190132	185.24204246404696
900	234.8586397481147	231.71222590285035
901	280.9027184408162	-67.51980130546141
902	-4.599243609137488	-35.307823269147406
903	217.58201244106198	198.69624528693896
904	221.90152571158706	214.5317278245877
905	263.971724018326	224.2296534680342
906	183.38893087874513	234.51636160036577
907	107.31331866429261	195.51782577436546
908	234.77311335550183	209.8651920387896
909	220.07995036812454	214.698074040664
910	239.02341334188864	262.5466758254018
911	201.83857611517521	219.6277757974106
912	223.8302147763027	211.52374426953867
913	234.12155070985966	275.22472180594116
914	279.75441949140327	222.73380945264267
915	265.47180307818087	190.79308379248465
916	212.00693760148576	138.1279313494015
917	244.35898027450747	232.04457422353545
918	76.34364843571561	221.90866705976376
919	232.82840293324452	272.91599355937217
920	175.58564257010036	219.14124601462652
921	225.2753582549019	229.10388966897904
922	229.2028750831127	-41.38128288243726
923	217.08224516328983	203.21769075876372
924	30.822922707875477	-71.04449809879296
925	248.26963744069258	168.39644479341683
926	274.80005477903535	193.19610823580163
927	254.14501997626056	201.49433289833036
928	205.4830008408465	248.2131776695713
929	200.41982081102333	223.49487609173536
930	-135.35826417190646	169.68838232111773
931	-39.28821992910416	221.71623779314967
932	111.45635460820037	225.97217746262774
933	216.4599623525437	262.51084624873806
934	270.0598685907101	260.3075193579923
935	233.38106544547048	188.85371080251292
936	162.9695084255419	221.21910153200213
937	250.6295146417269	223.22496777212044
938	208.71262689695084	191.7459511810057
939	226.28613907218852	244.3517492541948
940	210.2185148521142	237.2541298699108
941	224.28823958912463	217.32077579713575
942	249.54614629249085	227.16193105292274
943	224.77349848638406	205.3741696198573
944	257.3350289137554	174.0053482214256
945	251.82883491125062	-26.289529901505716
946	181.99398711791093	189.09985601307926
947	244.79157457753396	259.3646921159193
948	-34.49141579105121	-59.79532862938184
949	206.41127037224493	126.88421595429499
950	272.33654274769424	156.92539625205853
951	-36.91414653931571	277.1491309501091
952	-5.9656346666792786	-76.59151056743899
953	241.48243200318132	257.3038499362271
954	-98.28590042282427	213.78520815368705
955	276.5497248195876	-43.55325321930768
956	179.37589239943534	192.91368846883123
957	228.4686474597067	-46.197163489462184
958	247.7422184014261	205.794607630536
959	-33.822967218188325	-35.60269386546989
960	88.83319595995698	274.04445186457207
961	-6.623581552531164	169.77331928468743
962	221.1433558931921	-21.003281265964176
963	208.42299097143177	224.59692412162977
964	220.90931463192774	221.12024935287576
965	236.43869980237469	276.8781254959164
966	211.09914970827194	273.6995193091635
967	100.02775111720025	-16.75817399383598
968	202.3802840207761	68.6871340364358
969	281.6845680936321	275.28453809723186
970	246.28951923478576	208.90906963812736
971	254.1954837870419	200.47806290928756
972	-18.326940831606393	213.09795812525678
973	218.69508246795357	-48.55968041930076
974	194.13655511191845	224.7801209952168
975	276.81444239834696	40.84845307255361
976	-56.191130643106334	-41.918372011800045
977	254.81405837958067	260.29715455556993
978	-28.288554244013696	257.20012707991964
979	-57.944955046537274	164.44599572190918
980	227.6254485000411	266.0121373460544
981	203.64783912445222	243.21943286658194
982	-33.76497508647657	176.57466125232628
983	-83.11779015958139	208.8761770114403
984	227.35537250166877	226.88667029220667
985	-33.275649598406986	231.89416641694856
986	-22.702053791727508	212.4447554954058
987	213.89064774184936	-52.7929216900245
988	186.3379935519286	197.4683786980022
989	225.87491126852316	218.15464525286396
990	195.9579063629795	-11.83276357611409
991	28.255898633232846	-50.518739352177874
992	284.55291763143	209.2196022948331
993	294.58269408647914	173.23886834765773
994	215.88389432427306	204.24935241925624
995	70.21525929241126	184.82203379517927
996	-119.21293155514728	148.9441575972312
997	256.0687058992345	118.4679051205632
998	-68.01727292732956	168.54163304881212
999	148.96206120104276	181.91661771653287
1000	202.90670411674535	-70.59158233293631
1001	139.9936978605939	205.13749336285701
1002	-46.182068587774	-8.539303767315928
1003	240.18770513451392	-73.20716340421053
1004	-28.287594556865997	-141.38612561261243
1005	-66.68555397616906	151.5338435348751
1006	125.98586060924065	181.74203413661036
1007	-26.905176202930633	233.3102081141386
1008	-56.12848306557436	254.49699348176998
1009	242.9707435546607	-87.42064593590747
1010	9.978100278464211	135.5493933726325
1011	-125.91707363246604	118.43862563806374
1012	-38.68538690762841	67.83963171237436
1013	176.46840904795192	193.7815851031661
1014	100.21630540985127	223.3035170306615
1015	191.0006032591054	-77.25821615002424
1016	104.6926511490251	199.6234112613525
1017	-37.24241846389724	177.60600265616716
1018	-2.53426650824683	181.75981930733712
1019	126.76364617534078	-133.15307396860013
1020	120.45690047032414	184.8767680161025
1021	192.08754348482546	-76.87910118156597
1022	-112.43929344223406	166.97901387354972
1023	249.62240350848515	170.94598779664966
1024	184.8734620681647	181.09118775619697
1025	-48.77873783417213	153.77351424511397
1026	175.05040761192566	235.20694185508682
1027	-64.4643848685888	-19.907942359524256
1028	-77.78163997392424	204.28837732657985
1029	215.0867298370219	177.80721965127617
1030	148.25969842384978	189.11077309451366
1031	159.11149897912242	-54.7208298297472
1032	163.66268491326653	234.70814886551955
1033	204.781618254401	154.38274675359702
1034	175.1559334913702	-37.69221131631974
1035	-70.60709748606268	201.1855509733575
1036	-53.6762924078032	-47.57057426053086
1037	154.97960574783698	129.24668321743496
1038	255.88979468129804	-56.09311799772337
1039	193.93391685987888	-66.89135613561366
1040	219.38817957607193	55.60918268203659
1041	114.42373741973375	171.49112298732507
1042	77.70910154542244	-21.440556704105916
1043	268.8622552205877	191.4939510030972
1044	-105.51909158709057	276.3917814050495
1045	-263.86113786538493	-272.60477188506593
1046	154.06648595269627	238.61125703504177
1047	-112.01003416399253	-356.1379600416443
1048	-26.455879441878736	176.85990735094265
1049	174.60040621777745	192.24050676627718
1050	177.30157388606438	-143.625278520162
1051	145.2920973599758	120.54256761583953
1052	-14.530877219284207	117.21203670540679
1053	237.09539067575707	-169.73350354527076
1054	170.2595912664432	162.04417816821632
1055	144.4488953479797	-83.92485838227736
1056	-253.51221867211208	25.922837821741425
1057	-191.0184059200683	-76.03356969910558
1058	209.06691068667828	138.13520549210924
1059	-57.27926570535515	165.98915285447362
1060	-46.57096208354095	-84.05226991689473
1061	64.18285362145718	-230.98040769701194
1062	8.839812354759335	-248.60431372327574
1063	159.89932956821636	-24.765411864047906
1064	166.94981368061252	155.14715705090256
1065	-32.83110683910253	76.80952708670392
1066	-34.239124401250024	163.94939877278068
1067	158.23100203980502	-142.12362371848843
1068	175.8433887308208	150.7411860165265
1069	-103.51949681787814	-106.90710551505694
1070	161.52343098968203	-102.75038769784231
1071	-106.20441123442899	116.90071599167055
1072	210.6280804511395	127.58264879211978
1073	225.5720865722352	186.81719830145823
1074	-44.67378042591267	-92.91878489655524
1075	58.562408110070464	170.76984935175153
1076	156.78689206678092	26.321052095427603
1077	170.35157957896453	150.22668809217447
1078	191.1324918206099	-85.02116854820281
1079	190.7826830527325	154.7925207917047
1080	185.24413816736492	194.82866706411653
1081	152.34539408900352	138.39572212024186
1082	127.26374175305475	156.4161657122569
1083	-552.4563674134815	-21.922498322273256
1084	-76.52483053480056	-66.55106886890601
1085	-189.16763859417358	210.52328583955935
1086	176.9582810462653	135.58382022860434
1087	197.93182040384417	153.34920454885827
1088	-98.00454219992058	-64.33439026074919
1089	232.90059737154945	173.4781436383216
1090	159.85894940810675	172.25567167017465
1091	-11.47314371526386	170.17498997284184
1092	14.974362394184865	32.23576806195946
1093	181.09263023562775	150.61840927334993
1094	203.07967196728322	157.11017217417808
1095	281.1333672181506	175.65815397700942
1096	213.84362894045975	144.8171192629683
1097	-33.55851121036099	-69.90442360480891
1098	204.32583951382895	-71.75302482197148
1099	-11.251475567070074	164.24362673795326
1100	147.7920776404594	174.2786671454653
1101	192.73156971105203	-175.01269681249286
1102	32.275409895176	-354.28604622252783
1103	177.2238595855107	-38.008043462212385
1104	219.0243626408768	-95.92551830465385
1105	-40.25067674211235	-129.21798626855679
1106	-56.20982210410487	-149.8875180410026
1107	-4.863305810529539	163.94240763488565
1108	180.08744399027168	-81.94707163093967
1109	-47.87669697795279	138.48956356125234
1110	254.7125435682314	160.468690435336
1111	235.94448892741616	235.66393489751644
1112	-36.598378389535796	126.05181814294708
1113	230.6192922019167	206.01813782016154
1114	186.6815231079134	-67.15069056462781
1115	223.61390092951666	155.95548713513708
1116	154.62342686325286	207.53638360955168
1117	213.86947558532216	165.85144698504737
1118	160.48715262827625	-45.16414894715675
1119	218.15477211661664	246.76708975465016
1120	195.15949361373833	180.790355023437
1121	207.05483558946946	224.90508441199657
1122	236.6646819926433	169.71070148433103
1123	245.02124852034578	189.57135441076804
1124	210.27098104801345	240.36552969175852
1125	-72.06731890916791	208.35597909449453
1126	180.66164268700578	-61.51642746626224
1127	204.14528105839224	-90.84043147983724
1128	198.66876855897024	173.60761861197676
1129	212.43186977276048	193.364494849173
1130	2.631877599491915	192.75817994664908
1131	227.4269095735881	269.2957533339809
1132	214.87524208436508	124.6429400155219
1133	145.30733279206854	-63.81908180265412
1134	223.55652896311568	196.4033961954289
1135	7.063246107905854	200.06782106380257
1136	221.8928640595467	190.8472167238005
1137	149.94673895141517	216.4095669097126
1138	160.70410816826612	218.45027966590277
1139	228.92362621309638	207.66852602195098
1140	203.74036688609272	237.56546182085253
1141	213.07341386646232	-52.41596702427849
1142	233.91990138682687	209.82544250966583
1143	218.89213721807164	204.40216109610415
1144	247.06846121255666	229.71743716271095
1145	-13.560294229336563	184.6286177683193
1146	223.6894907220901	207.2502171751001
1147	283.1934782570231	220.6757608535985
1148	238.7529835178412	214.3448597778917
1149	238.30289228762666	191.25123548280976
1150	154.46720704672023	225.71229257074577
1151	233.79475482844208	225.80381814073309
1152	242.60261977301616	208.4276878651629
1153	220.30040329390522	220.57311089805313
1154	169.62857399099138	165.30833072721958
1155	269.86043737023783	244.52382342728427
1156	191.49704476282767	238.21047913265502
1157	241.01650628213665	-14.591535686923365
1158	253.52726533587173	-30.065902167830473
1159	247.38758531505385	210.75195114995066
1160	253.13679208038127	237.34566980301952
1161	233.4939520328302	218.27534750060119
1162	232.38235984572978	183.2164629174448
1163	259.78517369330194	211.3073326516369
1164	212.92416713702227	-188.1033942159101
1165	223.87634179169385	188.98010857654208
1166	-25.410507469518222	130.54656989688698
1167	219.97637264017496	254.9104447286587
1168	-44.467783053003714	187.59624092728842
1169	215.9882801700157	241.8452174805391
1170	224.86526982662068	235.65094929668786
1171	228.37298133710743	232.28741046984015
1172	255.45630434630993	220.07945194392443
1173	240.20758690807003	179.42393506661
1174	195.9425178227517	226.21007786221358
1175	210.7551395026495	233.90065339002888
1176	249.9175397849972	261.0504843658612
1177	168.6703408392724	256.7661657349268
1178	256.9966832985293	243.71130530059042
1179	217.8757082839934	-8.848323618420693
1180	253.70073147496328	273.5900636978904
1181	256.24960016352907	217.46252921407722
1182	231.14325263376355	216.2675029899009
1183	238.26714113176723	231.06699208127918
1184	7.240778976166425	223.61771836745805
1185	281.8835157318157	215.31982655546983
1186	204.67762575236284	229.85162938839593
1187	264.866481858322	236.82288188012188
1188	232.57919302009364	218.97516789135085
1189	-25.70933040033367	215.38891006741636
1190	235.64219131644307	-41.42747827747063
1191	236.0282402281011	210.55070899102833
1192	170.42079549627982	187.19525861583566
1193	204.65504705405266	177.0435750741393
1194	177.15191323953246	220.27601229589874
1195	203.84265552869834	92.63918716406408
1196	265.57094777433025	251.75111084681026
1197	258.2038867165491	219.13885035971373
1198	221.38016523874379	236.90663670379826
1199	211.00377890356395	110.64422283723802
1200	275.7111397199628	212.41940424184878
1201	240.55355361068072	175.6560508780188
1202	213.6193996515112	243.176887267016
1203	265.2809657791205	40.42951739560512
1204	270.49714562808686	221.37109790336663
1205	126.59432852791765	196.3596448343419
1206	227.536382235882	211.7645574953903
1207	214.65130754102762	234.96250890522575
1208	244.57834030711984	267.19778766393847
1209	234.79732982020056	236.69872575382888
1210	247.31213032502316	252.90636528102547
1211	229.6599584590176	240.99974994440007
1212	272.04492817188316	259.9573791418503
1213	278.44833030605577	248.7705577536792
1214	233.4915748055809	213.8040767094476
1215	261.61806500021	235.21960516892997
1216	297.1097521719124	232.78843130228415
1217	251.62594982444529	225.32915036754648
1218	223.4142291723728	15.091141701559081
1219	206.82771681317524	237.36924620902357
1220	252.79083528393258	247.5801887511682
1221	255.88476970485644	250.35460746746472
1222	246.27515917278072	235.69908092486958
1223	254.08097781181306	228.32998917975138
1224	247.0222221241916	247.6670353548346
1225	271.5548955557339	246.197684856713
1226	260.1091233775204	264.86011116107215
1227	245.65846816281638	240.2772611714905
1228	260.0217696757166	265.1768518572293
1229	244.10053697416333	260.9861708264099
1230	211.2724438107569	209.29485822872925
1231	268.3678347884096	214.84160107895838
1232	225.6310526196092	239.0052012383185
1233	222.79882031601463	267.04510981247756
