Environment: LunarLander-v2
Agent: A2C
Experiment: gravity_experiment
Parameter: Gravity = -1
Time Taken: 2414.7269608974457 seconds
Episodes: 2000 episodes
Max Episodes: 2000 episodes
Reward threshold: None
Episode	Train Reward	Test Reward
1	-369.34223983009366	-489.75187209752374
2	-104.83442397314361	-504.02275052843373
3	-113.51192844894288	-647.7908545343698
4	-118.15842334399697	-383.3673981892143
5	-332.28521558842635	-836.3120712436264
6	-121.73862087614515	-497.8667585978151
7	-192.92106479904487	-454.2024785592293
8	-115.34169609187515	-531.9697724341368
9	-118.74829882312542	-971.3083558756758
10	-131.7492144780352	-458.27439002840936
11	-487.8361279078269	-511.92619649179284
12	-237.2767951097781	-507.86948102084284
13	-72.67094179073347	-571.9891861136139
14	-74.92323500603557	-814.9270155280981
15	-163.89392426594668	-438.38979040829327
16	-105.27399678653872	-447.6099686849033
17	-206.91569242930817	-431.47373988081955
18	-492.7963425005459	-322.6925350632537
19	-255.65057184481165	-333.36493080042464
20	-90.97231692403156	-578.1757102625654
21	-171.06329960816944	-763.7849133759913
22	-213.67967483575666	-561.9863203176499
23	-152.40002485998116	-932.7887440304243
24	-87.88405463480956	-914.5266238727086
25	-44.976644277061396	-1686.3800051632068
26	-227.04039426489229	-649.3020727744911
27	-203.5737359407306	-473.0791264756826
28	-79.63764893952515	-1682.0261165062045
29	-98.63742345529326	-573.3434630221362
30	-218.8214546025224	-404.14183494028407
31	-272.0430718183868	-1886.7222132835254
32	-274.47253413569035	-950.8865775396001
33	-163.8179782422552	-1093.548322291954
34	-138.11225194057027	-466.6580452918451
35	-150.09373522991942	-1564.147157267336
36	-78.29675325690835	-1366.3803704449374
37	-201.71600851292231	-850.7456957859728
38	-109.94089001822748	-817.6772568569195
39	-174.50293819824344	-1030.9341119820854
40	-80.50907662562287	-936.7454513329934
41	-164.71598163693446	-1356.5237429072288
42	-314.685390483271	-558.8742285499053
43	-60.14979498524822	-906.1479925714058
44	-98.76427219201634	-1083.4728720086323
45	-75.12926161008444	-1175.535359135279
46	-80.16360336227262	-1106.9478848482581
47	-156.44120632943688	-931.4044344221851
48	-120.28063505829104	-979.3406972921857
49	-122.37207388413628	-719.6289895473974
50	-101.77799584552474	-269.7304177343663
51	-102.53063734848286	-260.5105801367083
52	-129.46758120065653	-279.3249800447361
53	-94.74716705744137	22.47136657259928
54	-117.32128166495775	-60.832520099882046
55	-112.38273916096888	-38.38491328015549
56	-206.57419051092572	-200.35035023678483
57	-181.7683310863984	2.465399449631761
58	-154.53288818370964	-384.3059677331727
59	-132.1561946429755	-1.6506975874539904
60	-75.27811162197722	55.5039931758796
61	-106.7378787990453	-228.81368693886577
62	-95.08349021991431	-48.328081644483774
63	17.022443238523977	-188.86328182452405
64	-67.61188513713046	-245.39079542000837
65	-81.8988330865312	65.73194960685242
66	-108.6014720460949	-236.568132782207
67	-86.69762366416899	-276.6560461167578
68	-90.7833194815483	-217.85813148939476
69	-43.5948035802472	-44.603189042590884
70	-134.674478915289	-88.886106651308
71	-154.21408096164026	-353.4497433053013
72	-68.8081697053563	-442.41244075732766
73	-283.49382217834363	-489.03044783734094
74	-129.77488703133093	-479.03371451288575
75	-50.36184018171973	-637.0895601869589
76	-110.19483482961648	-645.1853982493304
77	-162.9671603814346	-439.7005642174568
78	-26.45496899735437	-592.2808532120255
79	-144.15207141384872	-478.20814465699567
80	-58.56120593014705	-619.5812614411668
81	-6.152027863219388	-442.9967387331056
82	-128.3172068133403	-514.6696221057856
83	-98.82282222590761	-420.742434894941
84	-89.86165906923048	-674.4704022274722
85	-80.63543444630386	-763.6304776246327
86	-132.36925817176007	-621.3427492976305
87	-130.47265189920236	-722.8231960205165
88	-118.34710097956997	-1398.4176224684666
89	-104.40684376566155	-1029.398096607782
90	-62.73231626500895	-924.1737156916496
91	-76.5608993865592	-667.5921431401518
92	-202.11316749770793	-1160.8740124759875
93	-119.07739862828899	-2696.5105905476107
94	-267.9557807329652	-1999.2923483114432
95	-127.26267604560398	-832.1503466486115
96	-259.0268576255372	-2606.516471022832
97	-151.6770262123485	-1404.4446241869753
98	-219.12762784310877	-257.2623513128027
99	-436.6604659970412	-923.3736919036139
100	-267.56225400447227	-2762.2500902735515
101	-206.86816159056087	-2181.373843312601
102	-29.784309307089927	-1626.7465156553762
103	-318.0538701955802	-1256.6848408470175
104	-322.70982090064626	-996.1052166376217
105	0.08843493720802087	-1728.4048377229835
106	-246.29819464893933	-1402.7614682758797
107	-313.27278801614483	-627.4012290870037
108	-207.1264286584046	-1211.8567123488717
109	-34.76598509711877	-1084.4698048700252
110	-132.67516137974894	-977.5725111636218
111	-331.54321921585614	-629.8658867560023
112	-67.09730116728309	-670.265018253717
113	-117.06347191467792	-441.9890633748797
114	-80.1289535675211	-481.72231417442254
115	-91.56102905453484	-480.26725567988694
116	11.15320457195885	-471.31294263799145
117	-144.68797900308883	-374.5766556771655
118	-192.1303012842344	-457.18503737759283
119	-40.130347540739045	-260.22974437518474
120	-27.082811394091067	-457.5732105548785
121	-84.91429822927253	-496.13531865520116
122	-240.265273649749	-536.897740470265
123	-77.69093784923695	-590.6995546630624
124	-82.43342347678657	-518.7819882696417
125	-192.63627949487912	-600.7821568532465
126	-316.4727097663016	-614.9137453987977
127	-97.3096977248148	-630.8539909830587
128	-202.48850082748334	-479.41739763670864
129	-32.42139235211596	-504.4186380740116
130	-152.6969625017132	-456.92697449785965
131	-165.36231558142453	-434.5127624010442
132	-134.19235144391757	-509.1540662247047
133	-40.480405825438226	-438.8259336738693
134	-57.87156954239631	-522.7116495242689
135	-187.52809735594315	-563.0627226942545
136	-171.25225690347173	-645.0768994814681
137	-249.11616615140917	-666.8561154652189
138	-53.76821105235101	-563.1413994962261
139	-54.449139468393255	-700.1153236668508
140	-219.51309375089733	-695.7429256283257
141	-52.202352557598104	-475.99953791523495
142	-187.71893240840086	-585.3906203867416
143	-53.49955553267871	-460.7304765472806
144	-310.86685731149146	-528.4795985697232
145	-150.26093231576877	-573.9266059518714
146	-95.44530852860531	-512.687344777598
147	-210.15852913191296	-425.6962003724912
148	-223.46740421632154	-709.1732363255815
149	-86.37817909024406	-855.4018496332237
150	-38.02770509268983	-799.7382043659308
151	-87.03685570028176	-1206.4688979912091
152	16.319460432736193	-1589.0859712485114
153	-82.73958479969613	-2642.1426317554888
154	-64.49612453254665	-1369.968377376558
155	-33.116615561460804	-256.84773466971495
156	-130.74537151742965	-2033.102411449325
157	-112.37131507735573	-866.4645580867743
158	-135.01235735643291	-1128.00582381126
159	-8.365363608037129	-470.2308476387549
160	-333.4712474597838	-915.8606043397293
161	-21.462878126082416	-871.370500073924
162	40.72534401379073	-870.0305319249412
163	-61.0121584268247	-503.744896687029
164	-32.78715002639521	-583.5737313365863
165	-62.17387192003619	-523.3021663422915
166	-0.5828278232023507	-619.9089630664703
167	-240.11127430405577	-554.9272247263783
168	-134.26711737692546	-289.9526032893715
169	-59.925989219001366	-476.43908318992214
170	-121.39982020094641	-476.1373948190722
171	-94.76507567194437	-386.39388566660705
172	-18.101305219165965	-521.2979408354006
173	-63.88709422952249	-352.5895047791296
174	-342.012189819749	-595.6875111349834
175	-325.38500306473327	-935.6883139552116
176	-49.12806905837752	-921.7431379351365
177	-31.9431997242687	-1265.0142115876895
178	-213.86135698561583	-1212.047612067065
179	-15.327764823369534	-1205.3776621417326
180	-234.5782060568724	-1509.5452888393922
181	-209.04090654534295	-1302.426223178409
182	-157.44011368086223	-1221.9440659206416
183	-289.354068658576	-2244.1211479083327
184	-135.78780727842218	-655.4916814073022
185	-132.24856924874348	-2548.965039243912
186	-101.95691878812906	-559.812468442804
187	-130.20838494427963	-2402.2299938911237
188	-313.09495856314265	-1620.083739451176
189	-100.29128038899478	-1497.4197185715927
190	-241.67595206756653	-1194.9748701362332
191	-62.74491262570319	-1232.4019883930305
192	-198.74953978515106	-1040.5961772043918
193	8.370710311258378	-601.0005678561145
194	18.986228340503587	-591.4947370630684
195	46.667779574145726	-422.7577521449943
196	-5.656469417747701	-473.4872426846583
197	-145.44081175317652	-461.580525105086
198	28.811190292281054	-453.4366136005801
199	-219.08944499056204	-270.2352184939091
200	-22.5249094454542	-320.37858711490856
201	72.88260949322407	-226.69303188649997
202	1.9882137583158652	-334.3352956547317
203	-33.69274750049108	-320.11184434696554
204	-187.94096423046966	-218.5664017031592
205	6.940388666463548	-314.87391988861657
206	-33.99648032539194	-269.92448591452006
207	-10.440186986279983	-300.66403452850136
208	-5.871372117394259	-196.51292240260028
209	-14.66035035396871	-205.0461313723198
210	12.644872275041848	-212.65223263570684
211	-15.205368849094725	-173.98132700093134
212	14.78897604937437	-164.97492410036045
213	-10.739648526115872	-204.70736296711306
214	-3.2026444543763546	-165.2158367311552
215	15.542175495349388	-207.28504838423692
216	17.24110790826984	-160.77942620854404
217	-12.58907476479412	-181.27300418122724
218	-175.46207304123365	-235.6256586010984
219	-11.762073056774241	-176.16234068283651
220	-99.86796358794601	-278.7939674521494
221	21.477970824678977	-298.2083885259856
222	47.14026632901354	-303.9630949271985
223	-79.30912887391355	-191.31350393334498
224	13.845926439012672	-209.61315233600038
225	19.891374404887443	-205.7030580046468
226	-171.020677426027	-300.4037520483896
227	-0.5366428254678854	-184.84713178641158
228	-43.204218311542704	-240.10648197433503
229	-10.594358249332572	-196.08206200418874
230	19.559559527231876	-258.68271770262027
231	-21.34556546238676	-222.34587693265794
232	-80.28737093433547	-268.1986012010459
233	-29.365334668644422	-221.10916042907883
234	-52.6128595523557	-234.01081338848425
235	-53.36057832087235	-248.25668297104042
236	-33.15239915170109	-304.1021470396202
237	-6.362136773967464	-189.9506460105679
238	-63.48130047381215	-248.9492573729057
239	-53.50858151152315	-344.166724765986
240	2.0681524841074577	-314.16083491498676
241	29.828145200190733	-399.32253960273664
242	-12.01642135943655	-520.8480900974737
243	-80.07055964403222	-538.0873090269532
244	-46.5018690754391	-531.3117424252284
245	19.124316616298557	-607.4103387060173
246	-141.0845822495929	-278.9375248977541
247	40.67703756256631	-212.77527801500935
248	-16.97948227796188	-460.1946242779434
249	-176.92780882648958	-379.1186943658833
250	-157.26802451466574	-628.5230034382414
251	-112.84414693252207	-631.7717492996463
252	-31.66875211374075	-756.1617328923265
253	-164.35047687381308	-468.638633896958
254	-95.73413900946825	-912.6908946760974
255	63.17956389162008	-405.16077186474695
256	-5.309521285014895	-446.13719433254676
257	-21.10158741401642	-352.5563785826325
258	20.702531032745547	-412.2867154509405
259	-23.808821710234724	-376.00108051696543
260	-29.577925053083238	-379.5661359688063
261	72.36887015376709	-334.72382873817753
262	-65.32235898738332	-346.5969833147152
263	-75.42931682710206	-275.15818050562524
264	-139.4081891190934	-327.22001033106096
265	-96.78892517331099	-223.4847385600942
266	29.426460457889306	-236.32498740954526
267	102.1454715817042	-227.6173602602651
268	98.04953115638435	-331.544767898532
269	19.53271189445487	-325.3790260233917
270	57.575968105357724	-245.77439640936888
271	55.36832210252638	-330.7758860475859
272	-2.130792389382634	-352.6657475832536
273	1.3318574338391755	-335.74710396821814
274	-35.44799999256335	-313.92458290799846
275	-11.561371561713457	-332.1478495426743
276	1.1160670338806256	-321.51264589897505
277	25.54247861540211	-336.20209591517124
278	8.316883393775527	-245.44974424100596
279	102.53378172663409	-336.77871094062175
280	86.08491440842188	-311.85694239588497
281	12.510376447732241	-322.1363356729236
282	19.112228679794473	-276.34656048756034
283	68.43906592143439	-216.42567085241467
284	14.166431119290209	-281.4522734186943
285	30.898328457665457	-266.887231207152
286	-4.345386627335898	-289.0862845350299
287	-8.086847976297634	-243.99676549623103
288	-34.94321744827057	-240.82672721403603
289	17.47352090343891	-208.1249686781075
290	11.939054586643792	-238.8155793228768
291	14.465290048977494	-297.0492383624339
292	-187.12947399933557	-291.4383691264536
293	4.688718880497589	-249.64052580007984
294	-23.97638564331436	-294.499577249158
295	-17.720977885475662	-303.33857748578095
296	-14.557747938753806	-306.28952447794677
297	1.730226805505339	-284.76233374406524
298	-19.15384837480147	-281.3344844583986
299	104.85183322178312	-237.16189353456056
300	44.05280878213706	-343.03627849790104
301	-210.03786660510295	-366.7460360628938
302	-75.87995900511163	-322.3768473009525
303	55.07902238004736	-364.1696466656357
304	87.31887466177588	-352.1257258529932
305	80.64286160676741	-210.2322761063654
306	117.74329081445508	-153.1566752191725
307	212.64265656539942	-146.84591904323543
308	30.518522773294592	-134.55871083325755
309	8.689412111144875	-101.33119823875765
310	27.888501647660377	-66.58253545864932
311	12.902209630920112	-121.83773411912199
312	32.174656900981205	-206.82395963291543
313	-175.18794815844632	-67.63121461809605
314	27.48494628056534	-217.9335552692258
315	29.273678875144725	-143.87651434245424
316	13.833243770710581	-188.46991488269325
317	8.60815446755987	-146.84861020980645
318	-52.42137336701526	-194.59332813505034
319	-147.2657858952354	-197.85478155743718
320	49.62425472518427	102.60485402163457
321	231.53491770389624	-224.9914983009552
322	-47.36628847861061	-242.4152448092219
323	17.502265820060487	-182.37252306241328
324	-23.598644712814007	-94.67170218608683
325	36.289799663516874	-88.41700502808536
326	-4.631294754641516	-95.04191199405585
327	1.8589886591137912	-215.55024122850875
328	11.212245661335814	-84.44001147447344
329	29.5310775031364	-136.06818394686013
330	-16.09680891302291	-70.20609392021562
331	220.43914156474125	-122.23404108485336
332	-52.39176729012409	-82.87014054063339
333	72.03688358942202	-102.6481016519973
334	25.340152242210465	-66.74533445040475
335	179.08946656220758	-101.25565161980983
336	-107.3145196178034	-72.1996965484065
337	52.492039578486356	-106.89620525737604
338	-43.85470751890766	-104.01692528241318
339	-13.063319532277902	-101.30509239960776
340	-252.09051339159208	-110.0575394703387
341	-80.47539947736176	-112.93063910152676
342	-2.6892356668361828	-137.77696437168555
343	34.503775665538285	-170.63593898294857
344	-172.99379191464095	-193.65588032664044
345	0.2771506739590186	-168.0221831366038
346	-49.75533526657084	-239.85020954225416
347	-230.80751358931184	-281.59740776375247
348	-215.47933181790722	-291.9532409615895
349	-72.88491479292829	-229.06750374518376
350	-301.9788293305123	-269.9065063537299
351	-63.788629605081766	-253.5966941006019
352	-29.764056065384626	-209.198534655755
353	-111.90319919532989	-279.5315657671765
354	-43.696445961223844	-193.44909998525827
355	-51.93183063228514	-330.00206984895937
356	38.173477089264786	-192.28338404077886
357	117.52549242414761	-163.20386935411156
358	167.51393315379033	-150.7364741528721
359	146.6179301140923	-112.6141833710156
360	252.51656838537664	-75.78070568510655
361	-107.57892787555751	-123.70339109269493
362	-48.503749355959044	-98.5325755831854
363	170.2928054765576	-149.8069313499901
364	159.08272745712944	-118.59693119334392
365	-44.99946962869911	-88.09298812656037
366	181.47789825085908	-148.803905495689
367	256.9727303990609	-109.77426106874616
368	160.55920606101083	-151.1921394762429
369	-71.9319270363392	-123.01511202242874
370	-40.60723676825245	-153.26809148111758
371	182.22995171432137	-139.7874389794847
372	140.90421774474717	-156.44600815500942
373	-83.33993169646861	-137.88025225820337
374	158.83395918109335	-189.95518954735394
375	-181.6229840013695	-150.76556053002534
376	-53.89279739011184	-229.08610374103216
377	-189.09640433715475	-172.94398620041395
378	-91.65363193890155	-289.0336432636866
379	-66.0737599421376	-231.15735662994214
380	-236.4615771511702	-154.72435486692467
381	17.55546028679793	-197.28074709081662
382	-158.4022546418799	-177.75757233906674
383	-46.537952107208866	-132.88304423913814
384	-132.60227733021614	-167.3130116738092
385	-6.401324107867953	-147.892464073442
386	-22.928499830109914	-124.5935457450816
387	171.02843558683338	-156.61959619995528
388	25.536146046217585	-145.4365601435261
389	-45.72665642595134	-135.11656089919992
390	42.91658775682296	-147.89494461645546
391	220.3489307553097	-144.20162176235834
392	43.05080290244237	-124.17885383722309
393	185.5988910312837	-118.77623620545637
394	53.72251990252478	-51.65381065189335
395	-14.74597961642745	-89.50327983201495
396	56.05385602025578	-63.72049784944841
397	44.21987903473634	-89.39584324569643
398	-15.773738499179089	-51.67975010794163
399	27.461702632027936	-49.89647449325572
400	61.2362184214235	-50.48056483585867
401	27.52571791397917	-26.425310032129342
402	2.267062866671978	-80.0885359965045
403	-123.02716176649702	-36.25225153253088
404	258.4260128588769	-44.39204639449413
405	19.582979636523618	-44.2702831169123
406	-3.087898192863875	-32.64583320301634
407	19.44668463121853	-41.26572882644003
408	42.15054435547651	-1.7749893130208418
409	141.45489477391845	-6.943302634342295
410	16.24640596270916	-47.54313802788765
411	206.06039693230505	-16.89699068059108
412	250.42645065342873	-82.92358258214671
413	10.601267830352086	-34.875717394891005
414	214.55204365988624	-29.744670722002773
415	224.30412716647572	-20.148397539615125
416	22.53394679568391	-42.18579190919365
417	285.36714090491455	2.8407898946274583
418	-192.85748797797623	-33.771211756427824
419	28.22133256312236	-14.151829688533534
420	117.78534246517616	-10.36446366639119
421	130.93167483235268	-41.38742181140362
422	241.12890252409505	-84.65148181572789
423	62.75063646202892	-110.23829371771583
424	278.09211357834164	-82.25505071294909
425	236.66517314304554	-96.95679603960637
426	125.6161621854339	-119.72616185321571
427	235.02003684456085	-66.35256324565549
428	-35.883329361824025	-63.9737586226325
429	129.7220832842154	-105.12039600610593
430	181.98045521522096	-84.75943611547133
431	-42.84767072057066	-97.00210592052369
432	-24.969740501621814	-104.03659491503767
433	-176.35436023483766	-113.30880800113613
434	228.12215803779355	-98.8625767410901
435	116.82946631420674	-100.55664622753099
436	155.7953022867468	-94.43359807796963
437	202.93388281470882	-168.23360041292594
438	128.97659272052422	-168.82269201437893
439	211.73322170595335	-160.35852402812347
440	159.1557622016364	-133.565298784824
441	-52.90824827143962	-164.44580259372535
442	180.30783730211405	-121.49171110303693
443	-179.67041295955238	-132.43321231770423
444	-137.88250031437576	-80.53999984804683
445	-63.02796500645584	-132.71193380505318
446	-97.99971759846709	-76.27412650183997
447	-54.77408347183244	-91.6628663292244
448	-67.43573984502711	-98.77060480213922
449	22.111957309447178	-70.4604417321048
450	-20.66900075387703	-38.10303562467636
451	209.16475243852778	-45.538926163296054
452	211.83754957729604	-29.668821439093424
453	-169.95499410477908	-13.286677193922824
454	229.64388853696158	2.402696836546009
455	15.419033055683798	-140.69807746902038
456	-130.24223391746878	-168.56786245919864
457	110.41265909922821	-124.213804397562
458	28.47309818655222	136.30649853140415
459	167.0153852072492	-84.1004012929915
460	-141.06825743868043	114.86710765949663
461	-58.13235897714511	161.3180903749699
462	-6.206194493292756	111.71995660491636
463	-1.9176741159179898	116.31383759791566
464	52.45250728258469	-80.93550795668841
465	17.952702168214728	144.42021351894311
466	21.730094516866686	193.95724365606134
467	19.79640035365395	209.24860848420022
468	32.0807320711705	59.05329073640796
469	244.2340718278668	159.45770899868003
470	141.90256219389698	-27.165894334294197
471	268.3806789421951	143.80384581632012
472	21.56190043310896	93.45506566652644
473	186.17340861487227	26.564733335028865
474	45.89776118295305	8.182977855379313
475	20.955984274903855	-34.675884602455156
476	-114.75470845891925	-5.850768624834249
477	213.8633743262864	-54.88765836089386
478	11.382801042001404	-38.653875751781214
479	8.186125595184507	-6.917768604638555
480	233.3129956329483	0.6702556065556258
481	231.57623728636295	-22.764943605233025
482	132.92050736075964	25.4048736035261
483	62.56367632662412	17.645280767657287
484	176.98837216050626	7.796704824506824
485	209.9175461743912	10.081911000423121
486	116.34908236148024	4.8368957367448715
487	34.009582174178064	-0.7413808385496359
488	162.59735968185072	-0.522337070709693
489	41.844775469745684	109.01262986662273
490	30.539424839348584	-0.8826151403351254
491	255.54095465485776	-144.58565876916833
492	198.9454455137124	-10.162120257084847
493	52.20295901122893	-11.046901653933638
494	2.294251045678635	-148.58369357053357
495	-41.6047169633156	12.055601600311322
496	-118.74547413958211	-18.85380456844834
497	102.83283008118812	-37.201702111602614
498	-242.4429932399267	-19.755198415107134
499	215.962658662035	-42.604746650981184
500	-146.00851054713638	-0.4639408695115488
501	-30.93259758030895	-26.549590937822646
502	191.5203000862445	-36.487582265126065
503	-82.5424988228147	-22.17174654604411
504	138.56659097485868	-100.96149171226884
505	245.40542131732957	-78.11105157973489
506	230.55961118811007	-77.39725301729048
507	237.46088841891253	-89.23080340868209
508	107.52892131819813	-96.2582836219302
509	-117.52932936554058	-64.96813555653408
510	-89.63576927435773	-31.32372679840226
511	206.1632477855316	-30.65637712597093
512	141.6705078283469	-48.2453230645821
513	123.863352986117	-53.54579623147296
514	100.88234464965025	-54.9235382883836
515	194.72739101456514	-74.40570962376975
516	160.7069576617034	-5.393146625641586
517	263.36763238689855	-38.702679100269414
518	50.226980777747244	-38.77502814858625
519	192.45851708977045	-33.88766092001604
520	173.89652389764905	-25.875753607349285
521	52.05533438091132	-5.226276997410085
522	182.8394945557465	-50.94681144695332
523	-149.48116711483027	-6.527408365123666
524	195.30368564296248	-31.06507673205558
525	5.263475970956378	-31.24913778136042
526	-2.713557642259701	10.322121679834465
527	-63.275332299187056	-19.413862531749626
528	33.735952747000795	-51.09347678176199
529	215.29251112342104	-163.19867212051867
530	169.0697786469479	-2.360394287777802
531	-34.245141564352764	7.62108494260395
532	226.99092195578322	17.029885979711445
533	206.1710000250775	-19.165737510129983
534	-149.2923088455574	-22.915640926855357
535	178.53246761512816	-16.388143508852565
536	195.45297303947945	-1.2592877431347491
537	-52.63173381606265	-5.442730881440821
538	199.3809118543552	12.332283017840611
539	247.503040421615	-0.751267353280167
540	208.72035963373375	-23.500665776422874
541	34.26522107250955	26.861354845875766
542	238.76760480518044	124.68919388570887
543	167.48523707789144	33.02931635177798
544	153.22653273137664	156.17248283906162
545	193.43423490225712	170.84459069921036
546	228.93676265129028	-1.560395854874155
547	46.98163496090277	225.16487180112023
548	245.69183642539008	118.71534771771461
549	33.46393168430535	182.23945704937717
550	50.55873457434873	119.2359575374802
551	11.665249850666157	133.30261622950843
552	249.07995661053377	78.38312237370361
553	-1.3320999264064284	193.58628427203763
554	43.78395038209047	113.28315918172044
555	291.20722390388954	130.87010050638614
556	11.740339920306056	191.36342405203771
557	32.9619885043424	-11.58886111529859
558	228.92955839770966	-18.37618458620587
559	200.2107137487734	-7.816300703696059
560	16.98967395833344	-10.623170594362723
561	15.5493464711912	-22.482822849983744
562	-199.15030324523502	-70.79749369094121
563	164.68309587557695	-44.598736523786066
564	238.092074960182	-76.72990815154893
565	237.58180072518869	-38.27269502479713
566	97.60292878887208	-65.30138319906911
567	-66.2501386168784	-43.02527660949979
568	215.96020781587896	-97.43428734105656
569	-20.007502689464005	-97.45106984256407
570	-59.634464709510056	-82.64070252982567
571	17.39438570154721	-77.50685224551665
572	-191.64237505161674	-89.72917000298816
573	6.815675058526546	-108.25698276135162
574	31.99074919776247	-101.46602812746897
575	-42.67913727191999	-80.54062063050613
576	-54.74087025359561	-79.75511766526995
577	21.192024830413132	-69.53625024235895
578	55.385785416573	-101.73481265770877
579	-78.77700195143196	-81.74739741699912
580	-132.97238292208232	-116.24561494242703
581	173.40052337407792	-67.88321053688645
582	181.87664844471786	-66.08631184199874
583	-12.148916065461464	-25.839359531487247
584	196.03911920754945	7.427412637259852
585	260.18003443997463	-14.262795739987611
586	63.642144007263	-12.155668917231672
587	165.92008467574638	3.56560911159378
588	212.57949316690028	-13.219949538383139
589	234.23917358997844	-8.902873777476277
590	228.1019096484116	-28.907044771238986
591	272.6564993198391	-0.6874543663156607
592	266.1288577790532	-8.604061492016614
593	240.0390091194579	35.42142894918633
594	160.12889359789523	-16.900562007641796
595	57.40193629084823	-12.607961690737548
596	218.74959375204543	-23.977955346480197
597	160.71418378613873	110.07778906196414
598	269.98392502507295	116.62423200537314
599	161.50140513767468	36.00501521879849
600	46.149021733912775	-14.520801634177698
601	39.77122558602312	26.115705826571887
602	193.26740145667583	155.0613909999006
603	-92.39722160193371	175.29001574445124
604	10.561746696559709	86.98762889880251
605	236.90315999133782	174.33442770287442
606	196.79429392715411	154.32141965408275
607	190.1574568503682	148.28836241147627
608	223.39772200658905	150.9437470782585
609	30.19091093070864	55.93796809720863
610	-7.230098118737004	-38.425315174204655
611	204.01724515227963	-24.02004944099734
612	70.79114230927348	-23.759413007804973
613	158.95850853195378	0.027250571751229913
614	13.451864415288256	-49.021916554211295
615	7.0791093725231775	-13.65819492309253
616	206.7197271558242	-18.777416240248396
617	226.07116869157326	-47.73576172315007
618	217.75005614721516	-26.855110409580146
619	-116.56160077444656	-11.841228966384126
620	213.97149748355866	-47.278012832713316
621	23.31134708600625	-68.94560633198827
622	221.262383330147	-47.63010515227478
623	-21.134841474751042	-65.1241573146887
624	-16.0131852154973	-89.84245096577983
625	-143.92884384697248	-48.03706348982472
626	53.90904695404757	-98.10367951152872
627	-5.082013050919244	-42.72343740330629
628	-35.167990980508705	-100.4279857069218
629	24.28325064304909	-45.597757177386626
630	52.77467593048662	-86.25984422893633
631	176.75393267750593	-31.034620244267284
632	192.1715257346521	-53.37412953081621
633	236.31608775940472	-29.695893147435847
634	121.74458984395866	-33.97075725907818
635	151.97158072324814	-52.66600838300056
636	183.11165887162247	-57.77150350822174
637	12.147509296694068	-42.63623242424514
638	46.931063571188936	-39.884227665090556
639	191.89818532852516	-40.08435365642907
640	-185.38196306562673	-19.923948365586
641	197.2089921704224	-40.47230817570268
642	191.1562117509703	-41.09153589978726
643	208.38067062909676	-17.295069122500205
644	230.70815272780908	-30.682228101408064
645	228.11629832562681	-21.440733392934202
646	226.10065184303642	-53.16780925436983
647	247.83326360849387	-34.33136631792725
648	99.83215061229812	-14.52560496454539
649	106.65030608086107	-22.23155588308765
650	247.10974843085594	-62.62129193669986
651	142.06540910439242	-24.02847705652963
652	45.17115149908889	17.605127401097686
653	16.025553919363617	1.548712129012474
654	234.63966409683366	-21.582051513728338
655	162.10795395079924	-36.95122425299972
656	232.33904323811387	-71.10312804791769
657	177.0964568056693	-31.264182626534694
658	-2.4563850398532026	-74.95186331110344
659	191.23342577496516	-32.612835504524156
660	219.50976673206668	-33.88868642555824
661	91.24648305273452	-8.722824167406916
662	176.3425060756369	-10.333002500806698
663	-133.6802205966015	-54.464753996483125
664	44.08240265739047	-42.26482539730859
665	65.97584855985971	-18.51400311886666
666	206.14852966840817	-46.71055067053325
667	191.7341403505527	-66.83067372014226
668	-75.54112035003571	-24.282535365815928
669	168.92071292313403	-19.61902387876896
670	219.13050351949136	-42.12013284720634
671	97.68275558748451	0.6960840609825236
672	283.00180899555323	-36.30048713676428
673	119.95725845464952	-53.683143575969474
674	146.89943805849248	-34.59363027927331
675	110.4318281973343	-27.457532303528403
676	35.0482508901119	-42.56229989873724
677	29.608151898545714	-87.86060767226454
678	190.32230832589144	-61.07359010257514
679	192.86480464381725	-69.47178602378142
680	168.6970964403568	-102.47810695957278
681	213.8315608939497	-26.26572352806736
682	-15.678070687348933	-49.72351946464812
683	-23.276333215018823	-57.863939099191846
684	218.6453424545301	-55.70341696627639
685	25.21832041448238	-62.63730037369101
686	-65.11549475851997	-38.60553493502965
687	150.48632351364478	-58.51567792156321
688	198.51641814502833	-59.98740103947125
689	157.70230724783505	-59.739275333999124
690	161.58354584936052	-87.1744159192012
691	128.01853680661424	-51.06005638951957
692	122.53625009176076	-28.255052622273283
693	163.4543401741403	-59.76109689985509
694	170.75650475333114	-35.336298093500275
695	211.4076518778045	-61.35430821453027
696	262.40450315050464	-28.20362089471133
697	243.02024868694585	-10.810480368512431
698	195.81919576187363	-74.87679281546956
699	184.33800651250525	-12.7883275646835
700	178.8262550989064	-50.87732524179317
701	247.36977551770642	-20.46645462060818
702	225.31048203197912	-9.937169960371653
703	127.37704328417864	-30.861408122060965
704	147.64067624240352	-47.39337701559615
705	60.57382386556739	-15.44038113584368
706	153.73685284302718	20.171597928228582
707	245.25100771090382	-50.23134879945483
708	139.63840326112884	45.28483531556587
709	269.12395254355954	8.400931335805232
710	41.74938395063643	128.39055549218932
711	-11.16496590933967	204.91421773900248
712	-17.23082471220438	213.76606596693932
713	-22.08483391205155	91.48477719126164
714	195.92183964718976	156.91910724171018
715	-31.28220680162991	198.71046728203743
716	-15.860640032835931	46.464626227111914
717	-5.487211800423424	153.5844700332496
718	215.19294795557414	-85.85220521507449
719	204.87993068770342	92.24029013868389
720	-62.34734737167777	-10.74828558079895
721	37.28059505798561	124.54940356289167
722	7.796771274643647	204.89221550501634
723	12.45370293303634	147.6095114091792
724	-36.286034342961074	-44.217501142418
725	-103.9893743916346	199.03479601341587
726	148.94794669442956	-100.41764650689558
727	-26.903086656330714	165.38658237013163
728	-37.455446765857815	114.60528442625872
729	174.63560480963554	-20.21751283966337
730	26.01801387516069	149.24308758633077
731	-45.20218319729052	-10.548434637331184
732	-157.2167979681123	-88.45932679699987
733	-22.15008302471165	2.4207307074873774
734	-22.098324698148986	197.97990286068585
735	-65.82591095959657	-63.872794177708215
736	-81.07981350786602	-170.89042665373546
737	187.9810235598035	186.87566466383515
738	174.78061356121717	213.16709009884408
739	-9.908428471515364	104.6222191417194
740	156.28408635668603	-45.140422015507355
741	-56.3288561265865	-73.38936375483236
742	-26.21771579139258	100.06467891717938
743	-62.77297257774748	98.38660340057753
744	-78.09623976311582	-71.60367460680942
745	-196.48292803769772	136.44025809838334
746	-47.129328659596	-80.62505747095966
747	-63.6095428490233	-47.46138167629542
748	-29.365004708444147	-59.545749279911995
749	-67.89630525475003	131.7261165232421
750	-19.947445430790864	133.8925771385214
751	-21.47613094842704	250.9581743828376
752	-21.49991553835251	-123.24634943509392
753	-180.81875995148476	139.91556855353537
754	-71.85875846317694	-36.11301362316071
755	-11.25832060484754	122.76631721698908
756	-94.35001918414241	130.12825521909858
757	-83.27634057309439	-31.457516832495088
758	28.66013101123326	-2.356245106382346
759	-67.71196125937496	-35.22286328787396
760	20.811339450943137	-69.7067625576724
761	-14.286971018832546	196.02437187650156
762	-215.57279797760805	-99.83004816628528
763	4.631017121623259	108.11111374111597
764	-86.93542189822256	152.17860515754995
765	-66.49272557995998	141.40956356040334
766	-2.8334244452327084	-59.28387474486587
767	-19.62915186976531	-74.06666203930685
768	-26.584191387725085	-70.8782679869535
769	-6.906307493500407	-103.09987211335998
770	-10.654261600242208	165.53759187483467
771	-63.618683401362716	-103.03588141045536
772	-13.987422095774633	-74.7378807449262
773	-33.155609081448404	105.77285743465471
774	7.8686744581114425	214.02906712455808
775	-48.21903345882468	-117.52621869561895
776	146.02308115094286	-137.70833536619614
777	-55.29051449486357	122.5825423379309
778	235.67195932089163	-184.60420732139494
779	-99.5181685521944	-63.73997437595811
780	22.396429270190296	70.79220801606166
781	-93.06434918524036	116.79211678918054
782	-14.894837039427273	-247.41240129116548
783	-39.84326729266452	-61.86372719536388
784	-72.03313500166553	-180.75170624659444
785	-40.88928417024738	-101.87416416742172
786	-136.80091595897477	-151.71881665993956
787	-158.00603101083055	-210.56827609241293
788	-206.5890973878904	-167.32731087265023
789	-70.75301696288034	-61.3965220765796
790	-34.37823951150298	-142.20935299061196
791	-113.70824364668252	-114.57226450675724
792	-110.41863282235461	-86.74797267613812
793	-75.51379882100227	-140.96953593544146
794	-125.19644305837633	-79.03620087339489
795	-156.72663145077846	-135.25771557606214
796	196.64755159508658	-136.55591453879794
797	23.703702285834524	-147.93804153094263
798	-43.69754595070119	-132.5330857014764
799	-189.2741806095072	-140.35537032537806
800	185.22329557692694	-152.9177574325778
801	111.17030761733156	-123.51822403772539
802	49.42452785700122	-143.706971740188
803	-72.20059788011966	-147.17608539047376
804	-71.51381965075	-163.35614302415502
805	-72.0201842662996	-162.04270088192158
806	-139.35414122289222	-138.97118628910812
807	-103.98588118991913	-177.04722428449122
808	-124.34767688420536	-176.87122405378375
809	-143.84675385500745	-197.66061274313196
810	-141.6076426776698	-177.76410337655065
811	-140.01794101372656	-197.1819734036457
812	-121.7342372385933	-165.72326971398002
813	-191.9965304794931	-129.79443369169522
814	-91.23996127036975	-119.13676026910024
815	-84.1737529557332	-115.8874857940894
816	-125.87137127291807	-141.757872907216
817	-173.48910653563456	-206.49547691805185
818	-144.2809215159815	-152.28930239415308
819	-87.61397279729012	-256.1498508151996
820	-21.412140224387457	-95.27108782526817
821	-60.967435606840226	-118.11308766531776
822	-1.8849932607072701	-85.83270870122453
823	-17.73959978308226	-98.244047795115
824	23.102573937811698	-84.25498875301355
825	107.09419398574545	-54.979384677407516
826	162.53776367069364	-18.58653535271693
827	224.79808771987643	-36.583250093543015
828	172.42236659405938	-89.16670260910347
829	87.1760975380893	-50.25033601534578
830	162.8012419332296	-58.01664619710246
831	16.079341718688774	5.331626429246911
832	-179.324623640148	-38.546885490819015
833	247.26063103529793	-11.322549165401975
834	189.62231439015014	-27.06920340843084
835	42.73114978263489	-34.3256862590044
836	46.215645707386955	-15.271136109376474
837	261.23929986514383	-56.261891084464885
838	21.00740114341157	-66.46655737500552
839	46.79276156906916	-3.8079106179998075
840	195.09900771922293	-10.700591254755697
841	209.26322510840555	-10.369416240904467
842	34.959486940779385	-6.937692522363638
843	3.1295671388531243	7.602949087092277
844	222.67998292583138	-4.592511391410637
845	234.15166084105738	-17.901171430386032
846	247.6114657903882	-0.5084146258262436
847	85.97738081178208	-78.9012185362491
848	258.33520647518446	-54.65189803382805
849	245.98934417112199	-10.721840243256759
850	20.77431103226594	-39.939599393301386
851	-28.870338422049088	4.76638306000036
852	98.07876510866167	-53.74969174214312
853	122.32175798172996	-20.504178235013086
854	102.82587177360561	-60.25696266155178
855	188.01803432037673	-18.982082737457556
856	125.08372649120913	-33.89146571853487
857	120.78996667355999	-54.22221252761384
858	-41.99355084756888	-29.362589725574253
859	133.65153581333698	-66.78792820962217
860	121.58057426744037	-64.64502626668587
861	79.30617683946096	-85.11180480773295
862	-12.009896269991359	-117.86801898754435
863	115.64832796695684	146.28398671606422
864	247.77271619864518	-83.54723621766642
865	116.52651067802562	0.7067694691576429
866	-17.46695912475556	-48.88733242211392
867	181.2594528031672	7.672027764001044
868	63.461100929690474	52.41087098551855
869	240.9552040280505	93.49716663066718
870	110.75073872072785	-116.76979916724545
871	107.76634071715752	-149.39105096642618
872	102.16376724489243	-68.5597122209168
873	135.15265550261086	5.8840179239400525
874	143.27258884824252	-38.336067923581794
875	211.46757361406515	-71.66421585251412
876	178.8979565694217	59.37435695754924
877	149.11344185049157	-54.90560711005567
878	74.84081927944717	-20.8578389477317
879	177.25155831912951	-51.47617415887809
880	-32.27445124400279	-69.90240167610862
881	38.94721244562581	-48.541202447754806
882	13.744336664172621	-54.30738165902228
883	160.65813112912505	-66.18196261008838
884	135.3457306135266	-81.77154670814089
885	73.21966044845392	-67.49379373742642
886	191.6643512478661	-57.8551854493276
887	76.2864312669933	-113.99889168318282
888	38.18648396696405	-98.77395822591714
889	-63.109756182438986	-43.65960221830046
890	140.87234626514066	-42.01014897886118
891	209.39634354830713	-96.48821506146487
892	96.935966379444	-49.771652666916154
893	92.86051133421877	-32.368421455822485
894	48.739330188403784	-43.6773507736644
895	-47.63056830344186	-17.72986299893399
896	211.36926021473707	-55.202277918273104
897	-68.94619194306036	-63.78800683504963
898	211.74864200024703	-57.45182111319002
899	79.09679494972745	-38.63964373630992
900	168.76396248520828	-46.65695675514741
901	7.5190775546760165	-31.065484772821094
902	82.0710639099858	-33.41830364882801
903	166.56065602824495	-1.0953338504798547
904	152.77907631825298	-3.6568192681043215
905	220.67696133117227	-23.569502097845206
906	122.83445058550244	-10.51328061554032
907	125.39498710671177	-39.56179024336077
908	132.90489015522462	-29.117548679391767
909	135.51777328176638	-13.920577288937801
910	117.00984306398747	11.978280553583174
911	194.7432418061283	-33.639702575864796
912	91.36615333100761	-81.02651337901793
913	95.7998934310658	-63.67594017309266
914	101.7337363979062	-34.840186334753554
915	100.44256303173678	-64.06299216887663
916	121.72082109330728	-58.53332371923488
917	102.68776984733354	-66.38970175669235
918	135.82920929927266	-48.43815784772488
919	147.10778819009346	-2.229148932410478
920	146.74396422948712	-28.89255315524214
921	111.66949310196175	-66.60276887591012
922	94.13293760957939	-23.4120272244938
923	120.56825760666261	0.6091870020230823
924	98.04738907660192	-5.547405215800755
925	97.18255527495452	20.725077430597178
926	149.00287707088845	-36.25895988122304
927	118.33342086534718	-20.30471458638313
928	74.47324630863547	23.033327873664227
929	107.61553280412964	136.04444054352044
930	225.52282834651874	119.21849967996805
931	-20.665040725734045	196.39273693110061
932	97.69897275125403	161.84674680559388
933	268.3159813103157	196.69884147211508
934	88.12480423885202	216.2989121186513
935	96.77355285491815	71.28613763801968
936	-2.2269599932500057	188.85197783986797
937	108.72613968760865	87.70033778452348
938	9.131121559362612	160.78183475551083
939	219.86176453860793	70.32110609186306
940	126.44045835537223	211.02265694988446
941	201.17206970905917	232.34195219145548
942	225.06798408313645	276.1831250116726
943	254.72371374776853	128.86814792637654
944	142.10447609182916	54.03971184349649
945	113.8467958799183	99.73178357188283
946	243.1180454218628	48.89317048775453
947	220.4377570504979	204.23488045415536
948	65.36662860061793	212.99046291648295
949	97.57292272581034	67.37798596353558
950	102.46161563300569	188.695470274775
951	146.5409528120184	64.69461496226302
952	157.12573448443283	70.99400361316424
953	66.57425734223318	71.12781577756417
954	138.86540355988672	80.07310920625005
955	20.5477934909848	114.51771767751272
956	129.78956442466574	86.82657437715241
957	131.82353022300273	248.62550888709973
958	152.97136091853983	200.00059016201266
959	148.01088515037807	189.9598668677386
960	139.45804267332045	102.93591628664878
961	43.166551406608164	193.41605403672065
962	94.89721546518169	111.42882885458266
963	200.52500068408477	-51.53230841982851
964	289.4609235414509	116.90641254949884
965	226.94245604115014	161.8819199222656
966	243.03617821649428	-62.18380406480922
967	-8.794972838373639	80.56765978336315
968	250.71061702004621	-31.903343318902202
969	124.5546483332423	-6.0465858173632645
970	3.1908716013479363	80.92816507581401
971	30.937181366657143	-32.5674447925778
972	96.53656106480142	-49.14709999455899
973	193.7382904988583	-63.69602878727402
974	268.620231781597	-28.55623692554927
975	-40.80788795740709	-29.023013973434175
976	226.29381640484092	-49.15270553685133
977	67.33518279984584	-34.82802732675626
978	55.50853270452552	-47.21015420890129
979	74.88956585441574	-61.69472323154988
980	87.65232271471267	-88.36914399149701
981	2.201785760938961	-29.494562198875375
982	52.20816172109758	-42.03031642536896
983	43.21028436813425	-8.422181485590894
984	62.768131576916225	-40.32277451149078
985	174.44101217585546	-39.20073648004913
986	72.28248664832422	-38.82387330364613
987	3.50460858861652	-61.1140025427168
988	54.27758141944565	-17.165375167994394
989	57.65950733470666	-6.508969206589531
990	236.05443379266762	-1.351052009381116
991	160.38770591742443	-22.02017306410066
992	216.80611920226278	-33.90241468857324
993	-17.458962019865083	1.6174555669584616
994	146.60602504674418	-20.031825464564953
995	268.3561699002646	-42.9080290300728
996	106.43394041242394	-43.334290844620305
997	227.09027899149152	-73.467296793743
998	111.86471556818293	8.90563043572382
999	70.84406783247692	-22.999607420925756
1000	92.33929691994648	0.5565288052997555
1001	136.11683464942018	10.753728534609062
1002	234.5311814244338	-47.65613353766058
1003	98.03788736058334	16.07977647720923
1004	245.7915001460951	7.356899267101119
1005	241.53265939461716	121.85993042930889
1006	238.02892945557144	94.43727748589494
1007	100.17938985390698	254.39988510068545
1008	34.193893899023095	71.02204748415713
1009	76.58955583197724	150.4936398217805
1010	113.93597832308981	204.1580180779052
1011	231.36939421173872	185.79016280385855
1012	43.8383377963595	163.20204081579425
1013	50.413108941836384	172.43280543388772
1014	64.56808019772889	124.29508783433384
1015	119.67393684220224	68.37735056512848
1016	51.778726019622525	197.37041198713484
1017	236.88708231233315	175.23446588471592
1018	118.65444204433524	237.24340070042845
1019	247.92756614538794	-85.22334439041819
1020	244.5068377677026	54.92255442534006
1021	284.61525716545844	160.67016377005262
1022	64.57542849217671	60.664645284295645
1023	232.90409575852289	74.02800042857719
1024	88.868513042816	73.78893134249971
1025	78.63379695250411	212.97793198463086
1026	160.33963670974632	194.78210937627452
1027	159.11444434944178	43.1929410436374
1028	237.03639293310508	145.74780826653935
1029	233.89157799326864	19.187999426927124
1030	162.6774393266658	100.32339544609988
1031	4.613240617016217	85.77236646928297
1032	131.09465055490253	166.71976872362796
1033	158.9487174954601	65.12983277560441
1034	142.80000088414963	68.94657184165007
1035	-1.9837710352761349	84.6017954998597
1036	269.84073683295367	35.538400073767605
1037	143.5355352682822	76.74264269481276
1038	170.6131560624062	108.62295727927298
1039	162.77716046246493	-8.456540042579462
1040	108.49565315001333	116.01175431335263
1041	141.89256983105525	85.64495949812539
1042	134.71465285704616	70.934363067933
1043	-27.299707192826702	110.9480959290579
1044	-14.074930416477955	93.94563691649418
1045	216.01255385187554	79.39233785678856
1046	38.21808379296982	85.45577886410534
1047	-14.717539590111201	95.63687849286127
1048	-19.579625191052145	113.61493061930285
1049	177.89087258213797	96.44921408999082
1050	167.60269592409796	124.73617496522338
1051	-47.68046515133574	-9.917593651033144
1052	202.66979112102103	104.84314032902346
1053	177.62124171997363	101.07467811751961
1054	138.9185704386626	133.5548246436756
1055	9.01144899575371	104.898264271932
1056	168.25510489378823	205.2895578160899
1057	48.2037379072616	128.92199635575483
1058	237.89698222830742	93.60735662775723
1059	-3.4788502722908135	25.340940574597894
1060	111.22912538799874	87.96829142066973
1061	114.74043210475082	88.24049940401943
1062	152.78276906359724	101.24333676754766
1063	188.48516992846626	109.72046527910291
1064	56.357258220138476	136.04574027891616
1065	127.3602124236466	105.80432998606635
1066	17.065746636295046	144.6131597712205
1067	161.6963438647393	59.15236414548259
1068	112.4355004809987	21.880812888919024
1069	264.02181204012925	107.4882108554394
1070	31.06337122027668	65.51786448365733
1071	149.66175693536997	97.65172863900283
1072	145.1625895688382	54.50269996209559
1073	52.170624117125755	86.09584490895035
1074	126.1434682028949	126.59548082046615
1075	65.31178749040626	72.37933833226465
1076	128.61094922870618	47.684716656170124
1077	173.34686825245427	166.464324907486
1078	-48.77201914595226	74.28112147211473
1079	115.59693505904201	110.71665574154375
1080	3.437892291451888	107.61727608713825
1081	168.45074236882178	114.83772896043683
1082	-0.7394254217085034	93.95853941337715
1083	18.85904177104804	73.53775363326702
1084	103.81239608841042	78.7210525867049
1085	-5.148076675783969	59.555504096303935
1086	76.13226476960733	40.11097214429989
1087	179.41059686972258	-1.389686393456159
1088	195.2359814613705	93.89999607602691
1089	-22.08372987158903	21.864342836427287
1090	5.407591464394031	54.3481855719165
1091	48.56417034460955	71.14905721558414
1092	107.95350105508115	127.78417380982933
1093	8.154660421755537	47.13046941275393
1094	120.44976537276723	38.7452830172628
1095	136.94766975116016	144.17507435515782
1096	2.0791256635839233	-2.7615600917276724
1097	116.95844133744284	150.6221496440316
1098	145.25802021767683	-20.433810148480656
1099	132.1088294723392	6.992783558915611
1100	234.59476247758494	178.27236642000614
1101	147.31431587535445	111.80922332328367
1102	202.77998101606235	162.55912449938936
1103	222.77781753352713	169.48776349823376
1104	118.93791296242672	18.548398701150813
1105	132.39198117776303	-10.721925713795326
1106	100.51138917942924	13.52824020664906
1107	245.13973674429434	-12.162957544074146
1108	161.90797781955098	-12.685324338496047
1109	108.77801998254198	-25.25800075861518
1110	90.89770101506313	-43.98076397922047
1111	162.88154313664305	-21.343434720844776
1112	265.10902971134885	-16.75574866764851
1113	139.7471907494652	-29.98851132702568
1114	94.11114150689622	-28.754866581572983
1115	91.85669536221847	17.588371198308586
1116	159.40771668637228	-24.379257029559525
1117	42.4093572559112	3.86559680863612
1118	122.30492157095662	-50.84265969564939
1119	151.28777683855478	166.31507187042712
1120	152.83274389260148	151.1097753998068
1121	146.9851066402886	188.48257140306202
1122	154.05317246336762	108.15650817121674
1123	252.3166676507745	184.76987363197918
1124	-4.320163453476297	172.28832672605733
1125	128.0745565413954	235.343055239512
1126	-24.123783864824276	110.82862029756325
1127	248.07394929478437	41.38091508818715
1128	215.30162733207447	177.58088937906973
1129	149.93653791525108	257.14808414793345
1130	136.95342119980876	66.0050558585601
1131	41.72763500927482	33.18112655210288
1132	9.556131402401078	228.3402756575012
1133	20.56551073655008	135.15361831831643
1134	-3.4522984819855367	229.2905795168225
1135	92.30884797742526	4.264213810322474
1136	14.041225284936857	265.56029534959697
1137	33.98648529776054	113.34270540248602
1138	-15.821968987443725	219.92619841175406
1139	52.91835383906326	25.726655945816475
1140	258.5344723731191	-10.16777744093163
1141	256.5039469482748	-31.91198381073461
1142	34.26465812045075	203.82944959809993
1143	-38.374023279984414	-9.673692075779982
1144	223.4797788434899	164.42042355674408
1145	-11.445623600236871	212.95365467608326
1146	1.8041857769980396	203.2722598098207
1147	17.638576363280038	-26.32980436644111
1148	-2.337081497274582	-20.088197285230848
1149	-42.537742082709556	66.8992509262051
1150	111.5731123423348	218.74915275066493
1151	-25.995071340488806	26.18352219193408
1152	247.61390395393872	-9.41652653786754
1153	36.155911308065356	51.06957559273082
1154	250.19262762115946	72.07667388871667
1155	21.10372828599415	-60.60973533568221
1156	40.99744694794546	184.31234227860892
1157	-33.387626076034294	140.55622559796097
1158	79.2498261352497	138.70776878986572
1159	-30.47793840359479	91.66345098655738
1160	78.60709593101693	6.977299546190196
1161	223.24555795701434	-72.92844238706765
1162	232.3579769201181	-130.67614049729593
1163	41.39774173688942	161.65439808994975
1164	200.75804333601138	-86.1368858782659
1165	-61.4990898997404	145.7088669756016
1166	66.34891193763983	110.74387251404607
1167	171.93237209123885	137.96656519743573
1168	203.74595382911002	-31.57428312117039
1169	105.64536180961103	56.2753422731346
1170	152.09999729320924	-109.22692074501333
1171	247.45320126276573	-66.74017374331447
1172	44.94538605487444	-82.47041060870143
1173	22.355505533301248	-61.55753728161154
1174	82.99217952150758	-44.23370828775942
1175	-128.41529934574666	-77.90185249423597
1176	-71.28720563103951	-56.51682535238287
1177	181.3802418165228	-86.3609206015347
1178	-83.79641276750175	-100.49231978029145
1179	-38.10075026205335	-99.76391404761434
1180	198.21326433062507	-79.82573720377412
1181	-58.255798866105835	-87.16728587106314
1182	12.243017122981028	-44.63296790607903
1183	60.40303501806537	-66.52315988502485
1184	53.34213757698562	-74.24890822561669
1185	123.05147647400405	-102.47220385109625
1186	3.3253110969248403	-138.4038314482532
1187	138.38553591534077	-64.47632850766999
1188	-20.650592875865517	-89.40153613771545
1189	-23.910353659371882	-126.69802801843129
1190	-36.76739596098338	-101.82754751350484
1191	-132.5781969495673	-98.06235458801441
1192	-122.08714500845443	-90.47414074028161
1193	182.2601922661495	-98.11366171672046
1194	133.55302786460535	-73.82453200370377
1195	181.25412186395062	-81.83923522546428
1196	-27.461398769416604	-55.01151108526595
1197	93.97641488128211	-68.58195659668043
1198	168.66651160996818	-81.74881255011343
1199	140.73366882485578	-61.568822435073905
1200	-40.93914548020139	-100.61238338171404
1201	54.12739836121524	-33.067688509933944
1202	-18.63218977293549	-30.661282904488722
1203	153.3614341707887	-37.386483603666754
1204	44.80249634420396	-41.23483449707803
1205	-26.615451458661866	-14.003481924983701
1206	168.54031968706397	-54.64151970084122
1207	59.720772250010896	-60.91458870613916
1208	164.7488932665014	-24.25200280095127
1209	46.32695607967313	-24.801210538812576
1210	191.21851171723458	-14.28602078750614
1211	177.7776864422409	-15.624197091957853
1212	-50.62336145246651	-18.205669506711267
1213	-102.86201439304863	-72.15680619288895
1214	97.53593322767178	-68.86027853818219
1215	-90.83417424210798	-10.847512963126759
1216	87.01624060825203	-87.6617172647375
1217	159.75335618237764	-67.258337832735
1218	129.85760278481104	-44.6771197266518
1219	62.82610882054992	-73.74603272082769
1220	-41.16616310170258	-22.322852726065918
1221	97.93934773070765	-72.4097369520557
1222	65.43672960626186	-58.077803333387266
1223	83.40518819209659	-32.04156987729174
1224	83.3656770682701	-40.2553956051754
1225	229.56953892531803	-53.056952716702355
1226	66.10965077444885	-11.945607557344866
1227	187.37560459161756	-51.153317178287075
1228	-7.858690156711091	-53.53231535404418
1229	97.00982613433193	-137.26242785095255
1230	0.39172513662501274	169.82249581480647
1231	-49.985626648554344	-62.995157479729976
1232	-14.312832032945337	125.9079706809311
1233	210.60330360402978	-34.6199536266315
1234	185.40443132152873	208.88743700924226
1235	84.91788910438075	195.59804169669212
1236	238.95535120630836	144.6967559897207
1237	125.33944234273754	188.88117481931857
1238	267.7413998432815	-117.52495509363185
1239	-35.328403944021886	132.48388540440925
1240	88.96360158275233	-11.256322901899892
1241	-7.478821086921485	-63.606521537929254
1242	-14.421688601834077	-12.657889205142936
1243	9.028825124914732	134.3686676508678
1244	57.861079664892884	187.66469201505214
1245	252.0338596732527	159.27587360497148
1246	-1.2398007079045072	-100.59605308968246
1247	209.54323920481113	169.5784071538207
1248	-76.82290075232471	175.8246756899562
1249	194.3988125095368	86.74642118324708
1250	-29.866651060352893	185.7494137692499
1251	224.49541155540064	134.79521698756625
1252	-40.48169255290378	-49.474935396354184
1253	207.7394889578277	151.68525700709603
1254	71.83471745091701	98.45262885784558
1255	257.40565383997773	186.8625767811754
1256	202.3391028674393	-56.44188280935903
1257	80.09281992772804	80.58778406136967
1258	235.27408638092382	-55.16460394608582
1259	208.86257307402713	155.7221404401178
1260	5.983938366639734	193.18935383505138
1261	8.605310791768801	-46.351575937384325
1262	21.201915203172902	1.2586807710944328
1263	-50.407612671782076	171.71260998915682
1264	267.32543416221955	220.3667376892003
1265	224.19434415160276	132.98633010490835
1266	116.14471519542907	70.21804105061834
1267	206.96291193807758	219.14546670274902
1268	3.1381098740779407	97.58732395350047
1269	215.0220689101606	-71.16094989490325
1270	189.51242757691938	111.30888400424746
1271	125.22177572963871	189.79946612174243
1272	281.270448110635	230.33059756117862
1273	-25.579323141328473	217.3533111484804
1274	114.73811791051322	183.53225984180517
1275	23.28169024313017	200.828148715922
1276	31.439261418653302	27.76264815282748
1277	120.64777712822985	123.44344149399625
1278	50.71190781164964	253.1158759757192
1279	132.24200159084018	125.52571779161613
1280	133.43772034476547	131.77619256823144
1281	29.640100527888563	267.55071563820115
1282	176.15873001781839	235.93988569704493
1283	138.22546051210907	134.51361479115468
1284	144.30561215674646	156.39168131238407
1285	146.4791490399885	134.83137345047828
1286	145.03092752414136	256.23481864570067
1287	168.73223375119346	222.7946323069629
1288	106.05880531377207	105.07731325764583
1289	127.63062630238477	225.46995229276683
1290	159.61181459069357	202.89801172172378
1291	103.147517282088	182.74945526577892
1292	128.2904190084661	197.86326468885414
1293	100.77005445921507	41.69696278235243
1294	175.87253853195224	121.97497158840025
1295	146.67225295005994	153.83565167932306
1296	153.67299026586306	48.39133825248336
1297	114.7099947555244	70.30349898089369
1298	120.31764328696899	108.01302571335843
1299	162.333622589595	65.42658679415469
1300	173.6920824374914	29.071461957630728
1301	139.4889098741874	55.957283094815146
1302	-13.860357026193967	78.58084937227493
1303	223.16794700027953	33.389136408637086
1304	106.2363972667673	-2.8477838511861924
1305	90.87943239945001	-15.943280639417596
1306	74.5251066766084	22.84754123333136
1307	246.79069508604374	3.9754111427947736
1308	90.955902546703	20.72769552331319
1309	220.55499414733555	-23.60082533812168
1310	59.412271105711454	-16.14606507552037
1311	82.93642154603683	0.25725905296953355
1312	77.80501532006046	47.08124905892626
1313	-61.991646696685535	7.192482957497806
1314	131.09541788596587	-28.72703532073563
1315	144.62015444775682	-23.423584514362556
1316	4.039750147008277	8.504534984564907
1317	236.33226855454896	-2.597769315347776
1318	216.78468745043	-40.490921531216095
1319	-52.3260409933564	-14.51328439992982
1320	54.2230144286146	-42.13167232179582
1321	36.23313055774441	-83.99912918205125
1322	160.30702832936407	-20.065356588280007
1323	24.731061492842507	-47.68413158213592
1324	176.77033179971318	-54.04979375294203
1325	134.06957340496967	-3.579727555713344
1326	-100.90416385321764	-16.425830079670153
1327	188.79032157261747	-43.35664285482146
1328	186.17356164834086	-49.08805826014522
1329	92.52013264992418	-45.45870410229529
1330	212.49381410165046	5.242881876556507
1331	226.84861455726426	-35.560602316764964
1332	194.4712859332841	-66.13098017084188
1333	121.75342445547264	11.143650138628015
1334	258.9572187924407	-60.22593670282078
1335	259.24158384397094	-54.62351208405397
1336	94.84247099605201	11.04037583439419
1337	28.61712758050976	-55.831711199858155
1338	175.89647964747542	-25.59096046961242
1339	98.22185323684279	-23.58851927343176
1340	103.6390345443173	-21.62238151970237
1341	-8.643791246995747	4.4632334594836545
1342	83.86173336735267	-46.45805486902906
1343	70.35246174127246	2.9481199641186366
1344	186.47065636988285	-16.621014259472137
1345	244.14999563937855	-5.30202036496668
1346	227.09542810129534	-11.641265988158592
1347	215.96958597236423	-25.115676679444068
1348	245.3923823143724	6.160682563355569
1349	223.15508573818863	19.22977989914965
1350	-13.868114077795823	-5.293210309997912
1351	236.41870638179344	-29.21197162350631
1352	230.3085752625688	-34.59721232569266
1353	98.19321586542965	-3.189631414560341
1354	84.23154682444286	-36.98733302844984
1355	219.5172133911875	0.9041361372704322
1356	126.32796172830857	31.253217984386286
1357	213.15894823953354	9.980332318255416
1358	196.96828945686792	8.575283721504729
1359	248.62659096035702	-19.421672213755386
1360	248.63106185068963	-9.973583732499614
1361	224.62697155215545	-2.8818207586022733
1362	79.36488994314641	-18.48385995556628
1363	78.60024637400323	-12.137368030305176
1364	98.77360917594146	-42.33637463910238
1365	200.4582761202903	18.6408835205897
1366	78.43205727576861	-8.255080204106193
1367	147.97517517043886	-21.013295007937096
1368	75.67928078181036	1.3313821951026066
1369	78.5140176349954	-14.73640298178701
1370	96.05120381515394	-29.7501563913207
1371	118.21541833751141	-42.33454460088411
1372	108.62006945212522	-33.254393491735755
1373	50.60367853621241	-25.21152304851146
1374	102.02251063855243	-33.4999543947749
1375	227.154187093617	9.01070545436532
1376	225.75351789967584	-1.6380258598409128
1377	59.492634105325294	-15.279286156505865
1378	101.14462397868212	-26.83781199147952
1379	136.11087414410218	-16.900988244416308
1380	92.08869986583171	-16.4979482146911
1381	107.64509139632857	-65.21205539968311
1382	76.9153408424206	-26.50974492961803
1383	184.44375517231663	-49.44094704498768
1384	84.09139740746733	-40.59226463876018
1385	222.44988769648873	-19.333416276523792
1386	73.98629160460479	-24.168396070099867
1387	199.0082491597522	-33.65011137006575
1388	63.246743275412435	-20.002865409499815
1389	133.56836746671124	-39.509343891954046
1390	54.14385535705688	-2.130215311369427
1391	219.15929617214857	-14.748863079026465
1392	76.75175455062941	-37.8166210542784
1393	39.97027957171392	-18.838633421309623
1394	213.59496880171383	6.3685755669522495
1395	104.31294287667514	-18.970870772402638
1396	195.24811014760363	-12.113704012162453
1397	252.78196555380086	-26.214939745735744
1398	87.31540162787746	-28.770736767026587
1399	225.58525891154326	18.333125769917434
1400	210.5666948616792	-2.6193511620636416
1401	277.43431349536297	-13.458063380646415
1402	279.79391469766085	-0.8776597973106859
1403	262.3327129036127	-3.6886351626952125
1404	79.5685800048178	39.67850515711351
1405	249.65784536996222	-5.608935247667544
1406	200.45193984277648	13.446407731336096
1407	195.18539203717788	9.84673875465545
1408	71.54859115206972	5.73288793810999
1409	231.57713847914707	11.194612148020175
1410	93.32724224183151	-3.645772881938793
1411	92.56071044710106	-14.436575502671552
1412	130.99231947434777	11.666227258890478
1413	86.58379918156305	27.22522882689928
1414	73.38164635554993	40.35090709127768
1415	189.2147513130148	79.03128550522746
1416	90.90222781243784	25.522013907431518
1417	200.56280331725313	24.026308129731024
1418	239.34170364871065	175.57745556070012
1419	96.53706245849028	174.46233054285062
1420	100.88980007520337	93.35689722243902
1421	79.38375078343525	165.9860500747405
1422	76.10168209105953	75.83133959131922
1423	262.3306215969658	70.08369013427254
1424	211.4853098988936	175.3690988242712
1425	170.60136356547918	183.30269139270752
1426	75.34121981139344	100.67669724359907
1427	199.84862650726032	91.30813613930952
1428	124.48171504894717	197.05505041452918
1429	247.562758889669	211.1830771305868
1430	79.96690381105904	250.5891097429974
1431	234.6352862476828	53.196733858054
1432	70.60372324744068	213.66313507496898
1433	234.51825933556145	240.8093413830866
1434	236.16407979109195	205.10090992868857
1435	145.84934988601643	170.1625072824104
1436	221.2604806779581	55.08617056218532
1437	138.69731809843253	206.43151840870865
1438	285.19368718002346	82.42754572409088
1439	211.67985345058753	111.60093598253032
1440	99.6551044591689	193.48293183232963
1441	108.18895340867023	222.3248039587703
1442	141.65878444932721	189.1387100205452
1443	254.0502939335225	202.04937149854354
1444	243.1982355894156	242.78936170566445
1445	80.5449146167208	219.71792304578614
1446	66.50484729888439	222.75256254977666
1447	230.08986074192197	209.31323851559227
1448	7.489701618407821	232.71168880648946
1449	277.2525426178951	96.13064763104506
1450	126.89309209518468	215.4332649671727
1451	151.0964083904675	116.02506790227052
1452	125.077647975024	183.11956949028476
1453	79.15467242470953	193.14067897883677
1454	236.54200293183044	50.305998240567156
1455	254.78014139296312	207.75022601488914
1456	105.44016906846885	132.08607862187532
1457	116.69447876954183	141.09500236560825
1458	131.67530083761827	167.079400683826
1459	109.36066272438224	136.13380340294887
1460	97.62110783561593	43.94840125536654
1461	89.75275940492422	15.24234984299608
1462	115.14461502684125	-33.01730126135229
1463	126.69698082113446	8.09002277424703
1464	71.82256567667366	-21.903231667698492
1465	152.15256449015132	-22.894770928602483
1466	157.66615950580692	-19.167753894880825
1467	113.20824640118131	36.38513401736275
1468	90.46017910249991	35.89663754224385
1469	101.99490258412665	37.94679493924354
1470	98.65654193232534	49.41636733097883
1471	104.80214756167493	92.2087000971379
1472	137.96197006801023	100.8506678069437
1473	150.49174450624278	88.41236473172127
1474	97.32015000809709	191.93757145287464
1475	142.23162702109093	85.38100804899312
1476	140.36728976887824	198.84836797500049
1477	155.9944912312505	102.70070780152578
1478	166.23603538454296	85.02255244967218
1479	130.628533526607	146.52200135274668
1480	278.7710356809673	100.45757072903923
1481	129.55191880747472	139.51556599536488
1482	252.19360321932493	133.12610208703347
1483	120.66467124388971	177.92144653491445
1484	142.58244755620643	137.9534442794679
1485	136.79742783427122	106.47957022126745
1486	139.15255806868345	129.40612638473726
1487	147.8882012603224	140.45648886216898
1488	62.09855364177298	126.21741732278598
1489	136.2906942268934	123.31432872489961
1490	128.66682747096675	146.4669380506879
1491	0.6649635693866571	165.43667831414555
1492	31.063355564839725	121.34726514898381
1493	100.58558480280692	61.82438017952114
1494	158.87851517929448	115.63201065902602
1495	112.14031848603456	242.06406579317436
1496	6.271315273517018	38.173031432735115
1497	-3.4057005297226084	236.40605610174165
1498	144.24563256137685	17.05105743240111
1499	47.220172870750616	213.95961989962686
1500	43.96080658457498	167.63273018787638
1501	17.00064042349662	229.95520970726054
1502	151.18827618819088	98.79233696806308
1503	118.11361730356346	247.84142601504945
1504	6.864782879486768	217.91214707082747
1505	-14.64004207596038	234.2667105813575
1506	256.18990124552204	186.84978670920856
1507	19.925291611944346	16.28997808237108
1508	22.581779333322615	196.41248198547873
1509	254.41783786231747	104.50729307111196
1510	162.24112685067306	211.94873864721637
1511	-10.710536751119605	39.73780986060066
1512	152.3121891575297	28.83644754946934
1513	52.37031262821557	6.5618610148755465
1514	189.18523950615128	90.58688803448149
1515	138.89622194586406	63.97228226607711
1516	141.3184385548292	128.09464129990965
1517	155.4338485483478	188.26129575120981
1518	49.54158476956354	263.378403876017
1519	216.9339651020028	216.54664896772783
1520	225.28418861592968	165.94559988419212
1521	194.69324249771773	136.4110820556095
1522	149.10377327364682	199.70467345709358
1523	139.89937579761875	129.39775622287982
1524	17.35618984401846	140.4994089938595
1525	122.25303208695378	69.2765911659205
1526	36.73162129230289	216.3531544944816
1527	24.515993947461354	230.47869165980575
1528	-19.03825772530331	213.6390654746419
1529	149.45147113965905	188.19310222433683
1530	-79.98306956582536	198.36733709158116
1531	27.116327265052064	182.03384722909522
1532	207.95994226165664	193.610814864602
1533	149.96383839458278	134.00628860218995
1534	229.73611110925586	190.0561649443296
1535	182.36496783505234	191.15150753945807
1536	57.07045315238369	55.89228665544462
1537	247.65187210831346	55.39901766163116
1538	111.04802188844901	101.36436858580089
1539	180.4242464051174	94.19340032031813
1540	131.04486252312105	79.26964857932153
1541	-13.894009723949168	169.46292585352842
1542	102.79056834774255	106.85796101352224
1543	219.89110544972579	122.03039646434085
1544	78.81825841695635	236.89244673293032
1545	243.6169934977342	209.76758322219592
1546	15.838529208066518	240.5498983686631
1547	241.5678583913732	85.85472791588168
1548	249.8025037887113	143.72336284315426
1549	289.92988351975623	44.527740438904985
1550	213.40548682613743	51.778427177946284
1551	234.32858072389664	193.79199538495675
1552	132.54946101435849	203.7753513613552
1553	96.10816073364444	95.59678787980944
1554	195.1805602234494	60.44325661294582
1555	144.19414877402536	193.51566123626884
1556	265.50214754371643	160.10463536546374
1557	175.27449120029843	42.16797303013111
1558	117.23980326165038	96.08645996894965
1559	216.28813756909784	124.60402888120002
1560	58.908570401509735	-45.820411863274536
1561	-38.25333968258316	-61.029041228696514
1562	137.30121586036523	183.62632590885266
1563	-21.288377521098028	152.3633277258437
1564	228.01712416115745	18.38251322818654
1565	227.77376048309122	-110.16058400824143
1566	-65.98474032448284	127.98239801888924
1567	-23.872547132753596	51.53841500186049
1568	205.40004275750533	-11.086506975294522
1569	99.768134831768	-24.70168059704655
1570	239.1513543483315	-19.52377505946998
1571	73.38112528978917	1.474209097059429
1572	-91.61506232270963	-11.407973804921431
1573	225.72018622242183	3.1940917857883084
1574	189.78986948040722	-67.36004856413858
1575	-32.32815867791439	-29.143493946064797
1576	134.48815044595068	-52.5561537516117
1577	-71.05768740036868	-72.67328629617354
1578	-112.63923206031795	-31.644408489863
1579	-30.81103842908429	-43.11701629846232
1580	-27.866704265640678	-20.688044776324535
1581	155.3377504057074	-42.30615550886099
1582	124.98747835030358	-58.00290192700468
1583	155.8552072430475	-88.12939093728369
1584	-95.63596031433941	-75.09019328692474
1585	17.741774561531095	-71.0816447174827
1586	63.43915769045206	-47.28399309510469
1587	72.37492729130852	-49.24873119873461
1588	-70.60661103769728	-46.258099377685966
1589	59.98701118528157	-4.474345490161029
1590	87.1683253539316	-49.140328226703204
1591	21.454467397054984	-22.33126633386248
1592	188.04375610875474	-21.556663237348786
1593	74.88823306700182	-9.687522273659836
1594	53.60659223972807	-22.10559119761947
1595	174.6805423071885	-31.9902917684582
1596	-28.836577851289192	-40.31783587041151
1597	34.031232619662234	-37.10833991531465
1598	179.24156104013076	13.946404487416581
1599	79.10364894509793	9.007426284659257
1600	70.85286743404127	-33.16411123980093
1601	161.5148074239637	26.300721872987715
1602	45.63936685530072	144.79776949416183
1603	218.50521470498074	141.27552181371226
1604	-62.217097080068285	135.58154139304008
1605	30.859760120695285	167.4424315628276
1606	75.4323080225653	-46.503784431311686
1607	53.726788546047544	191.97153961112383
1608	14.812086332455394	-77.54550670191706
1609	86.49544365707982	247.94592226268685
1610	169.89289225500542	28.652511123876735
1611	-22.283072696927903	169.64481879480178
1612	221.53857811706428	119.85806303145306
1613	216.39814340226056	76.58005603426004
1614	112.4674641389969	106.88233214924075
1615	-14.704203942510219	-39.52426514761325
1616	0.23272441020787937	214.97024586187266
1617	76.17108978649723	99.6819782736131
1618	3.3424494497667325	44.24024280969009
1619	236.31922015237947	212.41202368581457
1620	-35.811394623316474	189.4721030140883
1621	7.684698051284741	95.96152998811506
1622	217.8724027667942	226.44935169105142
1623	250.54085811744514	197.5294526928758
1624	218.33007750584727	224.97244121038153
1625	204.96059012667544	207.702961344743
1626	-41.66284063891085	205.01140407165875
1627	112.73863485318758	230.27053821745827
1628	143.62863630497205	110.26914034095022
1629	78.67726796295139	150.9052207183354
1630	46.08020217945827	121.6691156603203
1631	119.95173526814052	64.89486263870286
1632	208.56713466398304	-51.837687957125894
1633	197.29071661574966	217.80027567190652
1634	144.72736105235137	86.55958178905186
1635	-71.5375349319706	250.3005666815466
1636	199.7940163447064	181.75628085658278
1637	88.00212391846077	63.34226916207695
1638	137.96519444217742	203.23851964053145
1639	148.50941612165917	91.46019027357062
1640	160.16686788318333	97.18897766273669
1641	209.5961158602854	79.54249855040595
1642	228.1552473628421	220.32132812881304
1643	229.64385319893017	41.52137236503394
1644	137.43933367308622	87.72279923462139
1645	106.58484701118468	106.15131745603487
1646	23.927552241686016	44.96734047555248
1647	161.46767887566847	157.76602685925477
1648	19.457421964222732	197.98260191496055
1649	203.81578960200983	68.54023247230872
1650	237.7082817210445	180.90324186970525
1651	204.9793757333465	33.66687857658139
1652	18.966963080715132	75.79684472476208
1653	204.37082829131523	201.2192637794879
1654	4.302007765376189	186.7583461394244
1655	-39.60233543784638	70.25979526837592
1656	144.39590838093295	199.04499627342744
1657	-37.00778340600795	9.359030837020862
1658	192.8076618727058	113.06151285712076
1659	-28.704897730026914	22.684128994128233
1660	136.87338272600684	38.34643935693671
1661	-36.90150329107567	119.16193585522049
1662	80.59912666765165	24.33465900953058
1663	179.90182261265284	12.972654104664645
1664	-41.74330189717081	-62.05652698152842
1665	159.5554164875858	110.1422070908386
1666	190.9330228098537	64.67435967078696
1667	24.96517560815124	42.96976319221839
1668	79.81382892377324	1.83983097850407
1669	240.62736908142517	20.149883325313475
1670	91.51897991327212	130.4500524998891
1671	-54.57853243224237	41.270265233903025
1672	-49.939293687052725	23.440128366313495
1673	76.45663169243045	162.40378646812235
1674	117.39778427638967	118.49508794716692
1675	78.93024559096396	154.9323101214096
1676	-48.157544960150105	90.9491374543453
1677	123.10608403721477	141.35226821762961
1678	182.0187232427037	158.42852682044332
1679	252.87619759137587	87.41735722651161
1680	80.48634605786508	45.31087496810943
1681	-41.888485634840805	30.639978477738453
1682	-60.42725437214516	37.8557478330169
1683	-5.446772892418721	-100.89803808378572
1684	-70.7743977450237	-57.05673479226252
1685	121.00401495142334	-85.45527947874133
1686	55.70901430776493	-29.20608771191867
1687	177.02968424007304	-70.62581480274845
1688	-74.20754204773795	-4.028627967405102
1689	141.75624402299906	-38.919626955585976
1690	-62.262959447674355	-39.788498939706756
1691	-111.53286045824856	-75.27805585247668
1692	0.45073162908016684	-84.55190529801247
1693	-64.85840992275409	-85.6607426322473
1694	110.44916288303682	-24.653189380746873
1695	146.1318849676789	-57.22952577106846
1696	-0.008485205698288895	-46.20790902416776
1697	114.86590943874371	-55.784206059879665
1698	181.83608682783085	-78.1695326798855
1699	137.36793101621168	-91.46905323352331
1700	-71.42401211976564	-17.021808834104203
1701	126.92574619380174	-51.1429429113996
1702	13.065249264044793	-64.70465747210946
1703	234.61648201417145	-33.562164643226645
1704	26.919547895666284	-53.1383426333675
1705	58.5787430878419	1.0128025466791852
1706	218.93049302516835	-24.59366925165819
1707	54.52816151101723	-12.768940682178227
1708	-14.871614446532746	-25.12892446488791
1709	196.8374931813683	6.77771087181021
1710	216.23241522614646	-48.206030363797524
1711	220.64045964149068	-75.49369902940487
1712	-48.71748167270951	130.9154363321013
1713	125.58029420086581	33.27424181386238
1714	104.10895682754624	82.38043018416751
1715	-65.33835606282399	100.82991898571994
1716	-46.48915824487402	31.942478189735528
1717	128.11411566391462	191.51933076883537
1718	143.04574948766523	16.18646256378352
1719	-82.47596690929258	202.18583887712114
1720	203.43500168809956	209.0943827154971
1721	122.9535138320885	111.71745724509438
1722	7.981716547715095	98.1444140541086
1723	170.11367584424653	107.57354678516728
1724	-0.02359930423247647	190.71888009383812
1725	-8.702139768200794	-60.44838841670149
1726	167.9939543817223	239.8962315038305
1727	176.59462350554742	178.92395249183875
1728	94.57192963351936	191.44339729836943
1729	151.48094728598656	107.33603464660237
1730	124.75201625187306	49.39812082234574
1731	-5.128542079639388	109.9189120969258
1732	-23.084878324950935	120.86662147277444
1733	-29.260242218566262	194.6715660095525
1734	9.482006456059977	208.7021771520616
1735	121.75783125896481	93.87246806157343
1736	244.44852944527128	166.84987914077817
1737	24.32066582058596	98.6113882644603
1738	141.9858020055301	221.67663119944882
1739	100.70960383927539	235.52302219286273
1740	253.1303240015115	208.3812897034892
1741	23.81287342642466	92.45028463180526
1742	265.4733654897106	228.3602534876098
1743	-19.989282317571522	205.61815272183105
1744	-34.24752483733869	60.2387668277165
1745	195.99788180131412	202.35242641662717
1746	116.44550634928352	66.39906241334877
1747	-32.64476129880421	199.17546051052523
1748	23.664819902385204	177.99584080528462
1749	-41.44871829267288	204.4375531073677
1750	122.67304076146115	55.298528893650165
1751	-26.59021899083899	72.10609125710003
1752	104.73800809113753	111.50469247716099
1753	143.03000985561752	46.01454638513841
1754	139.138708229471	-8.50738028917847
1755	111.89599180757406	4.365724932302066
1756	144.83465093762422	3.4698838620284804
1757	85.8750153841481	27.101741237029643
1758	106.57453981650859	12.247434168038994
1759	83.48478246209902	-26.454294279100026
1760	64.893159646216	-24.38884333138023
1761	209.29780278331577	-14.162778977128578
1762	206.5899470218359	22.96806545986601
1763	134.11534239407126	8.84330930724009
1764	208.75606783269168	-11.19531338807694
1765	80.83206607400099	29.93754056095796
1766	-12.90793808344577	114.21465423280898
1767	134.202238426252	101.22248458167091
1768	93.66788633710226	-36.950382076874824
1769	76.27707628997891	-28.20918866760077
1770	191.7881372050587	24.122775070970526
1771	103.88294844077565	11.743186456888369
1772	170.224642660614	27.02906835263099
1773	75.69608226613096	-2.4196441070584283
1774	177.74114251873857	-25.790114603986357
1775	78.21823757436509	1.0546517249511251
1776	22.928383001728648	24.556853130896684
1777	210.79549025009618	-18.21367298752982
1778	150.77865827556718	21.83633822385456
1779	205.58632850914444	14.510705881574134
1780	-68.13711918638539	-12.490806956191996
1781	210.14748592814075	-8.63401654612049
1782	199.04009254375268	-118.47626304025687
1783	154.9132076360905	9.985336268528123
1784	-49.558059050706945	68.02732290471971
1785	-51.98479401296447	22.433220552007725
1786	76.56897895890963	59.899507948636746
1787	189.91306377687368	-80.45949445111017
1788	126.61047428696584	151.13940084821377
1789	205.01849308292788	161.18092909994084
1790	95.14312086926422	174.15785049540298
1791	228.01477837723192	193.52927030565897
1792	188.06463577520032	156.3383832064086
1793	190.72818061577237	174.90680133631878
1794	-15.041835962726665	-25.11779768922662
1795	190.5879540641653	65.92160345121019
1796	148.53679192152742	-51.862831034611105
1797	138.58821140490346	118.0279126096757
1798	230.43141471887316	74.58153750344033
1799	62.66955393204717	139.75534366335705
1800	238.0926014023238	60.53679597476135
1801	-39.68595656062071	174.34421532893504
1802	83.14666213325634	97.24573154192295
1803	235.32370844835904	189.6036935866224
1804	-34.29835430100003	159.84999220663644
1805	-73.83104047073114	153.11196330221694
1806	-32.19489012792748	68.68120893459123
1807	117.53218925803415	129.9207703407042
1808	-31.843073951437034	13.263413644144538
1809	63.03978185953555	-26.379404409354635
1810	-25.975560937677827	176.4512805600715
1811	189.94416441966047	-62.158517585075664
1812	173.47027000735133	165.30097369009835
1813	93.47255186232717	196.0649790561049
1814	188.36693473933087	158.9687509509253
1815	77.04076242652692	39.66568012465424
1816	197.97413310038368	190.2018856339791
1817	-53.66534152022423	142.64547918325272
1818	127.00441509825531	166.41786148129495
1819	1.9531491769743639	176.42067270755274
1820	39.343345971487196	204.84392732537418
1821	-54.81331510290464	73.05777216083162
1822	40.84837559219224	209.09179139569176
1823	157.22023994119974	70.03743237991962
1824	88.39377135424958	62.29609652320003
1825	105.47662433731786	32.694481817420765
1826	162.66946974081787	208.36574341582926
1827	20.41349842065823	21.05319237803783
1828	-3.5376761481613954	57.49687506695971
1829	-74.69542961193076	152.3505472560142
1830	-60.33963005498997	22.592472810904695
1831	198.62589110019587	71.89080738302974
1832	240.50742352266082	109.44349089568061
1833	82.4199416304362	-48.99579051910308
1834	82.4070253045108	65.94923019805567
1835	59.14909414054388	-35.84194654463027
1836	79.34685900486849	124.64891609008086
1837	-89.19867211984186	3.4191595151581415
1838	148.53611612789547	7.514610949263678
1839	151.14428893121288	-27.822270413605892
1840	98.56763287355984	13.975342173441245
1841	244.28935985699204	17.028059725957977
1842	117.55708026472195	0.9626195531010866
1843	72.59281146480016	-36.94691537466934
1844	113.00341451658427	-27.24134907201109
1845	153.29810152920675	20.088719144828676
1846	90.64398766631369	-30.881032524987823
1847	224.44866751030145	66.56214051807521
1848	121.66771548930222	14.429246770203612
1849	148.19077533869685	11.884351950386502
1850	208.56902821494788	-14.66540006135427
1851	-83.37736423509513	-36.158368244171285
1852	96.9410258176236	3.261183703335549
1853	121.61142379604081	109.68477955108736
1854	155.5886283791902	120.29083721219062
1855	122.91618605722665	170.34665788573994
1856	-75.54294793916155	27.790051325678608
1857	151.74399693544495	50.081065665407735
1858	-17.19119964315918	49.35170229751991
1859	111.36388275531826	123.40056812904905
1860	154.04399471770316	57.70857531023673
1861	196.38611790572224	69.90048013587088
1862	127.54270985761733	34.93772967481451
1863	151.78025038571377	173.72026164225616
1864	120.42802874968773	35.882244083026166
1865	142.57921109884046	-39.843505659358165
1866	54.02865694644533	-11.311592809418771
1867	-55.88299786759022	5.4193023751504725
1868	90.81235693095763	-17.377969444893644
1869	118.9599738478285	2.294314467750011
1870	64.27669386701376	-7.7575967482550885
1871	105.04485165694933	-9.658944330969108
1872	101.20324271476822	1.4594043296346872
1873	116.77209142880224	16.391231652649633
1874	150.63928643100664	-42.08089912932414
1875	187.1253725287061	-20.588213774007396
1876	93.30090557541577	-4.226470255422773
1877	78.36892764427883	68.65210905625847
1878	146.2642625229147	65.76856468867658
1879	80.20783235422155	60.04155737411795
1880	119.17109756823845	97.05788321178441
1881	115.93047795106607	34.996001048972026
1882	112.77466441547934	53.506297044903725
1883	234.54233717909509	26.162047271522
1884	135.81791836993239	67.96711726563319
1885	125.52485715962847	111.65280428680545
1886	-24.907824212607395	77.52989966812018
1887	92.22435011990055	95.41344867156194
1888	248.2476305823871	100.67456335942857
1889	127.50611352063267	77.24387246309944
1890	139.019251183667	88.25223486714553
1891	82.44963541726156	70.4095700444065
1892	-34.003301830257186	135.3487025858015
1893	-3.478888410374452	66.12730040368584
1894	189.29731124004758	129.3777460333998
1895	214.24219294564202	132.01017087106234
1896	213.0925287297336	103.1000855906907
1897	184.37777494304888	79.46396328859946
1898	124.83559813095158	140.9031327090564
1899	-10.155326113646453	140.30673261431855
1900	-31.88578526900642	85.89249817852475
1901	128.5917339410687	119.03295896939622
1902	165.75411163407196	99.52140744057512
1903	-8.465453400987911	94.22507929258285
1904	107.3820377086131	51.764719085233445
1905	152.81382467762396	123.44110376907958
1906	168.1029997323419	91.98641972458806
1907	213.70640951077826	218.25238209088297
1908	140.56758229184683	44.4516215300455
1909	232.767295991798	152.30238821703202
1910	188.18678580262235	114.30193254387063
1911	101.08307498659299	67.88291010214706
1912	177.28654108043648	165.83430741438838
1913	105.78983150715054	75.59458883364536
1914	145.81236322360476	202.57458771823732
1915	81.25267246208794	207.18950290486868
1916	223.3541347489093	61.093375525011936
1917	183.6204054517607	185.5249190306791
1918	253.08895469651276	186.3467529457783
1919	201.1543370096329	157.26566450968238
1920	262.7899422125563	173.67436481689015
1921	198.87591500201222	101.78462825131143
1922	252.9052545254114	70.14457852876158
1923	187.1777260689067	188.93521308970867
1924	137.8351415735959	56.93414109349795
1925	152.49243774222396	44.298790593350255
1926	230.6961573612863	9.463687771267715
1927	93.20162795218192	9.735186361946239
1928	191.71899062333753	24.468134263420932
1929	86.32047903536554	13.366679302202018
1930	64.42747989969166	-27.500610024823867
1931	101.34730072158492	-18.782999493779148
1932	57.576650004589496	-21.542154132749797
1933	212.43731541292874	122.65997128549289
1934	131.8395212566887	71.95202333223834
1935	219.224382910666	180.46632336562305
1936	105.2680490852953	39.72386512553383
1937	231.24193961840572	38.38959663969961
1938	190.46177761129394	135.77527745318812
1939	186.74933727250954	111.99213300071608
1940	232.61293015686303	188.0498129040384
1941	107.23378764132178	152.87668646357852
1942	114.08542051368863	17.165049023854085
1943	124.51096346376352	161.33021400127146
1944	95.55211746929099	60.30020596876329
1945	122.39924414014554	77.62140252589948
1946	113.78668642251613	88.12405671075277
1947	201.5460509009232	179.35562762153978
1948	84.61533739695768	21.68144593132622
1949	101.49728914731185	132.9100891664587
1950	206.0683719704856	26.78037625769613
1951	245.77232150682138	159.22108913183948
1952	103.15286379813008	76.15899132253499
1953	87.63095244274244	75.94000460318583
1954	105.05772346238281	115.70702947857345
1955	108.81384704552636	92.26967302603839
1956	-18.657684096870057	212.88999801594156
1957	15.208626178403591	172.9513124878201
1958	244.14711684860055	182.12216468578055
1959	156.54238157011838	65.29975547179937
1960	264.1387007562869	226.10035001684827
1961	87.58047623938623	118.22495614929147
1962	114.88783940619396	98.90377065599625
1963	117.54265635111115	132.04984107236876
1964	227.25490534752066	225.37142323786406
1965	206.20567784045028	-35.87819841503651
1966	140.14237968407897	51.08761906818671
1967	151.93030494579543	49.44799521307058
1968	234.19141750298112	54.39453731124536
1969	25.98440939721479	184.23656830086838
1970	-61.75005462580936	163.26953224373221
1971	247.14994860713594	208.3859153371638
1972	103.90925684862043	171.41032831770139
1973	-1.5370510665443362	69.56835287903836
1974	88.64921953539582	188.99740905057956
1975	85.55881449605323	76.74893440619707
1976	-68.68400439356382	154.0696792079347
1977	156.53214061607395	-54.942757380426215
1978	194.40492342240643	115.3855234427723
1979	-21.224990790635132	69.95717591176634
1980	190.7361453927913	181.57057811072923
1981	109.74773108028705	149.98711644992974
1982	166.9591998432178	-65.38711085013105
1983	140.22580580827582	52.52003368454699
1984	91.75359293313967	84.97829811577671
1985	184.80601070563753	-18.36925803608841
1986	268.9916968587471	109.05290229268086
1987	215.51708945366835	193.02007392815614
1988	116.323904093189	113.64714970528479
1989	172.4990348091933	168.00510831991878
1990	123.84298009866222	152.82369791729195
1991	81.91730408223431	152.5172360653731
1992	85.77397425344593	107.61720917942507
1993	-0.8482499158836987	87.80549922659753
1994	75.91228357543997	122.08373868604627
1995	124.03805394461396	115.83245161137751
1996	146.47074507897827	64.89139206827582
1997	178.7062712444337	-45.51915441011508
1998	77.32863113695178	71.2462002826917
1999	123.83296773237919	221.3528265380716
2000	224.608669230936	94.3651015052074
