Environment: LunarLander-v2
Agent: A2C
Experiment: standard_experiment
Parameter: standard
Time Taken: 814.7053954601288 seconds
Episodes: 1618 episodes
Max Episodes: 2000 episodes
Reward threshold: 200
Episode	Train Reward	Test Reward
1	-122.14021805965224	-160.48870466952613
2	-225.31185083209584	-157.04132837903774
3	-98.64752844272599	-84.930643127759
4	-182.68355204722806	-150.63006003008863
5	-101.73007252153376	-102.82818938804894
6	-100.49998859877657	-129.99184634385182
7	-287.2565427211549	-140.7071240812625
8	-98.01175603752493	-149.17922473263155
9	-62.86520740091122	-159.06776566342302
10	-143.22860053684997	-123.64287616320865
11	-85.40068154400663	-214.25569157415666
12	-146.0237107032995	-289.3871750826612
13	-86.24980784984116	-295.48294066783296
14	9.58118211049694	-149.03346889247513
15	-239.80192557209608	-189.94485581743504
16	-126.9662832066251	-210.7429224545748
17	-121.01014247841066	-619.2058164707541
18	-85.84752254645751	-395.59203766115127
19	-157.98213388550016	-487.1682450987643
20	-195.3119760512226	-270.70755640167863
21	-107.6584260665939	-654.602665586866
22	-439.5177352285439	-676.039242631855
23	-86.2429292519995	-1061.6378084851171
24	-97.50765970257407	-625.9180698933517
25	-93.02639527523527	-528.564599565967
26	-60.30544482060279	-501.52411487682247
27	-261.75997788501667	-552.3274884778605
28	-214.83794911537825	-553.0533127559391
29	-53.47343582896273	-848.928040427352
30	-77.749876593966	-1201.0806431927986
31	-163.29563439519654	-1707.9380837354674
32	-271.7231061410831	-713.3114256570705
33	-97.55194773680277	-559.369979022927
34	-309.9600385303758	-459.92409890602437
35	-304.36319013979585	-629.9375333327549
36	-242.07438587124742	-695.7522078133699
37	-87.41421545766366	-754.2791769160723
38	-373.2568789276406	-580.1700844519776
39	-375.80804169901893	-571.7481487915
40	-401.00654383721593	-2928.1789072326187
41	-150.99309186963438	-677.648764513669
42	-215.3659965938503	-569.1378887707905
43	-179.90632249338267	-509.13847787034604
44	-461.00519378667406	-390.2610350993413
45	-108.85378606206024	-578.2930073117311
46	-82.8719572756348	-603.7020387166729
47	-45.39676998757187	-510.8835130413597
48	-403.0635441602588	-741.5006511573672
49	-124.62148904883678	-609.1203224075368
50	-82.45377491463015	-932.9630177087486
51	-160.4880006985208	-411.47619992637226
52	-295.16377352914	-993.437442912389
53	-302.53972479569586	-588.0454060134975
54	-148.53830154107987	-635.3358414956681
55	-76.7466171555738	-578.1114769491192
56	-180.37109705057736	-614.1177681197568
57	-195.6575125371129	-501.3809751341418
58	-28.123158149086066	-1253.8420281872513
59	-155.48972939298554	-539.8884120585128
60	-93.88581165456421	-1760.5873185766359
61	-169.51009129093168	-322.26758694877134
62	-386.8396830421816	-443.3656573181839
63	-489.59553079008793	-718.6561277310807
64	-413.11286462294174	-846.3006783423809
65	-145.99107410802503	-2288.0814106067546
66	-162.31710483719743	-462.1802907747676
67	-36.67695987212574	-633.1902695078996
68	-121.75623606874807	-561.9526095649157
69	-107.78171542267646	-462.6721896669759
70	-311.72022916670767	-487.70887437327553
71	-57.18403833756887	-604.7641781666746
72	-315.0344187643239	-494.96119198800477
73	-44.952450960857426	-1045.357553131684
74	-116.01867182144244	-458.2898157573742
75	-155.48731485240097	-379.57450065478
76	-74.26323578089603	-538.149345728044
77	-185.63658167321165	-653.3911448069528
78	-175.14305837171176	-405.73381093186634
79	-314.3304329611435	-435.6189197953355
80	-64.69457177658005	-502.5272335631986
81	-363.9544753317363	-507.184534426018
82	-187.86536881994897	-584.5765802005866
83	-267.1282378315086	-4665.320290304354
84	-190.0418630625671	-618.6589359522527
85	-213.42104222348047	-4627.919595440549
86	-63.720545233473274	-1751.1622410388752
87	-79.9767640518901	-541.0963179760927
88	-187.43404653043532	-814.2572536410687
89	-176.07742592376528	-715.7097305758583
90	-350.55809718192234	-588.3305980063365
91	-177.6484364644345	-623.471613594358
92	-376.23484150576695	-515.5649801185195
93	-154.644569623929	-454.82192182887246
94	-230.04049679088973	-833.6058556964546
95	-141.6828466154721	-475.778939392847
96	-7.890316208442712	-517.0109204112167
97	-298.1141377213694	-844.7835569727994
98	-237.33971676754862	-2419.1191274214425
99	-65.9121476130919	-380.73264589717843
100	-198.45232535007653	-473.6173418896235
101	-325.3623194849876	-607.8627202469418
102	-184.31957547146737	-510.891712646778
103	-146.44648666389904	-426.5308234197908
104	-96.45691201215274	-1404.9387103925678
105	7.565327480374961	-1303.139426559679
106	-198.68834263613837	-420.68498612849936
107	-90.53544365256734	-374.2003626846353
108	-26.985948539632957	-450.2118860109209
109	-47.25015918972409	-661.6706578296587
110	-49.33476468062696	-650.5476551026383
111	-50.77256008398595	-487.43301946460235
112	-16.349440224506665	-503.0447073539439
113	-62.53191291037294	-443.2590190806899
114	-295.7215853938386	-348.5584909372967
115	-84.36878295309732	-579.5632755069103
116	-293.7366065047126	-659.7382804132277
117	-345.83036571998923	-731.8820863000955
118	-89.5095863827096	-666.5298009868764
119	-113.10972177747038	-353.8834329912847
120	-162.16352435000692	-375.26418286857887
121	-133.4033247663474	-393.10079258324214
122	-17.786335318631885	-387.6226896555787
123	-124.12505767743346	-533.8965688724469
124	-88.31736558659065	-336.09931678688463
125	-156.43125370816625	-404.0136733179772
126	-181.15518273240156	-338.5467906873396
127	-238.43542241102173	-440.41857577846264
128	-92.75095927615116	-380.73226591149825
129	-161.78724846561212	-330.58734773100787
130	-83.81683048816703	-616.096223783287
131	-116.37576409877451	-442.0588025367249
132	-302.8375276088353	-462.01009169695914
133	-113.37298154439964	-731.1358792801352
134	-160.39210504899918	-350.3774503108599
135	-234.00110393237546	-510.7765078044481
136	-394.45269321231217	-353.1800668724047
137	-233.2506494254219	-419.0337698855483
138	-332.26185822678093	-464.13189981982674
139	-211.56227233117698	-725.5266714862857
140	-496.4829198699186	-421.94221869859194
141	-26.05784225740689	-393.6629045646765
142	-225.65775924115934	-760.5051601250118
143	-281.75331602745945	-548.0019405726067
144	-344.67986252422895	-1079.7435993443985
145	3.2281104189462013	-482.75141867234294
146	-42.10710216173457	-388.49928707667885
147	-96.13287528362987	-873.7051090724124
148	-261.7619794502087	-807.8655224810085
149	-434.3339176332345	-1155.665066083405
150	-143.36609769252163	-655.4431512842517
151	-411.108045287898	-1056.7415176089366
152	-97.24827099818845	-436.7820190724354
153	-405.44698755061717	-422.86772902306234
154	-411.0306931416898	-428.5223746058916
155	-250.50836963825145	-591.1617050349938
156	-539.1627315951737	-434.44846807575425
157	-221.34409856063502	-861.2013302567984
158	-140.8398337795285	-502.8331803728242
159	-263.7105129699701	-613.6263441662771
160	-380.02252647793426	-972.2104544148236
161	-360.9610950854138	-973.9725698348481
162	-481.9622063701427	-1127.8553426604337
163	-397.9598236449004	-2010.0478440081808
164	-577.1919578022951	-793.6566568974878
165	-203.6938456473456	-747.2850393276516
166	-149.28698921713362	-668.413710301409
167	-311.27423802990063	-368.67250649485106
168	-427.3185436246608	-541.0475004698174
169	-288.3062960419213	-1254.7131253163468
170	-523.2097916428138	-509.98672046524035
171	-502.5614077550197	-1629.218963047768
172	-285.55099703074814	-514.8838784225633
173	-93.11313087584158	-448.09716640216953
174	-638.1560300755237	-1146.8706166178663
175	-256.15466539498345	-1597.1204759505501
176	-307.62574639214944	-2341.3738845216612
177	-162.7269828563143	-468.75189076168937
178	-286.2257927336658	-1299.2284021867035
179	-207.96056021241944	-2111.1715107588107
180	-422.3072592251907	-1344.1608593412582
181	-375.9605707204797	-1544.2197401802262
182	-528.4001612907243	-6139.600750647567
183	-252.2110380691968	-2025.9953091198395
184	-169.00444375892485	-2410.810058320994
185	-301.174657788712	-2291.592394335943
186	-328.18924806219127	-1847.1452166484282
187	-127.6472975202071	-3415.4557648411924
188	-175.08921802551515	-869.9295000602807
189	-226.65061878076943	-1889.2095882142037
190	-131.74097338234697	-1546.254046319862
191	-19.922855027443266	-4896.29100269785
192	8.915503789528287	-1021.00360403475
193	12.647427873713198	-5175.031638016472
194	-207.94112724946842	-983.490110222691
195	-22.2164354164331	-2966.6110360517487
196	-73.70466486768241	-1478.0736565094141
197	-47.703457691675254	-1171.7287989787333
198	-36.505931505622826	-1084.2115081525649
199	-102.60285980816414	-883.5808643617117
200	-224.5230680994191	-611.0329376515613
201	-28.936383859666634	-967.2319921380098
202	-153.56145387223296	-506.50952421526074
203	-254.0546611826764	-904.3702768717626
204	-229.9554874890858	-1013.7281195444797
205	-27.44247799665999	-1088.1017355642127
206	-17.364909171282747	-1393.6164557409854
207	-77.91814768913447	-531.7294888207687
208	-318.7358727124563	-1845.5673830577268
209	-458.22531783007145	-2465.465097721824
210	-234.7523634962855	-3929.238316860712
211	-236.15326516630438	-2461.164830888838
212	-23.375334988880724	-223.06248180727425
213	-190.75475329848547	-1628.4587585336808
214	-5.59360213615571	-1210.6253593271506
215	-80.99334418760614	-878.0522712897977
216	-85.77657681968688	-1118.9223802477918
217	-98.73968139864841	-1430.5469800888543
218	-462.63966988450346	-1458.8161106047285
219	-82.77257279420752	-1427.720494343291
220	26.76702516068405	-897.5635995658032
221	-71.97221121053644	-751.7078780951546
222	11.874226842710954	-889.4462657301502
223	-92.57311060883052	-851.2114809865758
224	-11.541383763377127	-856.6254082619907
225	-124.14741793509728	-816.3872836945717
226	4.703757326584015	-1122.3371263539066
227	-203.22496427732034	-671.9491047936833
228	-229.96186304602355	-1629.5871297082317
229	33.39100541874359	-745.2026092609351
230	-19.627766200420496	-777.6521911187546
231	12.658550502196675	-939.8842497813619
232	48.854954425871085	-848.8542173822201
233	-9.584634906000943	-947.6458009098499
234	-46.388501249543324	-1129.0581176300639
235	58.3350649103308	-1460.8089895796809
236	-8.490006204672383	-881.5857607092089
237	10.129628133539782	-654.7679807647867
238	23.115447416907998	-1332.0179107107924
239	10.018406392833285	-913.02236060413
240	6.985811833298789	-586.0481531036911
241	-10.395327034111503	-757.1090644084718
242	-23.52589485770497	-455.83342076881087
243	17.476197089382566	-708.7409271869358
244	-32.5859687570843	-347.07426584383893
245	-23.914246243505303	-360.7883204396069
246	-25.487140588157814	-426.5389550797098
247	-7.640132308898615	-358.5043120093741
248	-113.94013378975943	-272.25845205046016
249	21.53246931967513	-371.3306037701147
250	-40.05163735244403	-312.5651498089573
251	-100.79315617559487	-434.7979528812533
252	10.334113820266069	-723.9464175276743
253	9.860227134834348	-805.7672501538048
254	-28.67418757539939	-566.4128957372216
255	-39.95969018621267	-539.647413471366
256	-34.11780361563423	-1090.653526742898
257	-51.550800231300514	-2122.3758535902557
258	17.666565420142746	-710.0503154562247
259	-231.62102100319504	-424.3979267823849
260	-100.61103066444267	-429.3522127364296
261	26.19722387298847	-398.3889334309635
262	-49.77366219998059	-378.4972686730071
263	-35.27763999772682	-277.62958760829065
264	-101.99566324930416	-282.47443884800464
265	38.340191580693045	-271.2629182090807
266	-61.272899653050125	-205.51403023141702
267	-48.096736811206355	-254.5212422598899
268	27.569762980901587	-290.35574973401
269	33.92357449831661	-211.30348531059073
270	-95.7049800560576	-256.2619397672895
271	1.3960726528294156	-292.42755281027445
272	23.2333438547426	-237.8630351283327
273	-70.52280893669607	-265.92422488882164
274	32.796267969528714	-188.02722746716344
275	20.286682917503853	-8.991846512077997
276	33.42216015281434	-45.77200548653646
277	-9.093359982722262	-52.640425604030604
278	-36.776879109811986	-56.64656325970834
279	21.284717143689733	-83.28326596689531
280	-7.389234396502559	-146.07513507923773
281	-25.46702402723325	134.54250042930875
282	29.717319840825382	-96.39520208715209
283	-11.227822987070766	114.57423568882723
284	2.839009011609889	-115.00004904859027
285	-19.464850019393623	-84.13497613319586
286	19.35256794782096	-209.48567419159176
287	29.66188277515235	-63.340356683644224
288	-1.3876126478421327	-96.70950607743647
289	3.9177385340819484	-208.1034870668733
290	-4.200535070529739	-177.3868978556605
291	24.146118917158972	-220.63213278263055
292	-2.5658224995762	-155.9226325801705
293	-36.93901584330035	-289.8447622914754
294	6.412610951911599	-287.3100198647488
295	11.039700392984614	-427.30428140521195
296	-13.51832275053637	-420.9189365112518
297	-33.50177428545139	-688.1873441482807
298	-14.346558731500508	-399.3121733021348
299	-8.44835770932363	-867.3923597692558
300	-22.401165540591094	-587.0709805889185
301	-22.952980186928176	-1556.6405797756215
302	-70.99713672859798	-905.6030420442863
303	-48.437721480821374	-1254.4135182740667
304	-8.359016307299935	-979.4936614127547
305	13.987420205663295	-1321.4493561831475
306	-199.8454347463409	-1416.5107343475868
307	-338.0178070931569	-1994.9552145946102
308	11.128394603153803	-1397.5674590440299
309	-230.95182134111616	-1315.5540800184322
310	4.602407531036459	-2795.5339367147926
311	-144.61535331496484	-2908.0684158699755
312	-4.9757978249199475	-1452.6078817306188
313	-231.6262193153056	-873.7333173247393
314	-13.700462558491637	-454.6849831528634
315	-62.64667411355872	-359.38075110528825
316	-15.751418932614778	-331.8245915843331
317	-89.9682024711768	-283.31085915248923
318	46.82091790138551	-181.12397507086553
319	45.22195423385051	-125.9062125865539
320	93.3011784769576	-59.10449240474789
321	-49.13800149728448	-78.25813716214616
322	-34.26289855326219	157.6934780643166
323	-21.9501062299709	114.18178455021754
324	13.89741272481794	-0.07285938023471772
325	25.355594539812486	-83.57978222202354
326	30.462602475960495	212.63166423846954
327	-25.12335482727346	44.671943814309124
328	37.163563634392204	200.21045145121408
329	-1.885223504994272	-74.87016342735969
330	3.155380848000334	37.199853562643284
331	-8.09043200906217	38.54414556766481
332	-14.547578045927992	195.65074301098596
333	8.887908598807869	131.45736958953995
334	12.100951414459232	-95.25603408819815
335	4.872096366117887	109.5343202693091
336	4.124429261540072	4.193585482516357
337	-8.863807706316805	60.42518126567643
338	-16.051369313276723	-61.19139930509608
339	-15.466614143007433	-107.87064722253153
340	-40.819211959814545	-76.5780501225322
341	27.72658823882442	-175.8634005295188
342	48.08480496009531	-328.1338580856385
343	-18.79561663557226	-394.7507400391394
344	-11.757142567185767	-478.7060211246614
345	-7.34446360660769	-757.2912611821296
346	21.245576317475553	-1053.8550071288346
347	23.91115800274048	-743.508971472818
348	-1.7895891711991965	-816.2101822243727
349	-35.349323239288196	-545.5526538946626
350	-4.355940204490679	-810.2991481115392
351	81.67314410124081	-511.371358488431
352	40.9043973306589	-788.5395033862861
353	82.90197016907706	-1219.1878794629567
354	-22.333567810942668	-933.607713102999
355	63.47804153840074	-1045.4890750566892
356	-220.98828711080625	-1089.6578165095957
357	-205.93427773753487	-631.5685044895196
358	33.086913205744	-858.1659335914468
359	17.166382461253136	-1765.6157516934707
360	-37.259358963614275	-6432.402385050075
361	-45.18495530900631	-4563.876512325094
362	-37.70832273832916	-1043.1899129585236
363	-1.8662271834995994	-701.6602433836719
364	-107.34638523031191	-465.88387119239167
365	9.864800395046803	-277.4150049648126
366	-2.553930403591136	-374.4608380358513
367	-110.15365471960722	-325.61235010874753
368	-144.036007473203	-222.3490962785235
369	-11.843264177515266	-256.4811945847033
370	42.51255677641369	-290.71354884908726
371	-171.16690773703894	-255.48210769744875
372	-18.890359387984347	-232.34367651483893
373	-34.44205789233382	-268.84090598667365
374	24.373759503244784	-280.6468843608317
375	89.14039941929971	-187.962622645536
376	37.83362239736661	-275.25603144205684
377	-87.36152364760216	-237.02877916017067
378	94.31056596490075	-279.87322381095186
379	-55.76246173122895	-194.68110691683157
380	51.82527333239551	-127.71550566258524
381	-67.59775758293068	-106.49493888812455
382	-46.40122654888026	-109.43487499349753
383	174.14869084870512	-105.91945616449074
384	1.7107633480394782	-41.072032964949656
385	142.05175175889642	-64.73332832828025
386	65.51980166825734	-80.32949680469379
387	10.85248997537667	-31.304367265399645
388	-15.844822558889845	-65.95868852927694
389	131.95677066293223	-72.09158665857693
390	21.142100112995934	-40.41106698216349
391	97.96524223139502	-93.4927682179487
392	56.3283908703155	-61.09923139063645
393	94.08400666397314	-82.0830651354188
394	30.335980406795386	-80.9524541558338
395	137.8145253943389	-57.74588500283084
396	124.92876456303168	-58.49823530902449
397	20.857466449410268	-83.36583665637531
398	115.53120078170704	-68.66491523961969
399	142.98205000740202	-82.43556601239129
400	109.85574779887956	-59.579382597917544
401	111.48284737288223	-95.28421311006257
402	154.8272503179317	-94.6369117705847
403	26.45245825582755	-74.94275807170588
404	15.131811126286749	-30.249927816930253
405	165.41573519424816	-45.75316734636179
406	160.9720569575743	-22.742222491207855
407	30.01942324729717	100.56123072838109
408	35.96575254681099	113.1483207071988
409	32.73225582798966	220.99667108017775
410	4.352744413057607	212.38678901061684
411	32.07580222834045	211.03142430164593
412	58.507734036533094	177.98470381958626
413	0.36318591054879334	195.38358411680062
414	-10.305454961585824	199.4783688827853
415	-21.386504598521384	199.45504615240208
416	18.4004455146936	226.98126074459307
417	-14.713652794982224	225.82040288942179
418	19.25304963859088	228.55789171134518
419	4.734867933391627	221.597632216368
420	128.0261213825221	-5.384696702862215
421	14.577092242620736	-35.47282102699428
422	2.482790214502529	110.08698681374612
423	31.672145697144543	144.93685188176866
424	61.971030061406054	136.93261836695712
425	130.86311978789868	-146.93039810508714
426	36.086673887362025	0.6003231351460936
427	106.95347616699918	-48.25870162947978
428	184.5391676658032	-16.983028497404977
429	-51.93799665538536	-83.39338583181957
430	23.266289825724954	-84.36310556906965
431	-40.47453327229635	-129.3637078635391
432	20.439235457640777	-216.02094257462
433	139.95975670215162	-163.38375585260897
434	150.83326162587207	-117.27847780711261
435	-20.918509506384197	-141.81570549717694
436	40.69588846953599	-128.4455909943488
437	108.03124004011424	-111.53373926969817
438	-36.78116513429892	-79.22142277612467
439	-64.85911401655824	-139.58046949046152
440	-53.92030102338141	-129.97705422416132
441	-131.99630648391567	-193.5972727390946
442	140.56488107731923	-125.66594750383891
443	115.13577768953053	-121.7405578269248
444	-41.00959045207523	-114.04839261764843
445	-45.773164206757315	-232.15874347124694
446	134.7997275305741	-169.09002114588372
447	-43.103190624835776	-150.47181702393735
448	-44.66308557930674	-93.53583610750944
449	-74.12023751679067	-122.75640685679569
450	79.81988732904715	-97.056562921199
451	159.83084140513182	-130.21628688969196
452	145.74227631678076	-209.19367575082958
453	-55.84821559810324	-210.0099944132748
454	-146.4777641828048	-161.9307931536998
455	153.03807112054005	-176.03850439619669
456	-40.27052951487427	-81.01800924857419
457	103.91392542489274	-68.1536751446861
458	-80.99779220826866	-52.686875747754655
459	18.009112495675552	93.33228467383161
460	186.85584585499495	114.39406186845451
461	-6.197030998581198	131.3181055376929
462	-5.197465807675073	-79.89392858221335
463	-22.442313669265516	175.9537897476005
464	7.149465896685967	-111.5261341431175
465	16.589773510248364	-46.399858414266376
466	-8.870446032123908	178.46980846787906
467	42.17842281824446	187.59777770965013
468	46.787799153551816	-107.79053243116346
469	11.355040726156886	160.55374292410878
470	2.019274772072606	214.99028301278872
471	-11.991731981555205	-38.17804357604564
472	-16.398570852095787	193.92343581171602
473	-15.99695561229251	-110.70089845867776
474	179.59461197869376	-69.25677431511009
475	-12.312602508727466	-81.51199188925966
476	-0.5072870751739202	-37.19181885213669
477	-29.47576502529644	233.20525680668675
478	240.03211730947365	-57.64137488972463
479	57.27612462131316	-50.22525990365588
480	20.430012883541508	206.03483986585582
481	-38.70102707513723	-115.46975911298276
482	51.704456142265826	143.97108875254762
483	-23.7874513237566	-60.476067901351655
484	-28.634202280296762	-69.51124288065814
485	-8.395955555973643	-86.96161260736332
486	45.027609739793434	-70.01900976606342
487	-103.74996506630028	-90.46153534167529
488	161.03017127618054	61.622010101908614
489	222.95083822015127	136.1595054989914
490	-40.06344353255513	-52.83372462061974
491	250.74730101851583	-126.67460278028418
492	-20.367786954899714	-60.5590019421389
493	169.32994226244824	-99.11934698178251
494	201.67998611386597	-106.08279076136085
495	-83.01719703686882	-112.09317757582781
496	-106.76513687459722	-86.75583238053572
497	207.90183528660467	-60.55244154451222
498	-58.41319928309552	-70.00552964427835
499	197.98981671776667	-64.40588244953454
500	149.77126226915144	-66.26587149894188
501	19.82867531073819	-82.91732656365805
502	-87.35369645245918	-97.88448025293525
503	-49.11899288525031	-74.48053258529471
504	163.09705313189343	-80.08658456658887
505	-9.678804287729676	-133.4419904576167
506	-63.28471628130988	-74.64320353436418
507	-114.64527421637627	-90.55306347310663
508	10.375504437243563	-116.07951930279677
509	-217.43574539368626	-112.23014591657586
510	149.33868036572375	-96.3674289117606
511	136.3423433931786	-128.91333477746537
512	-219.2517528126449	-118.0182980787399
513	-50.11879907822352	-149.44413433007088
514	146.3422811301146	-118.57818825994028
515	164.12881218740293	-113.0923545416226
516	109.16790847375344	-102.23400621260261
517	110.43552144595238	-79.3536399941253
518	-279.58128418321587	-94.84371861823686
519	256.7802040414706	-72.07589568609099
520	17.687963171422	-92.93979370059742
521	209.57507141878753	-43.04305465018094
522	-21.33923315060389	-42.954010723177014
523	-128.91784193820823	-57.17748002220876
524	256.7614817573601	-5.243901051279345
525	57.20881808326348	-30.352276578264703
526	270.810794040617	-37.26247296019526
527	59.38582751575717	-24.09077455029532
528	247.5495243459816	-64.79035443750399
529	243.97403405423807	-26.359233658211615
530	246.18959684161766	-67.9929368380864
531	260.7067839418968	-21.70810169035847
532	249.72515986229573	-74.2977248550486
533	158.20787708068235	83.5982572348668
534	232.3890729857813	-155.38000381627376
535	265.3345875840882	181.96128170125886
536	254.7020598852045	227.56163333963477
537	249.40722241488885	21.230059078541238
538	270.5354682316685	207.18988892300456
539	-6.78785985058046	190.6450887253916
540	74.65496481949796	226.3789174652715
541	227.87439456301345	221.37280517459104
542	-24.264660904223163	212.94264949736467
543	155.45326484255992	176.44091564326223
544	28.46136268520081	193.81734352794263
545	243.7574111941578	204.5799519877084
546	53.98769666878309	184.45898024532164
547	24.753308631272603	188.51435720501786
548	36.327074742536354	251.04292295589516
549	53.51136205634262	207.75455835221175
550	45.158052427748146	228.8468517451218
551	268.49998066352146	181.21830060649768
552	267.2710418817837	198.76585731118143
553	2.6824614762214907	212.82665020744048
554	-39.5247827692952	203.21760446440115
555	17.619535673187926	157.44515556558878
556	12.756527282552213	194.97923828494734
557	20.271897407504028	198.5222622668088
558	15.003926735556732	20.758738418233882
559	252.04390792892733	-16.63040444552733
560	244.3770406639617	-27.075812543526084
561	43.58539017315769	-37.85175664114711
562	52.90033760439525	-25.938546877279048
563	241.6942416564936	-36.33351258953734
564	249.43841675859608	-30.590541609753828
565	240.13572365029347	-31.537789559615035
566	43.29225844622525	-76.10442044056116
567	275.6752170070767	-38.76691796457617
568	206.9414272319681	-61.69069862368331
569	252.28633593714986	-74.24322826775007
570	214.55567616331024	-37.80068431962563
571	172.7143191952244	-50.47571002174649
572	270.2576843352367	-1.6845971906276374
573	-35.71842385634537	-5.7532751251658425
574	270.6592963321081	-20.527028908265116
575	10.980336670217667	3.4293613849332547
576	227.3685066023715	-27.78867013973395
577	282.33191196955045	7.112119797850696
578	259.25169409375883	6.7243008510130755
579	-8.132828963294742	5.052015547953553
580	-20.388334103752328	120.4886366682413
581	277.7960570638275	164.52152594998046
582	-57.17642564419543	170.08828151155757
583	-12.649360373712966	210.6633901996883
584	24.75248790857958	172.60219279252863
585	46.6067321095768	207.5937043402689
586	25.999119448602812	182.80226843002498
587	43.97712498511032	190.24771360281747
588	251.37738208993756	204.20752915529835
589	12.068999776607512	229.38956631508995
590	23.86259102166217	176.40106983863737
591	276.870815153494	162.1306325293398
592	272.84693141688376	207.12738169603796
593	266.85040410419504	205.13709387704296
594	248.2886270605846	153.3275661166703
595	259.06963676230407	198.3753157329896
596	262.92139289304197	187.62419806590822
597	-168.28434583516946	9.930507084353202
598	264.2548294237955	-35.529348903282774
599	257.496042551203	-4.376700836625738
600	150.33181628111322	-2.4499388072385067
601	13.599385567061603	-53.55076077693977
602	277.3510065921787	-15.613167533883189
603	44.53426848781481	-6.2774404250026485
604	237.62801541052357	-47.979532384252785
605	297.2706728156204	-52.636395763388606
606	-8.362645304858944	-48.21946308193098
607	219.8298193194929	3.4196363871684134
608	258.35541704369126	-8.82278245574591
609	235.80734339186233	-19.350051229593056
610	257.57264578135147	-1.52249975579469
611	253.26074145804475	-17.118282367692956
612	254.5940980899094	-29.429208503018838
613	260.7984064191438	-48.212341435804
614	243.7353994244158	-41.5629655997166
615	298.1744401347416	4.574029426259898
616	281.6495037929826	-10.608650910848159
617	-7.117316458462909	-27.20842170311308
618	256.84681662286135	-60.405024812761184
619	204.40702202258115	-37.18697445863696
620	201.85608724152405	-63.410889515815676
621	48.195631400373884	-34.28983343746892
622	-14.832667468104063	3.0434995173879678
623	14.277908569456969	-2.9871874994794396
624	229.9991850851023	-11.37294765147946
625	266.3174819192475	-32.06005142951078
626	-50.00139098034708	-5.275222665481256
627	3.785539385096598	-85.81294691543928
628	220.22290142401596	-48.620922142364144
629	143.91019863723693	-82.49281432299537
630	274.3568495102994	-46.21246765913886
631	245.22365129049606	-10.20642326019873
632	181.58427168451615	-19.478176563909564
633	-37.26959512844307	-57.423134090545354
634	197.2931346840354	-49.36602017299242
635	216.88044139121877	-65.60344730184039
636	-5.606251095848393	-79.96579984940027
637	196.9369867334351	-22.68195971934446
638	-12.318656171487532	-16.5969643787598
639	252.76103735216037	-39.33284703342602
640	282.85411450717197	-58.69245091294172
641	274.7319849080043	-197.7992709504292
642	-46.657183079951096	-63.95972341814151
643	202.49625421252497	-73.93049546939895
644	254.785618870921	-32.322110625479795
645	0.5742955083088219	-65.35743139502297
646	23.145366993375248	-52.343999238407214
647	-1.7651696327663018	-40.05857208202953
648	258.80409200478863	-21.353456627402018
649	277.3228252541918	-10.157747890679456
650	21.649306128125403	-19.782600571296463
651	249.25651818440372	-50.02027658069794
652	245.65736226261825	-39.35989670456138
653	270.74348454665085	-16.94835983916924
654	265.0441760397573	-40.210839793673124
655	268.9745877103432	2.129762461281884
656	262.8532163002096	-16.402579696931728
657	253.54028356901622	-30.441434898699168
658	-14.483713880542723	-32.157477340923236
659	184.39124788509412	-24.964942821757543
660	260.86504722641246	-6.379784546892206
661	230.12243962498516	185.1164383824928
662	20.817681096559625	34.57235212068886
663	295.48039792833777	182.32896202473282
664	-64.99778987180083	165.50148352917128
665	247.79031715508293	201.86069186712075
666	-66.70966441753129	205.2304198496843
667	302.68915025092383	199.82835719866154
668	200.8311553509482	222.90912942315103
669	-43.957814028843345	207.62424819973992
670	240.35025150777582	189.5734893600245
671	9.133419444907503	230.86519131467622
672	232.39729279656936	207.53527467724075
673	-99.13345364014913	-25.56169443183923
674	233.0440993927231	232.60679885334957
675	221.53562953201023	-122.48152566165227
676	260.2320278309112	193.91848021821255
677	265.6266840065482	170.77624237447012
678	-14.122461565893218	169.43690182704617
679	285.8875636692775	-35.68985099529663
680	-71.81746282273348	9.84284029162082
681	2.3686701010426106	-39.33841839184439
682	220.19602207636268	-135.49658135744863
683	218.11150191617102	-6.112024035137214
684	-190.960391643025	-2.0262870385735363
685	202.37738846363254	-9.292208249926365
686	-37.811108774302554	-4.521599821804817
687	226.086760961803	10.92125840764482
688	266.1760597566304	-59.747626202756905
689	141.89247885775006	-34.32860908435221
690	191.2896190784474	-25.75431316175523
691	181.32281604142344	-24.450910725650385
692	138.33767229036118	15.254473655680606
693	271.0166838205007	-3.401984817567982
694	251.77358150485813	-1.6602697336579588
695	240.50969140687477	-7.0358714802672875
696	308.75425945448114	-45.874733539053594
697	193.7253389997445	14.953445020473266
698	201.4553914088583	-53.49146236115222
699	-59.68710936129061	168.0793551107748
700	202.48342045623258	173.22259926310056
701	236.51319046151124	-48.32561714883738
702	41.649723170133285	-21.164053858856725
703	240.1651361771181	-45.507430936709774
704	257.5311706611974	131.81175140257062
705	260.0857787927374	159.75587241846264
706	-112.50505975046944	-19.92070577664004
707	-42.21548603288339	-93.91831494593092
708	274.5328779918383	197.39863118688163
709	272.0288092126791	3.638729032644817
710	4.247126668635559	174.12695544243292
711	-16.915842656330256	183.4852475865119
712	163.58777422851128	33.89742283736066
713	277.08158348743984	0.534894391964368
714	263.40606515636273	190.29384633357296
715	36.26509786998943	192.20734270503232
716	296.41721021886326	208.4205388219732
717	255.395695519067	165.84631880400883
718	208.39098671966184	212.22561642806426
719	293.10136552926963	193.63301979288053
720	283.1774533000888	-48.23435106758709
721	48.92323215080046	246.1714490485389
722	183.5258996751098	112.27871594823677
723	262.32329999151546	-66.44632085561742
724	259.1336687256053	189.95737975190346
725	-0.7144616480491237	198.25952631049762
726	252.15641618812404	141.04393774692255
727	249.86370997946636	212.72300365431096
728	281.9814852339495	-57.805299125392004
729	253.9347268537167	257.35588752017014
730	51.35552626165821	199.49887918481446
731	286.55358956766565	227.2879700816049
732	257.66111132981587	209.7410236529961
733	267.2377810433561	171.17326863119214
734	-191.9118172606879	-35.81322025822149
735	236.8079656395854	-55.18794362151502
736	269.11258143053044	211.42981493302796
737	273.9558546726439	223.67685347759064
738	281.856636498033	195.4173422495188
739	-10.946483320017052	209.92949173441696
740	207.53850133863818	244.6510099407127
741	174.41949417541525	226.9661999241967
742	40.817871398349126	151.93200482414304
743	250.8191634621946	173.4852440093717
744	233.52931292444435	-90.19489322608277
745	232.1051394222173	189.86416193804627
746	-10.722343420156008	242.97530936645893
747	256.9446258932278	239.197552401227
748	213.87651177801865	220.60942247108827
749	36.400077906067764	-39.92807696668149
750	51.702970124534204	198.17467618648294
751	246.18717172762734	157.4057073048305
752	269.2746402930071	184.66528571061554
753	239.83243535890904	220.80403936529723
754	279.1625951381389	201.12433330229578
755	244.85058595981673	199.89313214701627
756	289.56471778254695	213.90370262329571
757	25.42914353245979	206.6523858033652
758	2.035026546908682	235.73441317946856
759	225.18063070649436	-41.318712975868586
760	256.0888764557461	204.52302001662972
761	223.93644370310568	190.14541268364
762	273.5173526246678	238.79844515289366
763	248.77167596483542	202.10638358626386
764	246.4871065207464	196.9309577905991
765	320.9191587768618	235.3127785710741
766	-3.06089866290813	203.54918651464772
767	260.89374021232027	132.9932959346745
768	268.55911587148927	204.97139204201392
769	-42.651564942795886	177.75927576607933
770	219.3201508433258	190.83155284794884
771	275.96383357935474	213.30990389432802
772	251.18413634239897	187.98727995719608
773	225.41793460995532	189.0468038444422
774	279.40807551970204	209.2008136969114
775	210.19150294945132	200.30600820640393
776	270.0057628631728	223.0179605424109
777	234.07947997237775	172.38875718355865
778	68.13591503399599	235.19098100594812
779	217.10981261522096	2.283129402009493
780	-44.48232469526219	-30.9528427477985
781	264.89449387509967	222.6921788276384
782	246.11079234407447	166.73824911997224
783	248.08687400320483	-3.351848166441684
784	215.9190003707637	216.31339770734343
785	238.29644686385416	217.33138914461136
786	199.53739967590357	231.55851957692556
787	-132.61157170904852	-47.214685420482326
788	25.696026250581866	188.33068827980713
789	269.9957299419008	210.8447362034046
790	194.3596076079844	211.42699219901084
791	294.62665578892313	210.5363014380303
792	297.7416072336364	-34.9014971833049
793	-7.167705681091448	-71.07004433851665
794	170.9266015955667	274.3317313851896
795	-49.027659071704576	-37.74914996237102
796	29.602323636833603	241.18677220832768
797	267.217402354779	242.15538803011387
798	214.50292488448366	114.32684990573343
799	252.86560068599374	-28.044722807859756
800	240.262096786951	-239.44744859800593
801	-25.74608037094491	213.49124725729956
802	36.64729991272873	237.60049721456193
803	308.71016642030594	-17.228059405083513
804	264.1904742510999	204.77963880938174
805	174.2508967557211	-67.06833478049946
806	283.1595363759215	-64.70705563396027
807	187.50788057308347	-23.04106140493907
808	252.97205105805557	-130.5747149748632
809	265.6648497929823	-35.02873801245099
810	166.88013946742467	265.9486407873187
811	275.74217683179876	-21.714918826580544
812	35.46689626088792	19.807645945983026
813	229.819248293268	24.768207523953464
814	32.00019949932286	-50.572914337539316
815	-4.2354478764664805	210.16276204607044
816	265.9035136525414	292.80295679279664
817	37.74865802982933	-7.129093881525094
818	233.94788419262764	1.630545549524058
819	301.2084809467999	246.48704259051863
820	15.367541292094842	256.83615850303306
821	21.72810107968745	20.344240143103235
822	298.7320630210356	255.3778926537866
823	265.425375690388	257.13908977258626
824	216.5825472720827	0.9677670376517398
825	42.53230594203541	224.301359748001
826	230.02360865941392	228.38341689461018
827	-1.3815075491307454	-19.130953117836995
828	267.43772126927263	260.43545872849216
829	51.57398925458364	227.90247929361306
830	248.87019098546347	245.7526019095421
831	35.35822798780845	234.4971785835585
832	19.236647026507825	208.2898851109154
833	47.591401548683336	206.22444203516034
834	191.54572593826595	277.22696079865824
835	213.14383929028577	-6.264741621828094
836	245.60671723354284	-15.882620980881853
837	247.0645592118084	-8.864995532974874
838	181.79325171784353	239.93014212830894
839	-79.95325502220014	184.29159483225556
840	223.09340168483294	251.70334362053705
841	230.1223066567655	254.41459700858886
842	281.92898816716524	-137.9841491891533
843	295.26851907983814	-12.973245892646617
844	224.10650295455292	84.07291116725808
845	44.98776233745778	241.6816625178299
846	4.791101404968202	205.1951268670016
847	-214.4795193668244	140.36350873693615
848	290.9311859024559	233.54931582617317
849	275.1117160022468	-44.271746627721626
850	-216.88598918585416	-40.00011848232374
851	209.6556850631867	-53.73989186553737
852	-245.7880867905699	-157.5483926824332
853	-149.03988677261	-224.83385864476756
854	-69.51545262582601	-158.1084095948907
855	194.10885488588838	191.93758787803242
856	-174.11164824683078	174.71210041432562
857	161.81414339280184	202.90046011159063
858	194.64977205734556	-11.768389908232187
859	-13.72664561172067	186.04680614451402
860	-136.5125865698501	-16.85083557072126
861	269.29763079758277	174.56885201955822
862	14.064302554195223	-118.36182646883523
863	-16.87248637182921	179.3375499927413
864	229.10788802237593	253.26305514481248
865	-229.09201629626494	226.36072118827184
866	-155.13157969091273	176.03714514789283
867	102.89844376735577	224.57480167975683
868	299.3525732148405	-20.557095957856745
869	-105.87550530260764	176.18204553818126
870	-319.5806100156524	-77.5569488331621
871	-117.37521706185942	-7.150860099677473
872	225.3621274428679	-91.92538503691024
873	-105.2868800169403	-226.30579863376346
874	-102.56085884502	-70.0718333032178
875	-80.12334413216333	-231.44580951571842
876	126.10960128328607	-76.75337577098327
877	204.7340637372014	-28.371296623626478
878	246.48858051142713	-70.59874596485079
879	-41.14992276849031	-250.52532286401242
880	169.45078707138543	-271.7605830392383
881	228.58803957773188	175.69437369895456
882	-159.95213476174166	-33.572539800930315
883	230.4536242412621	139.92312787263432
884	278.73264971024105	239.25243001568373
885	255.89593215278015	240.30186954246642
886	-84.59343801462393	-70.61719166986678
887	-15.744942514361213	182.27806075456797
888	268.98111240069056	-113.92198026395857
889	198.25789714549427	-92.14701133702931
890	-28.53394655041552	-85.5681972562933
891	209.8761114200376	-349.3641964527205
892	271.24540077868255	-97.48630299024994
893	211.18859970134054	-322.37963262291953
894	193.4135696545681	-209.88681849913257
895	289.34589947359507	-129.15278067502706
896	294.28253016374094	-124.15449479055653
897	244.10547694965672	-172.5635516505547
898	185.93058957427235	-183.02981433253456
899	201.26668285922577	-365.534026093168
900	237.69664732472626	197.17279976517625
901	185.12920827361546	-191.52202314463221
902	186.9329524120069	-82.29048411948581
903	233.79324885478383	-129.59877007737276
904	238.60860743520738	-106.17206902938435
905	4.705192192601217	-74.4834995409121
906	243.80746686736236	-219.6945976446665
907	248.96572226925966	-176.57732903591472
908	-31.01113430618858	211.381032567382
909	0.7264436065755007	-71.36417884188367
910	36.90048908170047	-210.14270627226432
911	240.53524195293443	-199.74102061907257
912	-111.50554802885448	-228.18441115848674
913	263.7031786100382	-232.7070939205438
914	256.11764516721666	-176.30463677108878
915	244.63044257796932	-58.514741852129376
916	-33.766412023991734	-242.5103714005836
917	262.28811766153035	-147.45506543642247
918	279.5435480903289	-253.81168020795167
919	-56.95698536421899	-192.8777765619876
920	282.44833467278886	-415.0621091603596
921	186.6801726007381	-272.08630640834565
922	222.37456115969243	-98.23739710358106
923	186.7164738563576	-213.2581865751638
924	243.5878026273645	-304.1212088928247
925	-33.51931224959648	-229.28886083677594
926	20.35661296291279	-223.1113052429556
927	-8.211546838801851	-401.9486899986402
928	-119.72554665080098	-110.53025045934005
929	218.417893373789	-212.85564777682436
930	208.55123226123067	-251.0508203219444
931	88.66080147050847	-193.36003357460527
932	252.6185199572996	-231.08729017240952
933	214.77083828917478	-251.08325818548172
934	247.83907114083897	-227.36325433292183
935	234.31567252393248	-108.89504557879641
936	-207.07850622810423	-156.67493583342002
937	147.451655134809	158.53952153795808
938	249.4720780968218	-98.91944541370862
939	-106.1789271382774	-109.99280733877198
940	198.20466071345444	-160.36817694110897
941	267.21141192277196	-143.20086506774723
942	214.62682798891512	-119.45654085828338
943	251.7367931613419	-139.15075640854903
944	14.905777711054156	-137.93611417781486
945	-21.135749430043703	-97.25565716534882
946	234.40162844194776	-120.54266047719358
947	257.019155424348	-38.675511248613475
948	249.4755978165351	-76.66313537783407
949	260.5607674226658	-126.14586264271964
950	229.72081931627466	-172.35998098828642
951	231.34148950273593	-79.58871028813823
952	223.49312640420908	-139.12456396133675
953	221.29286815754253	-144.08285614577525
954	230.12798149941187	-265.0274092209603
955	222.97985127064052	-77.24101730673925
956	225.64692106281154	-112.46956560096055
957	220.67351258161804	167.33941986859818
958	269.80643647764873	100.258927985393
959	163.78838909472734	-162.02131943795334
960	233.29769887910365	-125.7653565780544
961	272.66069992609704	-156.09922465303913
962	4.319776345910697	-28.472214210664788
963	26.277241412848596	-80.83599754091313
964	-129.725214990777	-113.89107241765974
965	23.738927359397138	246.25352247310508
966	31.34928708881239	218.87975176657002
967	274.1982967864567	-70.51124000616686
968	-13.849567814685798	-75.88989666277817
969	-97.33702787268241	168.0498912442237
970	186.45530286459285	26.000320615461632
971	35.60714157981579	227.30297074390953
972	263.9675287946646	-54.183968838834915
973	252.80748289603582	-46.88519780343165
974	-36.02763156279916	-80.28657103958119
975	272.82418650038034	-7.5605287205825675
976	224.07117966473885	231.49455579271407
977	-1.623390929772711	-67.00398273146816
978	-10.254317620167768	-58.849143844114494
979	-44.2530958898502	-120.94685032038495
980	18.888815184224242	237.57999658104256
981	32.27444720378011	-8.033535056211434
982	44.53850270244851	125.53773035908827
983	-40.57305827556628	250.87855161851016
984	50.356726611428485	-46.764394584233344
985	24.703003213780164	205.0853732446243
986	227.6012976140026	1.7212793576885446
987	32.13985640252173	-28.878597694326047
988	-41.90239900691644	292.5513487199453
989	41.93180861117	-71.00382202749498
990	24.335307546558028	47.73036988458085
991	11.737588462876914	277.517328484435
992	-23.625741435253573	-22.193060119501084
993	36.610514134531826	20.739271388002862
994	-2.751625459993562	262.2744143130012
995	5.890450112624563	16.708440970759156
996	47.973899028122844	291.53179093707706
997	24.994812692037968	253.84266304834804
998	-16.385875678536564	285.23949641407
999	-19.231918359392452	202.57909342201356
1000	269.44749876697335	-32.743861865304
1001	33.254798490759384	-34.671378739477646
1002	13.78316755116714	273.657915822802
1003	6.9747488116531855	-29.214597583504485
1004	27.937330789744124	26.792407585654672
1005	21.083858050380314	244.75965964859876
1006	292.7031328765889	12.36480406917326
1007	5.682664622511652	28.79677118376395
1008	46.23476906886137	239.0898429793674
1009	2.758167281276201	25.465026901355344
1010	-3.670084610132122	-34.10643861457412
1011	36.31236645084891	28.761531352137126
1012	-11.430525017609469	-50.870007546139064
1013	53.65131190154207	207.57105715364918
1014	275.97407749754075	238.95416178191408
1015	-8.980877282626707	33.169049799340485
1016	6.046331921750735	238.30036679992836
1017	-5.1915785148704146	-32.253539162632606
1018	-21.695360174305776	-14.118446705162881
1019	37.15740980596945	281.0446893236293
1020	246.64544257773136	258.67753627566793
1021	232.11519822625036	12.099979098299897
1022	-25.36345382365205	-23.49928820451349
1023	195.49634753753276	-56.083899634698724
1024	-13.939441873643005	240.0463655610011
1025	21.421322994323674	271.8457186822529
1026	3.1573857965999963	-39.506968543414615
1027	-37.05074126288814	50.643474651621744
1028	19.191234939526097	270.3162328708306
1029	-1.0139362552179705	256.017780102163
1030	1.261066399752238	227.3592265964505
1031	-22.863469468531903	242.17300797621368
1032	-8.000309049565757	270.44014331585987
1033	9.070653343977781	263.537225861512
1034	6.36697482148945	206.71058117056026
1035	-14.523034479060001	271.807983650668
1036	216.3520683921807	225.5024033996575
1037	10.54962537878616	212.33694716001517
1038	36.75676694548076	167.11628729591703
1039	-63.192798828411185	34.50748792239597
1040	4.485529649805841	277.46928778848746
1041	233.99045464465289	274.09803912995227
1042	-18.011341266483484	-5.767247669263625
1043	14.888021325509555	231.75246376472387
1044	31.074797043098187	264.53865772357324
1045	34.57766734536381	241.71183860714822
1046	229.49891064431003	-28.269829757904404
1047	36.33298707928856	227.433004742502
1048	235.88981365124891	258.5636441625238
1049	33.96224604994677	210.3582957459209
1050	29.807201924368997	227.2313411968625
1051	35.20931027520089	223.70849417070428
1052	183.6035790377734	-22.462750918221957
1053	241.7295028129924	231.7408695987727
1054	156.91011429302907	-185.83505296106068
1055	228.4056483131981	-54.975136506915334
1056	290.64647104248706	15.039259335336567
1057	50.58872599317169	213.88857144677633
1058	300.0298661481712	225.939610112674
1059	238.41873583745965	271.6633859380045
1060	36.28200561096651	-2.030430145014705
1061	20.550511360690706	242.9830884336302
1062	284.31541451498975	8.710573455315412
1063	189.83753882323825	227.98841683016937
1064	-6.526834915588395	194.33191942875075
1065	301.27074959819936	-48.179182237271775
1066	237.17267466719676	283.09246894387513
1067	259.5093630808515	-64.7629915974241
1068	4.000943560691169	302.13895813221166
1069	-42.0537131589045	-68.57421670686409
1070	255.03716243268371	38.68628535145359
1071	279.5865879696995	-50.956833547577844
1072	248.00107480077827	296.2143554489012
1073	229.69849424206873	215.69443353360248
1074	276.08158083294984	256.76944868131443
1075	7.689421243058973	11.373869237024962
1076	37.97424793592813	273.2959139817691
1077	57.09436863465348	250.35242533967016
1078	258.2770823645025	143.06220167490903
1079	249.22004936896326	283.1660839850392
1080	275.457272348802	-2.796857221350024
1081	-36.63625100609016	280.6180513304348
1082	268.53160021742985	259.73699936462793
1083	238.90824698434287	234.78182006239416
1084	214.516106877155	34.645766210296586
1085	168.9614869261839	248.86723204787722
1086	217.16859730092	182.6482697159729
1087	-21.86533887511733	224.1575272501572
1088	211.54989437760906	254.5706216056264
1089	26.32792283296601	267.9825089314616
1090	10.2721210898913	229.3354570660375
1091	202.84974273121068	257.6968370673252
1092	257.53769116526166	246.45789717015018
1093	219.48933085098363	-36.669981183727515
1094	196.2251833238234	16.789512754361013
1095	213.25906469060715	-57.30898485207223
1096	197.9651481490983	245.9597627740262
1097	256.70712169804614	168.161326739637
1098	233.08461237843207	178.64694080104317
1099	20.407796654004386	-67.90422622900452
1100	268.7834620019905	224.00111495100316
1101	192.48491927184742	-0.6966222628143726
1102	271.08942060963307	191.06843948258455
1103	-20.78663054950958	-64.92005790462974
1104	12.095326327515394	59.105302663269924
1105	199.23413789547664	222.98719147105817
1106	-35.96890729369352	-171.97372763920032
1107	-184.82619346762363	286.53971545192064
1108	-9.692988315395837	34.88179662276099
1109	-10.386348369706738	276.5301581771157
1110	275.264063086473	-71.91262165165028
1111	263.0320064422341	230.20438156911646
1112	-71.17338545166095	-100.12257328290356
1113	248.660827187327	204.370176672534
1114	-24.093193586305546	272.03368316899696
1115	237.98117415710735	-57.00957479695771
1116	-25.554768198263673	191.3654943723186
1117	28.778397869469273	261.37292325529097
1118	222.28235096781947	-88.3135100378244
1119	-61.2909302408712	-121.82331196617523
1120	-37.95243184322352	242.79719094666342
1121	236.26789017020627	263.14631492573415
1122	-242.50613870471645	257.9007907198751
1123	-64.45597282537443	-5.946071979620015
1124	-56.10566397056313	245.86570377990006
1125	-51.31949765560678	265.41395973598986
1126	-41.30775831449992	270.1455027551392
1127	-176.59481273041763	-249.19824429204354
1128	216.97176397302786	130.00584840219153
1129	181.02073720264616	194.28069323631382
1130	163.16069211972874	-66.98452629398763
1131	288.64374093237564	217.4213708853973
1132	234.98828087694412	213.90687234201903
1133	-34.50887216119618	261.7721857143007
1134	183.23562056621196	246.5551401474348
1135	-75.6782536187186	-17.5228095578251
1136	53.73435690034026	135.57944881644215
1137	-27.604508277799795	273.9087538933794
1138	247.90161656185475	214.4126582956999
1139	-10.323721271456478	243.9853202599153
1140	265.6046072470892	267.4274982787838
1141	281.77925057675975	-5.036431010515116
1142	254.75710579734945	-21.418508646120486
1143	2.4996898273533787	-39.07739016987429
1144	289.67996584603463	-109.9075468904771
1145	-53.55574991311359	-2.8773339532148725
1146	-102.74442291783818	-39.53648426243389
1147	7.660471019452629	219.61968815357955
1148	-26.328297467179453	-3.0643380582173023
1149	217.3557247269969	-31.500617064779973
1150	26.57990685717347	-14.31377960473489
1151	15.411916703440454	280.0722041373409
1152	-4.774038881505675	-36.81580785280236
1153	227.7601442303168	-6.824471732985174
1154	244.56421496150867	-93.7969397861494
1155	218.20695336977195	241.15594291614534
1156	11.609368049934389	-28.410991805214792
1157	246.27824033669884	180.80065683510668
1158	-21.811997261229763	261.6056915231036
1159	297.25475487299343	277.2717862299978
1160	-43.94238786362126	232.8062115511237
1161	272.9128826067034	-16.99463305596298
1162	-2.9152161104649963	-42.91221582467168
1163	-12.027967751283398	-173.96427597598654
1164	-22.650746296119948	-216.82996963490228
1165	232.09316134917344	-52.69530003585783
1166	282.8717996184455	-29.272217994890312
1167	292.99054311137934	8.643989694421592
1168	280.94512880701893	-2.221277883763861
1169	43.96128069978005	-55.82929285742151
1170	48.83480115143658	-34.10366043503534
1171	263.6671222186425	255.49274568979374
1172	215.20324292826862	170.11602011278455
1173	246.18489776257707	-88.93955232261504
1174	246.30501667528407	7.58601691773795
1175	26.25307187499709	271.08665692180773
1176	38.24571101600796	-15.14304997424621
1177	254.34626663748986	-22.956754915699094
1178	31.827104470385564	196.2260603597921
1179	40.55431524380734	-53.746892517864566
1180	285.6371585996969	184.02686699340973
1181	259.18375957580565	-125.28196211394692
1182	-33.063504768382344	-34.90431414143178
1183	243.02560277077393	-203.8949394062281
1184	12.01353443973963	-18.2157746504202
1185	269.7845298978242	-91.53901678456508
1186	38.621207299635586	-72.21784930980664
1187	300.0196703908366	-12.824435079293195
1188	18.01318873151361	212.83216101524852
1189	264.32757533600324	191.6836810065675
1190	238.95406583499653	243.11794447127366
1191	263.1885806085302	-21.639669135404816
1192	292.55860860153274	-225.1393436542725
1193	229.9578732872883	194.03072664159924
1194	242.64828851480698	-250.1138074719757
1195	286.595026668709	139.71259072539488
1196	-149.87199971467047	177.1849026334432
1197	218.5254983059529	122.1523075883394
1198	232.33465829151316	211.1005193131373
1199	182.6643302582377	230.0323325263781
1200	258.35190977972866	-96.56415774845242
1201	263.0657245656391	213.06466091443878
1202	201.050377012735	232.12777857481868
1203	14.51357033963059	239.95668322363514
1204	255.1400124714099	126.32409882043362
1205	246.35225450483972	149.81393057029396
1206	253.78741983257066	134.21724433316552
1207	9.016812326428038	142.07894838801846
1208	241.26574633104332	181.04696350905346
1209	-196.2411522558164	161.22792047050064
1210	269.7632886757582	212.8849431688054
1211	235.7993780239242	197.32567121011306
1212	-28.241428397224354	140.53809697042132
1213	266.8990511392459	138.33221486508165
1214	229.08744579560218	-76.90081097431063
1215	236.35524409424036	-56.181189142867005
1216	275.315169765307	71.27562614379116
1217	268.34332010396946	25.05653700207208
1218	247.31927372890414	-72.41304779203504
1219	262.5992068998658	108.46932153159833
1220	244.22111457302887	207.3441036253031
1221	224.47291520335563	173.83993893857715
1222	241.9860292276081	226.0758474914934
1223	231.91791678734674	195.73929618958522
1224	-159.08189780434526	232.42165854380346
1225	264.3580790501945	-68.45875231295321
1226	-21.820111441056625	233.726350191831
1227	-180.70685645838122	228.19599256918755
1228	201.92570454427684	195.73587962741914
1229	292.39085573350667	13.867527522576097
1230	237.60871048601862	240.66169991781064
1231	219.7382264157421	-126.61714498497133
1232	-19.027638216105814	245.76282467876854
1233	293.1787885340925	250.09906694993896
1234	252.68374406922229	175.82785598624136
1235	281.0218629522584	186.3340490601047
1236	-17.672575942864725	200.07759810152007
1237	272.3659295912291	163.89774073764949
1238	258.79014953498086	225.46605995727296
1239	267.95262160791304	-31.1123279509695
1240	260.8951394685312	218.6591778124351
1241	269.8718873832976	149.83860228347055
1242	229.0865273286221	215.92825248736563
1243	250.460500819919	218.60990755995343
1244	222.59569664722403	-45.398650900952134
1245	258.6009851569026	227.67158730203408
1246	265.72736199568465	251.1672660841967
1247	-9.66825492418316	-56.22938499237202
1248	283.32603617606594	258.0948280157593
1249	236.20269806321642	-58.62222092735256
1250	-10.84273357135325	253.25104225050097
1251	230.1646266771883	222.14466963999467
1252	237.98108035338677	217.44289481768567
1253	22.8360885651023	240.2416869248341
1254	217.9357451022511	214.59171809969894
1255	236.62727963432621	247.27722660161947
1256	240.03262512553178	249.00519332385124
1257	268.78944282778275	218.73995425886528
1258	209.0307538184036	187.8810054545978
1259	271.9621453243044	241.92476826063327
1260	256.53083000512197	-14.132027733492379
1261	-20.638081967788807	260.54567273541375
1262	247.51702462038526	274.1945314862188
1263	297.66618623226157	230.02412107653197
1264	236.6896642979112	258.9782517072672
1265	250.75219909559232	186.69508744997938
1266	277.1799861949991	177.17887998129217
1267	284.9307614723972	275.4176514865841
1268	-45.66327824459046	-96.61154975216287
1269	292.1934377230031	-51.518319720467886
1270	-69.3451966119373	160.9882865859459
1271	-33.143888827658046	231.75383316658954
1272	201.09289261742333	-125.7128223272063
1273	267.297534134049	-180.8480598303212
1274	176.7656200084911	-87.90072422708415
1275	261.0288152331101	-194.72654022167433
1276	-42.93050822318324	105.54437764809275
1277	179.3411658133443	-149.49342425553073
1278	191.16455965262224	-239.7904485822145
1279	238.66804253615385	84.3553976055797
1280	231.8879234095415	-105.55225530135513
1281	-41.98975239565499	-88.34191385075862
1282	207.06358203973534	-79.9254345941105
1283	113.55949620979183	-177.50219241707018
1284	161.34905257847697	-150.21050238327703
1285	117.57265043815185	-184.09312462873527
1286	131.53247461314143	-139.63368121127905
1287	-57.00253269880531	-180.3641967200054
1288	-49.99966443693553	-128.51873643093487
1289	126.76138047501787	-63.7993746410076
1290	232.7450275104347	-85.12518057567105
1291	-47.37938046538376	-51.73647331166044
1292	-108.36816406500913	-16.592440170528697
1293	154.0201686022594	-50.54072166474877
1294	155.6441245152935	-44.353581649399544
1295	-202.23337569162936	-35.10542524322438
1296	162.26589858553697	-63.876180727928826
1297	232.5345440069885	5.956438558556344
1298	204.30190478012136	-59.45807428671094
1299	205.56153808160343	-17.411965700212757
1300	230.4265320346145	-14.87419481989083
1301	248.52986735667608	8.421907090580824
1302	259.71084456715386	-39.80434213611246
1303	236.10313371817296	0.49782681705631737
1304	202.39775723655418	-63.095346135695976
1305	232.84394318686702	-64.28175078267641
1306	-208.0506911946817	-64.08079033490897
1307	205.36611927344066	-13.511335938658721
1308	283.24011893876366	-43.281714326241044
1309	192.82965490371916	-38.12651198339862
1310	253.89396814560882	75.84221700731345
1311	27.575777600985077	237.7289720351934
1312	30.896544554934053	0.9432176726126624
1313	174.73798084225973	-36.93230316239499
1314	-73.39438094968985	230.00089119589822
1315	20.644465050654574	242.24821972993834
1316	225.33199061940854	193.19716702192284
1317	206.47967455157274	-93.2785166662812
1318	252.36182510930942	266.65086668293424
1319	246.2039349839593	-22.97632638439906
1320	218.978749893868	244.77250093214096
1321	310.5691476521362	5.2686406787632905
1322	31.179535265319032	253.2074012944556
1323	-5.358135817832036	208.38213166121528
1324	240.51436100268833	-95.36238896015827
1325	275.06673418178264	10.675215169126474
1326	300.41507660210607	219.0784714732938
1327	152.6711391242682	218.771711670177
1328	266.9203890149023	198.0675830375194
1329	-147.5515217982092	212.53318707014887
1330	271.55794406202523	265.40266633336785
1331	257.2543109970725	236.13114621767997
1332	262.0959727361326	-8.735232050078068
1333	216.53635753814336	246.80324225420145
1334	52.75295284056648	222.64892696040283
1335	-20.606598416283603	241.01324810715056
1336	230.04877827564428	-14.058666689261798
1337	-16.330180797976467	284.5726036552645
1338	231.08882999711244	205.06138255817405
1339	252.3482614289037	180.429081518678
1340	258.4918373577558	239.15910467652498
1341	3.6733677312504653	-40.621276768621044
1342	229.53457572099293	162.44939774075186
1343	235.26206495802842	213.8310375276007
1344	20.34988134989743	277.4682500509924
1345	-13.118982323555045	233.95050509053598
1346	-0.9003450502053454	204.01138537047643
1347	58.7956046617999	-87.01965269001384
1348	30.571641257242135	110.15254920485292
1349	32.486718947790735	279.6535177102218
1350	202.88749896544135	263.7595066035716
1351	254.91221250952594	231.4384917821543
1352	21.95726328933239	249.79155726134564
1353	-14.462754738362761	-9.90619701168832
1354	-144.07990681107728	265.50012155484876
1355	29.021556004564843	289.4580032527123
1356	280.29495616230946	258.9361511990593
1357	9.390589278876746	243.51264487886783
1358	257.6571134988184	-58.391895140956635
1359	19.57618651445125	-38.647738761541945
1360	225.26784700478237	189.30706207528428
1361	280.6372732770916	-21.699875318125564
1362	0.6287130482088372	237.96178548932238
1363	-45.53936151924846	275.76723078417865
1364	274.88355709521034	272.6905663795359
1365	261.82690132194773	268.5198996452318
1366	36.30396116894195	254.66141901759264
1367	22.516555610651068	231.2506624819827
1368	276.75438666137404	245.52621506720197
1369	12.277374672601795	266.2903237233188
1370	274.10843406491466	253.932906271372
1371	25.114852651722032	21.14386918661326
1372	20.050748554148882	269.795347660025
1373	265.5688545225329	228.59807279997807
1374	43.835391818983084	247.71749206773558
1375	14.576050169980064	230.5049216386427
1376	227.3445031222401	227.5723245320418
1377	192.11606123326328	-22.20740683940525
1378	52.9442458129285	297.3236286167136
1379	40.04533966316913	290.92264016011364
1380	-6.375193611758547	238.27613907262312
1381	17.80710570540201	-30.933669358072194
1382	230.46434138077538	15.028092768288673
1383	278.2704821036837	236.38131226472353
1384	16.610479648512168	239.1704871033308
1385	25.167318327824134	238.8592518616205
1386	267.65794174146845	142.3733745245288
1387	251.5929099472605	284.8127422311172
1388	261.9814316364184	-41.42227453634759
1389	258.077851698537	-40.512458899048625
1390	250.41941028048288	172.17393632226833
1391	221.9553625753425	181.773734701912
1392	4.140308648379985	-49.65523884691386
1393	261.2367146762485	197.15588402335857
1394	29.011719640588865	283.0726480580453
1395	224.20350988199976	-68.74233907487651
1396	251.7370230506636	215.43773935502483
1397	273.68812458172215	-28.444784123654117
1398	263.4794813194965	276.92213641242404
1399	225.43897892311992	230.47707900542255
1400	33.644724241929936	243.78132037992708
1401	278.80788727106324	212.56640357694607
1402	272.59683812206765	255.1613050803256
1403	218.07030363516756	203.30684770658004
1404	10.28759388729955	158.7905731832472
1405	196.98549409492634	271.5669722605944
1406	251.58884649402907	142.20460004932062
1407	265.2805427553257	251.40578204675177
1408	232.78130408423266	191.35365467894104
1409	173.71863397386636	218.44543335511418
1410	304.0834061438053	234.6285951787968
1411	258.47889409711047	267.16611120398204
1412	9.966697538779314	253.7869251138735
1413	272.62358047618164	-5.291982221516008
1414	18.937024800677605	-22.699273170592647
1415	263.33091005505855	-41.00666535595758
1416	224.44640041194975	-4.674337562683263
1417	241.63316980597435	233.7313741738408
1418	234.9887796881096	179.53412827149356
1419	265.4522723406743	231.07885743481407
1420	208.8166181018839	223.81657966653117
1421	-38.882589890338494	230.28264127917518
1422	37.18886412727909	230.85292876034958
1423	16.921817813933075	214.00158013971588
1424	265.95810271832806	-1.6205954543688534
1425	3.867757675092605	241.14376588131245
1426	232.9413145796753	251.3799002702577
1427	222.13049486797144	193.44249636446293
1428	34.30810076810948	253.39149182657448
1429	253.92257156938757	222.919115559874
1430	220.89963425596835	281.2231633627556
1431	251.01911008208552	210.6642787134719
1432	257.2206338426853	250.62725136105735
1433	249.57337696360273	260.7034256648125
1434	250.5382665538378	258.626461832019
1435	257.09118764949244	234.9262128224332
1436	246.5129378399278	180.4616910272573
1437	35.931677403700064	-65.91710524830586
1438	263.2896662613144	243.64077376127057
1439	224.48985544993943	244.48854279279004
1440	193.49603847793657	240.20313282521226
1441	36.029223836154785	259.0291154549145
1442	277.14056925272064	234.53037418453664
1443	18.230171831290193	228.2499197391913
1444	224.85320332704313	238.8818283083791
1445	12.116527807140898	204.3222419026125
1446	257.26455821185823	215.54739737469055
1447	266.01021588437504	220.68846539190008
1448	277.5577740861176	224.68708838652867
1449	261.9512460209062	236.31984233000756
1450	-15.968132288692715	185.17828545999475
1451	253.08367634749337	224.04623296001202
1452	247.0849238612565	217.95915821273815
1453	217.5337630430326	217.8586063572158
1454	250.10777209381567	208.0133652393226
1455	-27.617757065420662	224.5549675144943
1456	228.14503931503734	223.68685314988477
1457	255.13426937816394	216.00679626019877
1458	224.29906922312642	225.45922511591698
1459	236.65382255718492	195.42466448431034
1460	245.8468253622968	199.21474075629376
1461	244.84873272279282	203.67376450692524
1462	199.0000803448919	-132.31265020938838
1463	241.85632425258964	230.45308733552633
1464	291.5145238132337	218.13213129884468
1465	222.54610652731418	252.3978794056436
1466	31.404765639611014	225.3046558992092
1467	270.03225833186553	175.19754281921834
1468	264.48517823577157	213.18587462344948
1469	269.82912449265547	-2.7923170533161086
1470	40.17826764934506	123.90653724157741
1471	256.10434789237746	233.034665995058
1472	18.146868105756596	27.449150833892773
1473	-40.22658967567802	191.38183210065472
1474	-140.1664248213966	202.03060902099614
1475	271.17291053861874	-30.964139897501394
1476	235.30724953474407	-5.708197816565232
1477	284.5327642459948	215.18973246969043
1478	182.66966520993412	189.8675429972281
1479	283.41511967681345	216.57544307306014
1480	252.10017395918794	259.63237113623484
1481	300.02206642223985	226.86523344159966
1482	256.7084747946558	-45.96902175437246
1483	262.6132210614637	250.63068519396046
1484	58.18501451885979	228.039305246364
1485	285.7435547768807	227.4108837695486
1486	32.828486066769386	275.63245310351874
1487	242.32253851256667	189.3905855296342
1488	221.32586085687788	255.6833351772487
1489	265.69728751719526	258.3235701252686
1490	60.28742623224531	250.5400291963855
1491	285.16614342405944	12.448207340817461
1492	241.89904271384145	246.8538692633885
1493	217.05091580612088	231.39718527168282
1494	253.09601305640388	191.83394351994627
1495	239.42181703374186	189.13286164282275
1496	266.27271236004844	254.89691743253266
1497	245.03883285126724	217.7691319357191
1498	25.23469150758197	243.5830931810115
1499	5.991598669646322	219.72031054809418
1500	247.69918986932765	242.78488055317214
1501	278.0042561661844	-21.42780790550532
1502	240.9716059043398	226.1324055155877
1503	9.143932861245645	228.64075712172192
1504	258.47325760364083	193.46407029872682
1505	246.23860187653003	226.72021627525396
1506	255.89316417756243	-252.36319350330155
1507	8.551298177675932	238.6090932954079
1508	257.5017650892264	265.059948418907
1509	46.74447336553433	277.4648351255776
1510	265.7128594574526	283.9955615186273
1511	-7.4238044637694145	243.8840358677497
1512	36.79553704526006	250.31072211801998
1513	197.1237253256029	240.7443426473133
1514	210.81752182899774	230.17362407576888
1515	254.85652912653603	251.52678352287688
1516	247.64689993537536	232.30610087906936
1517	274.12794764445925	-51.47936402340888
1518	-50.13559467500802	-56.5791409378146
1519	295.4116176551189	248.05400517047806
1520	262.86503556053356	234.97727047610164
1521	6.9597478996115	7.401751818218699
1522	38.665339166231945	29.645796841374022
1523	241.8851154984868	205.70866212525831
1524	31.932261878320617	-9.049201217894904
1525	-6.828263684685254	228.74861320794218
1526	267.9959752007568	237.25127976545957
1527	272.26517350413275	282.15788347066643
1528	267.17680746472706	212.00700290433429
1529	4.516630325248116	203.4716392332054
1530	14.101914809119265	203.17332885100845
1531	189.09589658079074	222.3140162332528
1532	238.22828380090655	-10.185901775033997
1533	249.32105082407915	265.21651107843746
1534	276.8758854506407	226.4100850954556
1535	251.04530712628724	-19.900440413738878
1536	259.6212212892216	263.52500357537144
1537	273.30956376775134	235.84560787721713
1538	36.422035732363526	268.78800125443684
1539	266.64217521669207	-31.721208129325532
1540	261.9682137191666	219.2552604149594
1541	265.6245058730051	-16.273162284033987
1542	299.9191170196025	157.57609631464285
1543	30.713323865313356	264.36613478466256
1544	45.29979154862514	233.14819112934225
1545	35.913403530285706	216.43324108292052
1546	262.7889790139884	-200.64797193478222
1547	245.4938713243011	-56.79157271452407
1548	229.69642607949166	178.14311052997664
1549	281.12775630242027	264.8921248636568
1550	247.072973165981	260.9119896039131
1551	254.34684196472696	252.04445079715464
1552	18.393488373501896	259.59574921791307
1553	11.134585824559707	261.5625979886098
1554	287.6591657679856	-30.956329205251194
1555	263.56459761557517	239.0318300099487
1556	6.268353298580834	227.55631566036016
1557	261.04419822293187	225.32027835118876
1558	240.16114661259127	251.54460970667836
1559	306.4966490974421	224.39214040032766
1560	251.71393423490596	241.81833462116649
1561	232.1267519874467	244.40826986609875
1562	-12.304895248989922	188.66108703770266
1563	11.101217708117844	269.6404178124931
1564	1.9390990298989266	265.9245205505348
1565	280.97015165057724	265.73286815553666
1566	232.99701500188206	257.71820024307874
1567	239.4950537609783	244.17085743076922
1568	262.18633991370166	257.2816000805997
1569	266.6675180854685	281.1260583353634
1570	19.425941700832652	266.2417331272571
1571	226.75522031657187	13.04604528649999
1572	260.0810423679759	276.4082546459167
1573	255.24899611654232	268.1295880389414
1574	318.75230062877165	242.1131131555909
1575	231.5983146613791	255.03390065997968
1576	257.36322601616644	267.950652601149
1577	266.1946200305341	293.4282191713204
1578	-17.99787944169249	258.81158029497016
1579	290.4928654300804	226.54427288677465
1580	190.42785456544752	22.746638014949895
1581	245.79913145215087	-9.72198733723485
1582	29.11918250441272	246.23104153348265
1583	314.4766251776482	13.89610729124648
1584	268.33077811931526	263.4936520973198
1585	43.331767989960554	229.91956955976482
1586	261.8122587941534	283.81985501150064
1587	244.7233064715486	32.40581931014211
1588	6.629471707910199	156.68022762930158
1589	12.206808824659731	260.0992364564739
1590	266.1728434790234	260.4245889629102
1591	250.83021716846952	279.7747190147194
1592	4.219310982535333	276.72626547052363
1593	5.663328739248797	-31.26781065529819
1594	246.30488372826426	236.632999040582
1595	274.1686036233524	246.59572101070486
1596	253.32182015592926	238.00619174519807
1597	283.23874621113816	239.5627265116995
1598	251.7811394702434	277.4738807990271
1599	21.27862000061323	263.9629352941506
1600	274.83963700968917	216.32101343579507
1601	262.1070026910745	206.9399242408857
1602	28.75426775633275	244.7916044629357
1603	275.971524735443	259.51529954562477
1604	285.8585667893067	254.0908756759282
1605	-5.812963874105009	255.69261650669876
1606	304.02072881543177	241.99053236029934
1607	18.5442662952091	217.43933420995776
1608	291.90486134991767	275.89283677495035
1609	206.7191247861443	225.66860596694
1610	272.56294448707615	292.1178781614633
1611	-4.135927286705041	252.33948885426923
1612	261.2253178955208	235.59345972814884
1613	-0.831859731522286	219.54831148407908
1614	52.094984005188195	167.24916301235174
1615	-13.538639831012247	258.5233478222684
1616	278.6405491181544	271.8967351532427
1617	237.8861798961405	276.33279644367167
1618	8.698457100639757	282.9194589707156
