Environment: LunarLander-v2
Agent: A2C
Experiment: standard_experiment
Parameter: standard
Time Taken: 1900.0756783485413 seconds
Episodes: 2000 episodes
Max Episodes: 2000 episodes
Reward threshold: None
Episode	Train Reward	Test Reward
1	-299.8296012971226	-693.7842568267986
2	-235.7565598461323	-545.3522094098241
3	-228.77601463251264	-467.36233051632587
4	-91.25512923861231	-460.0062389414376
5	-335.7694673898935	-1042.3757167091508
6	-118.19202691611589	-557.3033951655364
7	-378.43025700773563	-603.1740696400894
8	-157.07054410543589	-596.5998129437551
9	-351.0092673002438	-603.961030251069
10	-241.17717836133423	-754.5623039232901
11	-176.6473409230163	-526.4321179585236
12	-119.6279666021321	-576.990671077159
13	-4.3002999464325455	-378.27682781893236
14	-222.88849974757736	-703.6767350458327
15	-370.9248298273094	-585.1421436645858
16	-115.7805479457192	-424.5904027718
17	-303.6842287671875	-553.6307552132223
18	-142.07715041807575	-721.7514822308269
19	-162.91563392411575	-438.6774975861918
20	-300.542336275616	-615.1437496946579
21	-145.65064065856183	-756.3580197465667
22	-370.3080110585662	-472.2434970687923
23	-131.37941645902634	-721.3028286563309
24	-175.78602253340716	-368.2253235741538
25	-186.3608814656103	-662.6560718999964
26	-102.16082996669073	-706.2990968781093
27	-467.5615414289358	-664.65848312618
28	-183.68660501615722	-673.5914374924387
29	-207.3819658571672	-575.6553259118914
30	-339.4427912170673	-401.4153599335409
31	-141.22570856437682	-591.2938294115205
32	-127.14294615973407	-413.8849124593427
33	-351.2426593318155	-508.0159953850306
34	-116.45855005266141	-1258.4651663450052
35	-91.36223052632619	-858.0164156305192
36	-128.8310561117914	-1086.8051422534563
37	-168.71144227128883	-626.4403349939387
38	-124.80209789850225	-562.2779927822282
39	-109.3333883746326	-784.7114229992394
40	-72.22163373327257	-731.5784707498008
41	-184.4881201645744	-1795.5137631177552
42	-67.95291878245159	-561.5823448810464
43	-400.3162529227816	-521.4416512357174
44	-129.54038621119372	-543.5141753601156
45	-196.54031634312662	-672.2454375816415
46	-109.35573489776978	-414.9527966340586
47	-102.465212457751	-860.259565781726
48	-153.12845865236076	-433.99204999627267
49	-167.20360062782214	-596.7450726202312
50	-241.062634475983	-603.872413927626
51	-66.68565753019018	-602.6427515355672
52	-68.03103850836169	-711.4199167789557
53	-116.55109661928273	-608.3118474119347
54	-107.42308638464992	-1130.0578581286497
55	-201.92491050062625	-794.446239474582
56	-255.0950822369235	-817.9366226384501
57	-119.11871542422014	-890.6220122203068
58	-176.37954161953482	-696.6338515309862
59	-91.96641438235321	-807.560596581627
60	-146.3487880785333	-603.3286939205769
61	-122.96103308733312	-403.4960584798878
62	-82.30543399249026	-776.7258207175593
63	-156.21218166202397	-603.4116301184132
64	-119.78542595080452	-649.3314439538807
65	-173.06729341337532	-331.5195867533265
66	-229.6598018283309	-1006.7710838604189
67	-85.07786603438431	-882.2884445985275
68	-54.47447629854504	-608.7522765618237
69	-130.61875363673465	-629.4763551818082
70	-170.13216308121366	-549.2825602235831
71	-87.40694382872589	-664.8647025787386
72	-214.91673302285298	-588.3121688456132
73	-178.31496099207675	-1228.4186671020095
74	-42.77122333013236	-940.6935508975309
75	-123.30287122754451	-1023.23352032301
76	-6.5841962687329385	-1055.6791444101668
77	-45.567671222708015	-2237.6601011210882
78	-235.84560920635343	-580.7388844451337
79	-83.08912816509563	-2870.636604944083
80	-105.33987823788152	-1900.8143769889439
81	-111.44628104027201	-830.515220301973
82	-64.34038507750248	-569.9959895053631
83	-151.76814407245672	-1964.9403694536634
84	-87.78398904445179	-570.1317553847177
85	-148.1316541432201	-953.5400896882097
86	-80.02730825434222	-4460.361574548961
87	-97.56215015672294	-509.03329480184635
88	-325.19870926435317	-668.2455788781194
89	-198.5930825467605	-603.053262043042
90	-122.03601638958993	-547.5922547712812
91	-60.886912362179054	-1283.8064764644594
92	-88.28034994436547	-1088.4192383870923
93	-76.37774227858	-759.9051210023018
94	-113.18973919061152	-662.9656352020125
95	-93.83072284093932	-495.08190936388274
96	-304.8728452210785	-1544.1700599920994
97	-102.32330016568737	-374.09957457054054
98	-286.25479865800594	-801.2058129055647
99	-209.3906617573927	-713.4870105824336
100	-207.99322415241113	-605.4056710852838
101	-223.4819627168808	-488.61998802028916
102	-87.61847065194678	-590.5924926803716
103	-114.93592315972447	-494.280302036365
104	-320.66487771244863	-865.576458885625
105	-53.02011474325787	-353.0883431652245
106	-370.5688894635672	-460.9647427377187
107	-81.09542278819103	-276.1339386358053
108	-93.86113974522209	-753.1455264510436
109	-59.67987883669032	-1381.2498401784176
110	-115.10720701873304	-531.8177225345223
111	-56.525943219906765	-504.2658595725705
112	-224.01654499308063	-884.2252399535076
113	-167.8637103114533	-295.62737506815427
114	-191.72070510599832	-625.5575346269061
115	-112.84146038561866	-1307.2858412980659
116	-29.93363525028306	-501.4881068781463
117	-95.88692584811757	-550.8307467890219
118	-148.98932174811526	-543.5478890083943
119	-58.759597161662484	-401.67390910377924
120	-274.9074137130417	-838.9582791033062
121	-144.50723340832243	-713.1409271186617
122	-78.4219889999845	-1271.1651497448631
123	-64.99565612200003	-1155.9213585637726
124	-129.08225068084172	-782.8703941440845
125	-190.13584273432514	-647.0844192510069
126	-13.065030097673542	-929.0724595840068
127	-123.96551485033433	-1588.4803055362124
128	-165.19363018473973	-853.6531832126897
129	-552.2578744399502	-1034.9827066602027
130	-187.89085016418568	-1094.587176302181
131	-129.37174551280148	-9219.344142708487
132	-87.89222292964605	-1068.365371132796
133	-161.50805017639527	-1557.6266765332084
134	-122.64185083356995	-1431.825137527705
135	-245.00911485295296	-1067.975167562367
136	-151.8112441438265	-564.8722953040949
137	-459.2145460248131	-624.200481193896
138	-65.98412889589852	-943.5330519801079
139	-64.48783215769126	-815.6300843277677
140	-100.03418211159627	-723.0925570016627
141	-204.38386470071725	-727.6137074679318
142	-108.40710998769683	-974.3980752729185
143	-73.15063808415103	-693.2636475046604
144	-135.1736404911068	-662.3112373020488
145	-158.0009251292973	-529.5151651166011
146	-75.69128635375945	-437.19275907651553
147	-312.1402679725973	-886.3030300579601
148	-93.28212012558043	-622.9874563706611
149	-73.62287175982902	-949.9892796245832
150	-141.12768232861757	-460.62645036925403
151	-51.993122074852984	-387.58863581424964
152	-59.305487097586045	-993.6236504744692
153	-102.59187251670792	-804.3299410492165
154	-61.3568593860261	-1113.860882156434
155	37.9190024188716	-762.0995097392234
156	-114.49478442405591	-586.8312479314336
157	-70.8424098070756	-372.60929937264734
158	-86.20371770976969	-596.1434808468314
159	-17.478599065609842	-324.57601387056957
160	-25.070471274890977	-851.7222814255255
161	-161.8519208633345	-643.8165129751419
162	-92.57043184030786	-364.94255841697645
163	-6.569839387198385	-1040.4609883037162
164	-61.39180978781073	-531.1664776239134
165	-106.4557069016263	-355.9724063216821
166	-39.70092770605636	-325.76569908563374
167	-230.8217068175335	-392.71428552266104
168	-141.85453692218158	-485.759227161018
169	-43.42261286298448	-1006.7635501487687
170	-55.42426438285009	-910.0169544099791
171	-117.87912210044533	-1002.1752763882753
172	-224.7550954232558	-544.5626475965524
173	-113.81298308773589	-1069.713640033727
174	-58.97546164528783	-1059.1873573484454
175	-91.28551507928131	-428.5637290484189
176	-88.46619741980456	-753.1851539522306
177	-222.23046557506115	-822.158696532808
178	-84.02738508654004	-1010.2958879049986
179	28.84544884659199	-430.13440049573666
180	-18.525450302563797	-333.816986158403
181	-333.0824121201422	-485.5721958303854
182	-187.55246061782006	-494.8469203781507
183	-104.20957266932824	-560.4149997847978
184	-164.73692745118566	-883.3942683453041
185	-66.91979228263546	-774.2053198997831
186	1.4796667693609038	-799.0245862554906
187	-138.87922242774744	-837.0327043751971
188	-161.46527712969424	-1016.6683648350825
189	-33.72946821324548	-1236.232619388855
190	-172.01811210564745	-721.2547337099049
191	-14.422772633537946	-573.4824995698773
192	-58.81017252403829	-1032.3606175744917
193	-17.10392994742773	-979.2864016639327
194	-41.58697492997605	-287.2986228163359
195	-239.92212866852967	-577.6741828307293
196	-90.90309085436434	-276.52577481004636
197	-290.1892250833489	-754.3815636283634
198	-237.6946795285739	-538.008010253722
199	-198.95199947373277	-286.821825456808
200	-12.917106425762556	-607.6273265449408
201	56.33175445371805	-834.0156319954214
202	-43.940692673436004	-562.4759905509944
203	-112.58867006698583	-347.0220710122341
204	-130.91544616746697	-363.01851239324657
205	-69.35600370859774	-310.17577622336137
206	-4.922145161496488	-344.38558873058247
207	-10.194617637159837	-338.39607033484026
208	0.5389026456673207	-388.321502439079
209	-190.84022024455723	-260.5797847911374
210	-41.05721626614485	-356.68066931457696
211	-94.95038049904558	-390.8860936624011
212	-70.11738933492998	-346.52259947774064
213	-78.78044843225439	-380.4861284460226
214	-135.45834308195083	-525.475443046045
215	-79.3522468093605	-314.1218056512598
216	-20.217250703340625	-402.4200217080899
217	-6.06771354266408	-324.5337767778076
218	3.6353735851765094	-403.9761852264816
219	-42.730142303003035	-371.85914740193044
220	-91.17225931680179	-369.2999297100097
221	-179.77791384008682	-324.33200387964746
222	-126.78317540501385	-401.3379507246834
223	-174.29490954667165	-349.2890746073469
224	-215.47502832109325	-441.7334731076566
225	-169.86328231505215	-449.58349371899874
226	-22.281844299343064	-495.67250416867336
227	-157.96518852788986	-411.8652281084678
228	-179.43543336712463	-672.3822022588448
229	-208.30018697509414	-588.8061382857508
230	-234.14326615722217	-723.070051052328
231	-226.1514520325681	-446.33109221429794
232	-266.74789352128965	-663.6772592125726
233	-131.09742310107657	-826.3479153980828
234	-97.73921103770532	-474.2269544928175
235	-171.02678860169988	-513.2070159957457
236	-24.857816956469094	-445.71353682895295
237	-12.494180873193724	-509.0418419454338
238	-295.4588070931268	-330.45580700958556
239	-45.20639388730316	-254.1555179786731
240	21.447668612747318	-216.5942245510119
241	-14.038005078034416	-198.93113774069465
242	16.970779780931892	-156.38517460964496
243	-160.7484596449552	-145.20779088827746
244	16.68033065248534	-285.58021101749296
245	-25.147726543383797	-205.6054890967912
246	-7.589559394651346	-161.60664160324464
247	-18.29415726921141	-180.11006481916928
248	-57.77663317296246	-190.26669015592637
249	-52.78631850238856	-249.87017539373787
250	-41.983694825764516	-143.9015026278861
251	9.852167927398554	-232.18058446703935
252	7.9140031301526506	-187.54875611904447
253	-19.427242823146486	-180.9811012476015
254	-10.350043299804483	-172.6804323307134
255	-61.92992443550119	-194.1726805704663
256	14.991692849880025	-171.1909474631397
257	-37.24011192172921	-218.0140644755412
258	-39.650436649622506	-194.75274101631967
259	6.188022045111069	-190.994972452323
260	13.036772068401547	-108.81142546700625
261	-33.17818555099835	-112.35552445734936
262	8.053830253774521	-204.52783226253877
263	-14.407959831452317	-100.5933743850027
264	18.095898670405646	-173.03712107917187
265	15.61917476072476	-203.4402952311725
266	2.4970845682335607	-198.80076696700522
267	9.98060585517598	-201.63151171723496
268	23.005289595841603	-148.57836691655734
269	-220.1782747245881	-132.53814705725557
270	21.83892193960409	-164.09911071966883
271	-43.365300579759364	-187.80510535898216
272	-13.419259126708141	-249.5745317290945
273	24.121899835105452	-223.25148731476676
274	-30.20529670654578	-222.64164133230236
275	-18.74882349112006	-160.61692763881533
276	-41.68724326673687	-219.30455131264574
277	-15.593409391783297	-202.03378777779687
278	21.68964842466555	-193.49857386900672
279	-32.67658196087089	-177.16552890340063
280	-54.87170323754776	-225.76854868061866
281	-9.83144011774179	-266.01183796640544
282	19.319137019933468	-250.5326302590861
283	9.787623177022452	-162.27665808734616
284	5.054969217529234	-188.45091831205704
285	-12.796899323562812	-204.56903125543104
286	45.61136351151375	-123.12668372192921
287	-58.00429001846716	-174.04996690482824
288	-58.07138131269211	-147.0189033462405
289	-118.4916284577468	-107.55640490422549
290	-72.74351439616449	-189.35325450669376
291	-32.98890696098725	-178.53885971512346
292	-32.62725038278471	-99.41108461604043
293	113.7542283708725	-166.39987162899808
294	-24.459050856855356	-115.20808692485588
295	11.565697171554177	-200.20823490067238
296	16.260983769849148	-137.6074611605576
297	-8.436201858770005	-120.53841467207546
298	-49.95185144118379	-101.82127732593574
299	60.894816995522405	-112.10153359952959
300	-30.913003867488484	-173.82321434504934
301	-101.60093994180882	-87.11239605713878
302	-48.34641101111593	-56.069386410187604
303	15.833071972236311	-93.44245468031542
304	3.7210979952649836	-114.11324450474372
305	22.34324599935637	-106.03015585305485
306	-115.86314259835316	-228.00730439293915
307	-53.99842069808395	-109.63748270403836
308	-7.1898143796170615	-144.44902228648118
309	-33.89495477969395	-206.09956545475387
310	-58.31626892443657	-127.38526054915846
311	35.61259905972719	-115.20956669419654
312	-5.469680206039243	-123.6972008050641
313	50.31142842550366	-105.70330919508974
314	49.35646885357022	-147.99068548515504
315	-65.76473288983705	-292.21458096708375
316	-39.94370984965019	-155.6403789608557
317	35.51385613399567	-142.5116840943913
318	-31.48830364782371	-152.4059632753295
319	-58.713371727990776	-168.93468785764713
320	55.66168820987923	-210.67997117430957
321	-44.54819303497372	-160.2995467205521
322	-26.89724028879199	-228.51439429816025
323	51.35833360246005	-182.6088624740355
324	26.180636171901867	-127.44258761780137
325	-21.97879291579104	-134.73046167617866
326	28.0294372131294	-239.1116826415905
327	-62.30469867224081	-131.52170039764732
328	85.74081162130308	-239.8331683448053
329	-65.67538363504627	-227.72554404677152
330	12.285031645994478	-226.09243468218816
331	-96.72819074623695	-217.35133430145942
332	-170.7039303055026	-254.8569212391232
333	-100.388182340915	-213.29225396241125
334	-144.52128455771643	-269.60046083896987
335	-151.71337177214187	-290.038951744095
336	-36.91410037411282	-183.07365617578796
337	81.01512051404755	-271.69155016773107
338	20.77424956370027	-259.8069071440781
339	24.638254074211456	-263.57536974506536
340	-121.45590073207308	-268.6551165878186
341	-206.4244907812018	-192.3277523933984
342	-23.83345678147724	-320.54003485301143
343	23.68757913982339	-197.57668043020902
344	23.158864149729276	-181.22299141067325
345	15.7370676598794	-139.48048512340645
346	96.35031514682791	-196.90918214379116
347	53.48834248445464	-118.8955447557626
348	-269.68449001041245	-128.92413226236783
349	96.32116111818715	-105.5217750680955
350	85.16175034274447	-109.8530339474608
351	42.85821986404842	-94.25835387320697
352	-12.169759817874109	-118.16153218669427
353	94.95582649698498	-77.08184588430662
354	116.28772960250714	-94.86227389190151
355	-18.554777283471225	-29.443094097327776
356	22.745886642440468	-23.146326029386753
357	-41.64812819908394	-79.81938596355556
358	-33.04597420373949	-178.46133174761144
359	25.71507624419243	-157.5504015552388
360	36.00251700627737	-149.3706884155228
361	-51.25664267095709	51.34502544182421
362	136.6105941926227	-141.44056818416715
363	133.00418161571008	-109.89415951194366
364	-16.42460246931556	11.446919333490001
365	-5.881265421530216	121.16514422913004
366	-60.77503963489209	-112.7978163244892
367	43.29794671215046	-44.66875740015348
368	6.615659695263332	-81.07552692759052
369	-39.8648314364075	-79.34016396164279
370	47.79280717835533	121.12680756454743
371	29.001165292797452	-109.49256469733406
372	11.27134677333919	-132.77920853974624
373	24.844067896484916	19.798988712691823
374	20.258478231364464	-69.39449009855473
375	-32.09726947202648	-40.41031122752639
376	41.61028377816262	-108.40689859335076
377	203.39639440530829	-121.58998680804801
378	136.4633233362983	-109.44571370236127
379	74.05870132924694	-95.09862237999576
380	207.2963465458124	-86.82695637271367
381	-60.68639781377509	-150.17450005651887
382	-193.52382734911927	-139.81591049652934
383	32.53087422346027	-129.50467844454013
384	55.72206385114515	-109.95582699717284
385	35.64573427671158	-141.51500738123133
386	191.81123618601947	-109.6811164357584
387	-116.98010283921002	-82.12232256582011
388	4.8514257999432715	-107.05010185177501
389	19.902335183425578	-136.90225841111152
390	30.459030863987607	-52.22079634983749
391	2.929225088721111	-118.5088690960193
392	-65.81229832082246	-97.61673354266576
393	112.65673140209417	-130.51805878798928
394	70.23777121884186	-96.39897472723686
395	51.04306608977938	-106.07594374088454
396	145.2697039910104	-77.72937498540188
397	23.20737849705509	-70.84091848865835
398	7.93837424385903	-39.46823108499992
399	-4.569846248342813	-36.52309732309596
400	12.026713713558308	-73.31620374845917
401	1.2348562944124097	-53.36463323701501
402	192.43634344641896	-105.72596342962363
403	-20.931407095491764	-74.85172993164443
404	55.66177374753954	-128.15482366355474
405	-67.25942226852521	-135.1454439806071
406	233.61719837574395	-133.70060434589448
407	-74.90022345510808	-113.61995144147801
408	145.6946995062958	-164.779733431786
409	186.89550268963023	-120.46553999290197
410	-20.818375897539326	-119.14230124981444
411	84.18199775762461	-156.2073288121066
412	-132.3533991438302	-109.48056204865492
413	220.219549853129	-124.05904130046737
414	-3.0847086546726397	-111.14852780411319
415	133.0084567286297	-110.7666190532513
416	97.44403040790345	-57.10158127845554
417	6.815803812460132	-56.71931382173673
418	-30.380141841710255	-33.83082409490088
419	255.35506251732946	-62.90922835120792
420	41.01893285568204	27.47077934793039
421	158.31934298811433	14.512792416765727
422	36.76467208067834	66.71990465327512
423	34.44771000236173	160.75283065602247
424	12.855276023570639	-49.473913753886166
425	16.131302632597766	-19.14927412870145
426	41.07894014102206	-42.05829821836694
427	204.06793169725083	-191.10640614843462
428	66.74978397490798	-2.6552163358417804
429	12.770878385795712	-75.62276086672719
430	50.46296619663201	-89.44620811485237
431	234.69958158689698	-72.0534076041476
432	-43.08186172287212	-130.50395382931274
433	-78.08094549104311	-75.76760236774508
434	124.5658128331132	-89.02013542238319
435	206.20795682706415	-96.52326318696957
436	143.46156593987865	-142.8505038054844
437	225.93350443232276	-63.21944627791605
438	183.01584014298237	-113.10589664473956
439	0.9956458395113259	-131.8633986410001
440	206.16545456600753	-94.12243394614931
441	199.31394252404436	-143.97543035602507
442	-171.9280791044486	-148.29020203013593
443	185.5636100129907	-133.56261964768913
444	181.7569134216182	-141.17355091876183
445	-36.24072173792329	-132.6456977749586
446	188.78508251444956	-130.07203475140395
447	167.91740492871713	-96.07132891999053
448	-63.33458724741021	-90.3171008137964
449	154.80008018794112	-71.14528769354042
450	-46.692214644752525	-84.72988497441209
451	204.89593384080288	-88.94787726257391
452	190.03276608766316	-65.48933764147642
453	-13.13683408933126	-58.74650929735006
454	194.88433828176233	-85.05273395547432
455	157.09984183246465	-35.6765190792729
456	-28.62533029363614	-8.591818048549104
457	-7.445460056349006	-68.2037694606734
458	-139.91249103489406	-32.81396394983151
459	144.4206695677871	7.997899044521055
460	-52.51646745284731	-164.64062434300803
461	178.33644892184077	-6.512786829564721
462	204.72377041123355	-131.96340779618117
463	195.26889768723944	-41.226504887841116
464	195.81341646346476	-58.09551930491009
465	-165.21922893819317	-4.9579496433326105
466	56.136678532262806	-10.04865411533511
467	57.56231264629895	-10.862234088327538
468	0.6298444119269817	4.677650836053125
469	22.783076847375256	-60.63050429809239
470	-166.39970147726243	5.273184709007555
471	225.02595475286705	20.275958893856576
472	40.07207232239246	-7.5036625018563115
473	258.74066238078103	-17.67448516428462
474	9.518164598337194	-28.345062787042682
475	35.021110382877794	32.01009634282745
476	32.26667062410169	-125.2837104625304
477	38.335134494942565	-1.6399573129527651
478	106.90286792797029	26.272406705331022
479	68.23977459137885	-36.64839940056445
480	-27.307250198102494	-23.013389790978334
481	5.588960654244369	-52.447310146242934
482	112.39638109500974	-192.64621089830078
483	92.56393086440525	-50.76921845718015
484	93.1299508640032	112.57986106734876
485	-52.52127431405857	-28.763933012731687
486	-6.346036740095798	54.493022436839794
487	-46.66612401410094	119.85890898749209
488	130.12137406016538	135.05087016816577
489	14.842015272722449	87.37313218436061
490	92.06735003117011	45.96701211406463
491	123.80554222020753	93.14354779221712
492	74.8784540581396	-142.36347889788675
493	137.1275954275388	27.510500189708697
494	32.634510431454174	47.56121609836415
495	-26.8031216106601	161.22829263506145
496	97.60043659397982	62.31023205695487
497	134.1649269626099	163.08940060697827
498	36.596121749621716	68.5982363247261
499	140.01271124512868	231.23587125273147
500	112.72882613744973	223.9751861055566
501	106.14642052736458	175.275515227399
502	109.60918410938717	85.13231441936111
503	114.42678291366407	193.17222908353216
504	61.721172784692726	237.17982277899256
505	38.95570938738385	113.25453424203333
506	124.31488478611324	193.66632238696442
507	130.99066803249434	192.07852364215938
508	49.944276535450655	167.03930747753014
509	250.69075256109195	88.03048242140841
510	27.96919553835147	165.98460771070086
511	82.32221737292457	108.14148627353535
512	280.23782928966517	68.36966412458513
513	2.4618793758181567	61.57755897367761
514	214.60312543093033	105.3299637753698
515	273.7465788798369	165.15561908288257
516	-20.19385125909153	163.4130741737185
517	187.72570379727887	145.54602109053155
518	248.67174872356827	179.8593627053907
519	38.46671503593106	49.2704927153861
520	255.24032492061002	7.70171696578578
521	79.13610263258762	106.51381566943175
522	26.088974734326186	9.117522719862103
523	250.3657113665447	-45.23650550183257
524	113.80687159170314	18.14146565474243
525	211.26664518979726	-25.158982120312594
526	81.47098638351659	-16.963682590441866
527	-0.03799817128852678	3.1801204470766544
528	210.90023991127086	-50.237011653940364
529	195.90132817686856	-43.56664087452084
530	1.5301550162788828	-25.59636173160504
531	227.60732081727974	-56.24158315684981
532	94.95367746187704	-56.73790948527723
533	182.55287572211085	-61.30863565353268
534	-33.44792435202312	-75.56221940416987
535	159.996621452914	-52.04467396437718
536	-27.92093855449636	-63.263401220645534
537	12.784105603377299	-55.230141944972885
538	249.0560648613549	-70.66495837568142
539	-114.62746085908286	-57.479718498705665
540	-16.761896102451104	-63.48593288822535
541	-109.17348379310225	-66.54373524934863
542	-125.97547028943566	-53.1544462333199
543	-123.57465503275931	-106.98975190153902
544	-174.58544777274318	-61.374904140166194
545	142.75289301994624	-74.26579859198955
546	31.31148031463475	-62.50872972785315
547	95.88829256472596	-36.55252642995759
548	-64.25994115480276	-65.65417002167837
549	217.6215550755316	-55.74746597116355
550	45.19035420739699	-76.28952537810254
551	188.5755720458265	-56.95778923109965
552	207.95352840192024	-47.41063891983313
553	120.16561478099264	-30.311062486849192
554	-66.71181869168925	-50.18593198814127
555	-62.63833006746178	-167.9487604738005
556	24.111768044307553	-93.19727773388698
557	-166.60528498338948	-24.410226877624744
558	181.06626828913375	104.46623931506922
559	218.39627203200018	94.0093512835441
560	-151.9440039867344	179.72723045862034
561	-10.431063594204431	105.79833382615382
562	210.1493765284697	-8.237412250512548
563	-41.62843606275803	165.61361918028066
564	-48.33495047912707	147.69013348736883
565	224.6366265463098	161.73695039093386
566	-5.454361804461058	133.11461895260715
567	-25.43993585596911	-41.78184573963395
568	-69.5300040925338	208.9815137395862
569	-107.84464850244736	-52.418955706128955
570	30.85611609921517	202.38231769004642
571	179.42950675564327	-55.37079007715995
572	234.94483174424943	117.731556320831
573	41.68078748633664	7.8790168848971645
574	0.8011097222152443	138.83962543551576
575	-17.80144136631739	-103.41035237776647
576	127.05802442544102	191.84073853121026
577	20.445554092463453	162.7580751028087
578	-115.31264518369971	94.0500211619311
579	215.63520925179677	-36.30699550917907
580	-98.25753193576692	10.51351554721502
581	193.41317652223347	-56.91463189026673
582	244.10312707641916	-39.67560310000757
583	245.0588645459013	-0.42302563679452754
584	217.01422850516556	7.3066187328516845
585	220.97131448082425	9.04566839223035
586	183.4142236348232	-2.2652111614264694
587	-129.7207958725816	-33.623054406660955
588	-113.01705762686531	-43.43737310515984
589	9.615713723935926	-49.35396128718777
590	190.18265228435524	-47.21877613971887
591	173.307025324213	-69.10989508262782
592	-18.480755097000582	168.08250502166277
593	157.34429293056286	-89.68762869202317
594	-14.187191331259257	-36.25313832898459
595	203.40423343436908	184.1160664592789
596	-165.02459716614652	172.9026456079373
597	-147.72147863701315	163.46030845546042
598	190.05712531683042	-13.32000880836236
599	21.376611803890626	38.091554110795
600	28.465978139878757	24.163664775767344
601	-37.6633899125639	154.41716183736935
602	207.22710969106797	159.8186337581264
603	-187.41310905141654	25.956028560779373
604	23.964964184503003	245.75766499762193
605	26.203348066833215	193.6151505107054
606	188.04109127172228	151.02316720740106
607	32.001091524271374	138.19810131221962
608	249.24501548970323	-46.70867462869573
609	137.64719030779284	218.87757950975885
610	229.4744207554216	-25.814355119119185
611	-109.23847017337818	-60.10357274781576
612	191.0989683064361	-108.86315644781142
613	33.45020920677078	165.23272848944237
614	-212.03555833852386	-57.59015506963736
615	143.96982736591798	129.1992265342674
616	252.74293204572035	122.45254419188547
617	-69.34654936466802	88.045880493354
618	-114.28080897302627	147.58995805458665
619	138.39267563066386	217.42537833192705
620	183.9188935437652	173.48719698080959
621	159.3211290465136	223.66947400578633
622	264.76953908983273	152.61438071381681
623	25.03103729507805	165.06862041640005
624	21.03192507273775	187.64574870337805
625	36.07649729998991	212.52655457246703
626	236.18828814284348	146.53984378660033
627	8.687068664147432	122.48313178725513
628	2.402194013026488	66.77017704550855
629	191.34035419465962	177.38223852601976
630	1.3854285558403916	28.415866515210688
631	-7.346125715824115	-16.79771167310947
632	14.668954513473196	2.0581029928598094
633	159.66340703849323	-10.293823398907259
634	230.5515326861713	-6.270288225998749
635	-60.13002489048188	-13.410940472168754
636	3.3734569668541923	106.81501905679475
637	7.854938841222765	230.31707483378915
638	266.6093997917751	-7.386357232544184
639	31.69811482766451	12.054525345371669
640	-145.13281872048424	2.0372225660882872
641	-5.917237727219785	162.74107903226198
642	45.004606738773	7.363111038436605
643	247.1975155616617	-11.831324030907679
644	285.56612766684316	21.92352221381668
645	40.3553625055813	17.888811961657
646	150.31094503402838	-37.77353886020675
647	-7.346833244727264	-37.840033418345804
648	199.62767688227632	10.038123441704155
649	259.9275954962763	-48.64337577386471
650	36.512386735336804	126.21349289893182
651	243.60118509582256	-5.913596129842914
652	6.193609968442772	119.37958619436941
653	290.03257187087615	138.70395931182344
654	238.095690682386	165.60994955620907
655	-166.96674293875117	117.38915181575479
656	158.29009334424563	162.75598191243984
657	207.40260560761624	185.26771231909524
658	199.76026890696696	141.03316485482475
659	190.83148285839968	157.0604202971276
660	16.15637144142822	-23.96963542790445
661	168.17180067391877	157.89358410964763
662	-11.848806827364967	134.16226187202227
663	205.38327567553978	223.69457741266422
664	213.6762687244591	46.91400415010902
665	69.52492562686507	60.93526149063754
666	223.07971615085242	160.0103508154028
667	261.9987721570117	145.53581299450016
668	-146.2040707740947	218.80367867568106
669	94.95203780691192	183.6483874988367
670	-73.27961450896248	104.79987566353432
671	12.5110367562054	196.68784041605656
672	196.1339939178871	175.05481885747264
673	13.647745785393473	104.88298410374381
674	182.05349682289085	48.171593976750955
675	29.582391465521596	83.00908276666449
676	174.59070954621473	58.84333154004652
677	2.7385897062065254	153.96519098233165
678	211.285929262475	226.16440682556936
679	198.37360012032923	136.85515123995583
680	264.0520486337603	203.38675970454256
681	28.887422882963165	240.97910082103223
682	189.5631075776921	196.5101980715296
683	46.83893370166018	145.82997337395602
684	152.00466726430264	209.2142052884341
685	20.591958518119426	-1.538123833796328
686	232.2605352910775	225.66129862492485
687	230.76392367577807	217.1240296767661
688	32.220131087982566	159.82443490556295
689	-18.210026905476013	177.00453014878454
690	255.50391324584783	116.68287024198199
691	181.24083227589787	121.376783741972
692	28.82583790438875	166.57843257895166
693	59.240892672027485	20.539058088076867
694	237.2238626415471	28.41532611624195
695	191.36619514195894	89.39618292653064
696	26.30451741721717	35.40500490153785
697	8.382853962154101	-63.17955785341816
698	27.568341739510643	145.64379421961908
699	273.00862030378437	169.9498456020075
700	23.617590186680587	210.80875048800053
701	-31.794797624903055	89.69384289355916
702	40.489887619507414	76.71710126948996
703	112.77166223112684	74.98820270573111
704	277.3853968506868	124.06260202892989
705	206.27751197889359	82.3204146778715
706	0.43623655805335204	155.8339939978212
707	120.4260648683891	-76.69220349975117
708	49.13520806070039	166.76780643045944
709	14.805104481250723	78.42423167833113
710	243.31977436867646	180.45992194720714
711	-20.607544769370122	113.00691440657012
712	221.20539583983515	-9.719090541033738
713	192.64646745241475	-181.4574142593881
714	-174.54767865613388	216.40167158585834
715	238.21648435219075	155.8999718960954
716	-1.9033076886295817	56.14579576291597
717	166.65171617447135	22.506395238261955
718	230.28269780475756	108.78987039031578
719	-153.69029454801193	-250.5836640773264
720	68.02944333519247	-4.28131139958614
721	242.51874440285084	-62.99052125602702
722	-3.6921254683093707	-149.61910162554435
723	-160.11187287404667	248.3103576390234
724	217.9287852604783	-40.714032375696505
725	171.4660880415108	-6.868881224498922
726	225.25386564689148	89.03877133285098
727	195.08622550828173	27.83071305044767
728	-104.96497102987415	-150.43791296514502
729	227.45604890318748	134.50382195573098
730	154.58364424012268	157.84694215363737
731	-78.1305335495112	89.27580347469429
732	-37.202074372115305	122.67529607315015
733	-79.1227093301366	140.8768431201441
734	14.276647158309189	-5.11012485007133
735	-68.39186521850803	-15.36173583661369
736	112.09142202604873	-5.067111508781681
737	191.6482452693828	-12.33992210719377
738	214.7265656837633	25.49748859133004
739	-74.22207937785211	-52.87470962274924
740	-66.27305460184846	-99.8219868696175
741	10.111767230734031	-29.083121017175323
742	146.17185714889854	168.64337248814022
743	195.10987566267687	-25.544273770383874
744	230.51694204602381	141.19611048075208
745	223.7718360193419	-7.380690626111436
746	235.1902687683719	-50.62281817877405
747	185.59894773524795	-30.909705908067238
748	5.188980297409785	-19.72972207968363
749	226.31863263248528	-6.315505456087763
750	0.08346242802603854	-41.47925639798723
751	-0.252766198033072	137.16064895365705
752	-32.957538437998465	-50.061024444567416
753	-221.0582590624989	-58.47258589420637
754	221.21344599132738	183.0914704764525
755	-137.69971372743777	-17.093163863281816
756	-104.62566616287121	-37.40418174023407
757	201.66114458646595	-41.59767707033507
758	153.8038396634489	-23.420525860043057
759	149.7035552255592	-51.746718922516656
760	-74.29366253833135	-39.11529018216722
761	-164.16096200898926	-49.121389039319205
762	226.66422391977142	-49.06309795797316
763	120.65528037740613	-13.202699531174815
764	175.62510157624445	-37.05072527736774
765	-67.59267312453635	-38.106863367701365
766	-8.589163384561346	-44.053368370979044
767	144.2391806010385	-61.21920398982159
768	217.92409525057	-23.883766064272212
769	-67.28447862635234	-61.660899763776236
770	220.16350122842675	-6.519141463700644
771	166.96062210499517	-60.40164766284629
772	263.204074720231	-52.85867835486198
773	158.29996777727985	-19.474086619654937
774	-148.76312462864055	-31.27539431473908
775	143.27906360731757	-3.413768751608762
776	187.69134903794952	-43.044197201253276
777	189.5700264271622	-6.373535892397577
778	-182.64235672887315	-41.92605939305901
779	-187.47298225671844	7.556192678693778
780	118.7181882234173	-74.33473548508115
781	-87.41647381052347	-48.59983424887078
782	175.0281054348124	-40.968490688919736
783	0.5502172441432123	5.284430116326909
784	186.16221088092868	-55.59335502962464
785	245.64162553500032	-46.98848780836763
786	165.92638502863062	-16.293508083335613
787	-23.94768379186253	-32.80241833762275
788	22.028507921087694	-30.321220972742772
789	189.3411179576247	-9.768196868533481
790	237.5276086210127	-6.092154699152966
791	-167.43231380497525	-33.43061749127351
792	-154.33349656230945	-25.297899547336666
793	226.69082416609027	-38.292771332447046
794	26.63535921409205	-6.248648827565377
795	238.60725497309272	16.050255064787695
796	25.123944701895766	-17.26274385541784
797	206.8497055005443	5.526473109554127
798	-157.71682182206192	-3.316168257811174
799	-109.09908670725352	-17.61246141944175
800	7.4269477821868435	-32.69058340987772
801	17.017225873928723	4.14748905668363
802	242.82631224915832	-4.4043724724017475
803	230.74957942435765	-28.319598126832407
804	220.719411987397	-19.92133551784953
805	231.34226421445368	-32.7008245756918
806	268.7809656412808	-26.754039593035493
807	151.2505300159605	2.1971007887484486
808	212.99770206708564	17.14556396253113
809	-93.80709426763165	4.256871373968094
810	-107.60815492337876	-38.83261622671297
811	240.32999266966453	-33.030198222725566
812	55.75888664008764	22.712462552479757
813	229.6026193387353	-8.429374227894334
814	136.3503255394744	-7.582393692451559
815	-98.813276829729	-56.71682321883125
816	237.92274699535977	-50.59828964381836
817	-47.884037406889604	-25.5212235909288
818	227.57900207654754	-57.42089617180103
819	238.33320861938353	19.966399021153865
820	118.61377051454306	-36.31400628137363
821	-108.05199520372227	6.854676164635043
822	-55.71691554343171	-34.37180185968742
823	169.7245008975488	25.20814197503554
824	-213.44987161181896	-38.60717016228218
825	184.2092520366608	-47.16538131516974
826	165.24991230877293	-47.48132382154757
827	-94.37399266860119	-41.79720019780125
828	37.31975380118149	2.673483532059209
829	246.59165051400018	-43.351316600013504
830	-1.757002042675225	18.029089741363396
831	-8.897980503633036	-19.994815231630948
832	211.6289542177288	10.290084977638701
833	173.14794488348372	-21.63240019525487
834	184.02261655526576	-8.556332275104932
835	227.2168832476976	-31.71637479742546
836	174.8852283190861	219.7062404770867
837	204.1854999664995	-32.869020419504736
838	-192.72296308392214	3.4900116632696605
839	235.5558838501587	-24.43958756866759
840	217.353963976096	-18.673847745314472
841	22.129775238885557	-20.578414779986204
842	219.40386808737068	202.55060939609103
843	239.7255905792714	69.09524061226988
844	215.50611326071942	190.3398499292275
845	171.57925204183096	171.57614403239361
846	29.721503599002716	55.80848020470756
847	-98.73162876644462	0.01659885469053579
848	-73.28325282706011	167.56251044216634
849	134.8186933260583	205.00137553864204
850	213.6149832348525	218.94671898857206
851	16.394774300284723	139.30964657375
852	169.6103984567549	21.18666164307255
853	-173.10681683125472	186.15574338119742
854	-61.224893256250525	131.52883763721718
855	232.36686681417257	130.71782293938276
856	-153.7021519841098	133.27642476425683
857	271.1766499444205	68.52239717063917
858	211.57567524200584	171.65582134393702
859	228.19638704546975	103.66874706416966
860	-38.45501016886392	185.81566750830865
861	204.81701543345406	190.86271632201397
862	13.37061514667569	211.60372018479976
863	4.531364439961379	144.66786600635518
864	248.35117704444255	185.59841285436426
865	183.3562188477526	223.69338848704166
866	262.6780824151648	212.61923305697496
867	127.17614389860418	57.64450944264651
868	226.70596232155856	186.0313319551779
869	-6.576023762663382	0.3972014630193712
870	-144.6415029116955	223.5484264912132
871	240.02470024739102	201.81270072969218
872	212.15977759976667	166.38125709202302
873	194.4709332332666	118.97618736426404
874	-3.7007634377816174	188.33250653123497
875	204.99449381882883	187.31993756146983
876	188.19590929575097	149.32981510016384
877	-12.371923844729778	-54.12133712425755
878	14.58426177287501	197.59253574367915
879	-2.0581870779101763	182.2332913874896
880	185.91489628051644	229.34300471191608
881	-6.04599134273883	196.31477800841282
882	59.952513150460874	130.88204789657505
883	-86.35611941852	-167.84333000236708
884	180.3311973201129	193.46479163226877
885	22.217115129843947	-61.00952080567815
886	-12.781642134192097	189.24701619694451
887	-2.665019287755868	190.7520273962318
888	200.98463117327861	-71.06412601478641
889	158.16935311156243	-22.537893491459243
890	228.19210188711787	175.34349758933706
891	-152.26264483087536	173.4543041755934
892	-59.420026383830375	-248.32162036280593
893	193.7964607797434	-55.864980521030034
894	-1.0227106487489692	157.0661553548849
895	146.24120315946425	182.8006645725412
896	-25.96428067333204	69.211649651255
897	-72.83263290745438	74.70012439154641
898	173.91035820288852	208.5053345271241
899	-44.116994478484415	100.32130776624332
900	210.36259994194575	160.85021076120734
901	-28.274948393719413	210.55270942852223
902	233.2843729983613	-52.10562419559528
903	134.3913123976768	170.23766673269324
904	18.49182629624309	98.57861058734977
905	180.48570885696378	89.60858375182363
906	233.48800359558405	-142.59040432689892
907	-98.47411758619047	-92.99895781617741
908	-86.33726945294067	-45.66183804027706
909	-96.14167310034841	143.30751335080714
910	-8.808600072749869	97.2198600190491
911	40.735683629196956	74.92086748805436
912	241.495658411004	199.9873652565193
913	47.68070013358434	166.76551792027468
914	138.1888046602799	45.94276392745762
915	170.5318828888009	46.48181348830103
916	245.98504225711488	138.2583335162341
917	251.59520802527345	167.0292234526683
918	159.38174297440662	78.85450489170645
919	44.19049813367832	180.7821536107548
920	180.36887680518373	3.4352705997309316
921	74.97411854349832	161.70916881974676
922	257.40445718611596	139.2506286521559
923	189.50106189293	190.4882964294353
924	195.05030481167356	219.51604188617205
925	250.05544140619105	34.29969337998681
926	168.8173931780135	-26.191272607725182
927	201.96039769423288	3.2181771963635413
928	-132.6324546952906	-25.021000771905847
929	-38.830684116662226	140.91737448663247
930	227.76178041918206	-7.1371564588328225
931	210.20423665280794	-0.5580718766946033
932	174.259297758269	28.195740050103783
933	192.29999619560124	16.985495691517794
934	235.63471217381684	-24.586416191476673
935	132.49018106795427	-42.85931837116898
936	212.81291260378634	32.82611023844082
937	1.3981883305835794	-37.600277565873675
938	222.54079083623898	157.6628303353807
939	-171.97630390331943	111.25140867107336
940	-91.28249739209566	-12.356920503680895
941	19.205131970952166	158.75132784458998
942	186.98379727408832	-38.042772658705346
943	-149.95587194108288	42.424499675437815
944	134.576558744051	158.21780141831246
945	255.5339759022002	4.509770137199778
946	277.9836729954922	130.4655598146625
947	256.36518469116606	142.84429753401398
948	186.4691809172465	-53.41904292640551
949	187.96928753250543	103.82476034732278
950	157.28923857212243	10.877044007160949
951	216.5869456504168	166.41123300324787
952	144.22780099178829	203.6387410606713
953	-24.025765236568446	212.30651589867853
954	61.89440683330281	188.8216283581686
955	231.908454074984	45.171735359398205
956	246.7169114123598	-21.255802526899046
957	-123.49543783918251	123.12990209555919
958	-63.177297511923925	235.50803836040092
959	205.2558799245662	-37.63551049763625
960	244.68712045555756	-52.280004406302126
961	165.9840516303284	-85.97740391273919
962	-18.54680254947816	170.22210823026774
963	259.6708414796876	-60.73585498099132
964	264.10508503127267	95.66121789796502
965	260.1652334909266	17.80585022576517
966	225.28659566750892	170.81351360077394
967	-24.543926515483975	-69.33882902629516
968	211.78966238926841	213.21396864742417
969	14.8320796591928	-40.78090920847396
970	13.265276408607619	169.0426435517989
971	274.1188133984383	197.5478742826014
972	53.3607858591559	-21.808679729227904
973	77.2663028361669	-4.449188724414114
974	236.69748825515836	-61.309432814153254
975	-14.987436783432713	-29.44762411128326
976	199.08395601864947	-36.10400526499389
977	239.55165396200863	-74.74963217001581
978	171.1242771895912	157.3463066380459
979	96.92737313796479	-93.11384296479852
980	-77.10955064722845	-78.31675503578559
981	-33.171636738458616	100.72495654319975
982	104.00279773733499	162.47498166182123
983	239.2940026967623	-156.42066350342776
984	-3.6931323634304647	46.07744557007992
985	-54.70243419124648	-69.87813127763545
986	-71.17778400183639	102.13609247429456
987	2.0724122427772897	134.13923536406705
988	112.92108960775835	165.03610832338137
989	-18.2527626810366	-38.08653474988141
990	100.14804000143084	-48.18547260308649
991	58.09616959131512	106.7988287747123
992	68.49549373092336	201.31311279984035
993	-9.275537413814618	217.69731070055624
994	242.44527019120872	-22.838540285342972
995	-19.58467852140663	221.69150347001465
996	24.780228982307534	236.43472292957586
997	17.578182955904893	-16.427054956936047
998	52.06589568524788	220.17011233128358
999	55.43615400649227	-51.532393604553455
1000	202.84661718168897	-51.149693303952034
1001	42.34181139026077	131.60560014665037
1002	26.915546150922722	232.92297577830612
1003	232.69092380462064	81.7055383632419
1004	58.12315843990024	79.31466533851693
1005	274.8332308321511	162.80002230282494
1006	31.365477211227045	188.97806950084066
1007	10.2832109971353	128.42140792270175
1008	50.25188217336898	123.87768837517177
1009	194.47930080858362	207.55398357514062
1010	-21.321416890525597	247.45805381221172
1011	-28.968854984901412	76.9927385444362
1012	250.9345455578643	69.43737610020789
1013	34.043354962805836	130.4544434904353
1014	10.306031267513745	200.2409195783353
1015	211.73049815226085	268.5905911300479
1016	248.04063995693073	12.852697408787165
1017	85.41321243569357	67.16294694240516
1018	229.4685303175656	101.73782322381584
1019	213.8853392278786	214.45482461882784
1020	28.136441989793042	279.42315884565255
1021	227.97448860618192	204.7036163821947
1022	203.77539412900558	194.04440717686566
1023	16.96431513011521	41.157213523019614
1024	214.22448457912333	202.39653807557255
1025	179.00000710590155	223.6179280083008
1026	-155.04690803404947	-69.59744578020953
1027	227.86392877292622	198.99906331046657
1028	73.13105339827	44.866207231592426
1029	215.35475301558057	-122.81920731771233
1030	241.0518682334394	168.25340625388924
1031	55.19151571265921	95.06877726178003
1032	126.9798568253097	183.30989186112595
1033	18.603047298627203	124.42375584276947
1034	8.45585758926498	143.1423933222512
1035	-1.7528390451658993	55.315998171943235
1036	227.5260377684972	198.36395284444208
1037	205.86022681491835	185.63358957334592
1038	100.2930763063378	140.25365103711857
1039	189.57477371324106	-63.6524249753803
1040	254.4937344127411	76.1278500350081
1041	20.920777236310897	119.11518067180863
1042	259.5537031269646	40.24690426888515
1043	-29.51464393749663	-50.225690826771796
1044	124.85662929453177	-68.12653023456187
1045	241.76727869586725	-6.21605407283387
1046	43.96713366070679	9.85273825482044
1047	262.5743957552253	230.91592421179743
1048	21.673918544550673	48.581512885521725
1049	8.580618420450662	145.4792254774642
1050	77.40759587847096	-116.57395286765413
1051	228.94896114783	214.3668366997537
1052	32.003121839271614	38.98454517875657
1053	251.7485776287894	223.18259478507883
1054	265.5038018918763	-21.663328452257048
1055	186.65682440649266	212.6372583223125
1056	166.28340181618603	-127.27828005429714
1057	12.106100280595498	185.2435938809815
1058	17.393593741690292	120.80089242568148
1059	44.951031476149325	81.12912838830196
1060	200.00949499117746	149.08858845078123
1061	17.238817578818242	-42.85949051704986
1062	22.173167027898913	-44.907754729657825
1063	255.70929174333673	143.94735219229932
1064	42.23497856823053	121.14078742513615
1065	38.46826448757682	-157.30965293118487
1066	223.18188783402366	128.32940161787482
1067	241.18585560544398	-92.03706611859332
1068	-3.1904201767338947	99.28969994936487
1069	196.30894597046074	-64.36472709866379
1070	296.7645779761656	-152.19716713621634
1071	-38.64217086546316	19.920971577623753
1072	-13.957041265845305	-93.20099338920465
1073	-61.451534001105514	10.556916994946285
1074	133.00468254798108	-94.25465534270545
1075	171.54374601611505	-89.69837211187588
1076	273.27071924348775	113.27873524916575
1077	0.4980938013284373	143.0669936191591
1078	227.87043579876863	-158.77164699874578
1079	248.0981994887352	-168.96092606280052
1080	28.5590510300837	159.4758876720156
1081	193.69144271187128	133.41086231451817
1082	146.44107804293367	-150.11699290643895
1083	152.55624980457287	-61.83685859088456
1084	166.3454874217846	28.531510284153825
1085	-90.99233310631467	91.19007899827763
1086	188.80788546340582	-98.40304738060641
1087	246.95374716384617	21.075911705643904
1088	159.91488458417678	191.58225794044097
1089	18.071437715498178	-83.7894722752844
1090	-1.3295121932852254	27.910800751225707
1091	215.07961347020387	212.80276413430107
1092	131.3575085115148	66.00708677380979
1093	-7.34126383971676	-100.53800761693043
1094	149.04175331158842	92.47429729842898
1095	17.309937280454964	-18.37431931486846
1096	84.25444979045017	-10.78028825699198
1097	23.668994907557135	-28.71619984235899
1098	226.4857203232442	96.35414093004746
1099	0.011748752940377472	101.76749120991813
1100	157.38088929915395	73.2484014240688
1101	147.34260338729229	146.6126606100223
1102	228.23812229531566	76.91354816614368
1103	168.36012112092277	125.70036854544145
1104	248.48307623426481	-20.690616197070085
1105	-9.4548076297949	226.66513051118875
1106	3.7409885588780014	-85.67425863575735
1107	120.22670780830948	-141.98745027478546
1108	85.40006406225501	128.43387757953292
1109	147.30195361415574	-159.16295563924018
1110	271.0581863637975	8.952357246875419
1111	110.97181826370586	124.66722160365214
1112	-5.311111414369819	37.5787602926936
1113	25.91722515972208	65.51772428005003
1114	213.3800662206068	14.9758336388754
1115	244.3560146576931	-149.89278155643703
1116	214.95982406561447	-172.65608336677394
1117	189.78040735870542	-103.26377785145102
1118	259.3432125169504	166.82833918193757
1119	241.43730197483436	-83.79092698784379
1120	240.64088414009564	6.849916229421471
1121	241.3045865439291	-50.40745082819171
1122	196.91068188160574	35.00248139026961
1123	30.984344667121093	-172.17108833256387
1124	220.89336092161312	-233.33085698687293
1125	128.97824232866526	150.97447103898503
1126	190.09745496558605	142.42426186899544
1127	206.07364219148505	-33.3940375865873
1128	248.62826263084128	95.2543229984181
1129	210.52602253841098	117.01740246869419
1130	269.37583865213793	-83.57881010545655
1131	12.872273849738804	174.81076259394715
1132	155.48348482368158	149.21241815897855
1133	303.7978882248966	97.41884757056415
1134	266.77605813445075	77.05178019354321
1135	189.91191857335292	-41.21141463485752
1136	99.13919904128142	220.61050325220657
1137	250.54568366888574	95.68394424752002
1138	110.15265096820214	40.42839339724587
1139	247.8429298601231	-82.91586710760014
1140	236.36637623916815	100.45932529164203
1141	29.403160476654534	200.33356747698826
1142	279.91196328059294	173.11787893135016
1143	-70.36889204877238	247.1426736654975
1144	248.49311939029877	-55.643777530044616
1145	-103.66586089834244	178.28561530175136
1146	222.50061736207363	96.78764481621174
1147	-3.990752781217566	161.9737109134445
1148	56.904959397499624	169.8932656564997
1149	250.9732748384259	-119.45120557736183
1150	282.18265836381534	-8.044891065060524
1151	-30.073820275322248	-122.9800698518745
1152	-42.12926112451453	41.65914763249586
1153	205.5484232315664	-18.325006513061567
1154	-69.68414649461575	-126.81885784532366
1155	195.23376290513505	-37.249216575984036
1156	-54.4740988735699	-159.0609347036837
1157	154.53611143203415	119.91348661083235
1158	254.8172952663077	-49.220353002539795
1159	119.55499506018421	89.90316433355916
1160	-52.67557211107726	14.377397413342708
1161	65.66885687590894	194.5578018406095
1162	79.67458332770012	-95.87964850947448
1163	104.66355824896104	-68.03455735762162
1164	-62.688721315665944	-141.50160426335242
1165	184.1330069436259	-73.17256729396628
1166	244.46628565616626	176.69063530392293
1167	170.27286626310655	-27.473737550448604
1168	-1.1255926333938646	-51.17478482717726
1169	-12.593126142417262	127.48229455665434
1170	-15.396670550545494	-141.7653928789719
1171	247.9117666060166	-93.63969937679188
1172	74.43146282767756	-76.91811403936732
1173	277.3654408271226	-71.46304259415966
1174	158.2879639231741	-2.5408128192794095
1175	185.03125893939165	-75.31093961908974
1176	182.7544829761772	-150.967614846907
1177	243.7310458985024	-138.21285606172313
1178	207.58600982132026	150.14780547402097
1179	92.61104978737976	219.3603166378249
1180	192.20482468713493	-85.86863993897514
1181	154.2272930804788	-21.87259681079631
1182	81.64032987253697	-58.0483794939103
1183	258.0601286565646	207.37942583801168
1184	260.952566883789	101.32559531747252
1185	297.13433258595956	-157.50406311916493
1186	245.16008116053652	-21.31054995988768
1187	-8.413718551310595	170.05068642770675
1188	200.41961666298317	-48.24149301177357
1189	126.71150427928333	-29.645656294767107
1190	263.3805492600269	-111.02192622233596
1191	37.69455767056374	96.1482383964242
1192	3.9655153472811264	162.18211466932806
1193	7.115638945784241	65.16024421884394
1194	26.408571097849148	244.48858938725496
1195	-10.20837460525128	107.94813047706664
1196	11.513994815000231	12.81392780962031
1197	46.771090694403426	185.41374932813108
1198	14.986679057560906	-13.97223436305795
1199	139.2982321256367	229.19878949730852
1200	144.17277672662786	234.85354439502703
1201	37.887887242529445	235.6723799276723
1202	23.074643962923858	234.77348883192255
1203	3.1253574743051757	273.8637143341272
1204	7.813851955175409	179.4370883474093
1205	7.862780384135064	128.31957959292953
1206	19.4250114563455	216.41170631397677
1207	7.965313735091243	17.10124092514512
1208	263.5596773973881	179.95970833534102
1209	20.990314341649906	9.091868092853602
1210	6.966743898208293	143.77917664955112
1211	14.774537739624265	134.81344124685498
1212	-4.000466963487554	224.0513874532839
1213	42.880620319673795	210.14000695505302
1214	45.49669265572027	219.25824703193922
1215	53.668810575181624	220.31892961393604
1216	27.631132985334546	203.22440336243739
1217	-71.30944183634941	231.45531529829105
1218	272.00396996987183	234.9667403591205
1219	18.191612605628876	-32.255326041224805
1220	9.954997946607818	25.66563373028052
1221	42.054801649220195	223.46027135240564
1222	162.17152837221425	245.47846729384202
1223	34.47570735214228	234.75772112725906
1224	244.83234862697535	259.8545336248973
1225	253.63931429492283	207.25263992688693
1226	-12.586557404389154	189.2826663104796
1227	43.32081776248407	132.79093705582608
1228	78.67179724439708	206.41014426434376
1229	61.571317086325365	255.6167386403849
1230	31.509869018842238	212.86616379209408
1231	10.631436485432971	264.9843854214997
1232	250.11957515330172	-11.092564835107098
1233	245.09275933303516	153.3959507010293
1234	36.05903844517175	118.39294727802435
1235	16.457069158473402	145.99792411998328
1236	127.90634353188653	205.16076429563708
1237	141.74530562862066	203.3504101508355
1238	219.35800263890974	209.74064454087545
1239	57.959546809502484	217.06145695518393
1240	15.577624892837122	152.24060850009693
1241	23.1208241480238	124.44213690679689
1242	161.67799550296047	106.82624391845789
1243	254.28758804609478	228.30372817517207
1244	233.86401545525567	198.25059680219573
1245	211.5854080467974	162.39808655618424
1246	255.44819666499637	71.0991160053641
1247	109.2669885519982	56.99055784699698
1248	150.62618104849568	78.7809460878726
1249	256.91938380742545	170.3346103888122
1250	187.17784069572133	151.89481405061002
1251	214.58364853914617	118.12780358811708
1252	252.8711146394994	215.6863006800129
1253	31.46065513303904	175.3350586689025
1254	95.20817700786311	-43.136677262904186
1255	-31.223748220446055	-54.943041700636684
1256	136.4517470580542	109.52028998162695
1257	193.0019418129983	-122.91038112469155
1258	155.7664782527783	-76.79816812613893
1259	222.81015259054993	148.4947499970251
1260	243.19458919750465	-137.81201512523495
1261	-16.440002180620766	-77.70425055196371
1262	122.83450203252207	67.60109810911425
1263	95.11804704900536	216.2231376752906
1264	-33.38067421685801	148.57040623634538
1265	221.65495760265904	-37.14692390035849
1266	136.51139003318607	-137.4701621278019
1267	268.5689585060214	56.387609662360234
1268	-33.61443416784725	168.79955231321648
1269	125.70892973711739	-121.36503431818646
1270	171.58869098670687	-72.92438658263667
1271	176.73899335287572	-136.77048134388647
1272	-45.491766998555306	-148.5762028875251
1273	-36.058324964831115	-120.88029675878597
1274	-25.025084441275524	-74.82458950816584
1275	-44.95249928109078	-52.5782849941866
1276	204.26403632085885	175.80656438920636
1277	240.41108803167285	-150.9903063938815
1278	234.38997319904496	-47.76573289904975
1279	-151.34720725035604	-145.2697232183299
1280	-77.33873443153719	-89.10491764089734
1281	214.51788843118652	137.8053536254234
1282	144.54387837061597	-120.50067225484067
1283	-1.6100845350283493	-50.52752152418945
1284	220.16935273757855	-52.70948031951285
1285	-3.230800510566226	-14.920688771848944
1286	-59.146393377915956	-68.47120230280964
1287	220.29534215413423	-33.49799388256817
1288	129.53810409217652	-142.87188441178577
1289	218.82098093788517	-62.82237522800186
1290	186.92059225413175	-84.29808851975325
1291	-52.443747018108056	-112.45822700600316
1292	-81.82600618792515	-148.67129677543386
1293	-181.36136539973865	-66.38594327987441
1294	-83.2750367720752	-41.36439679115186
1295	239.22427483198948	172.6860746412395
1296	126.29133622652321	247.74764928497183
1297	92.51222675006612	-8.274048834313241
1298	234.22418558643423	-16.402651444481577
1299	152.37338924389846	-122.04497238602589
1300	218.74395918229283	-86.35506110080729
1301	256.79557517313833	181.0046735324048
1302	225.60758884528505	-115.58178976421607
1303	7.111310862684434	-92.54188658623228
1304	189.05378812346552	-35.08198441522232
1305	75.72524891897417	125.28162346213338
1306	195.2250158806516	-121.28497640482144
1307	214.21078470333572	108.69293561861942
1308	232.3829292381527	-140.30766256241145
1309	261.4377092108605	76.44220355379954
1310	268.8052324229943	-91.22900141352495
1311	126.87843082497963	-54.82686771153218
1312	159.57421820216894	-25.76613807893321
1313	183.35600937477716	177.55191350598875
1314	-27.348918977915773	-118.82458924749469
1315	252.13888172154822	108.29047505345983
1316	102.22825451166531	202.3912067260013
1317	222.83669611173394	-15.76905431213548
1318	65.3991239805828	-35.329120952832426
1319	193.94117381951608	-18.6203131602727
1320	233.25898340957187	111.14212578051634
1321	13.093880865718077	170.49709018185894
1322	41.58120715658083	95.43492941048213
1323	85.21842120877665	62.1196447254675
1324	113.3560946340076	-66.36474501168199
1325	251.52224134120468	100.49845677674364
1326	205.66035466850462	185.92180956022872
1327	258.0882593684321	-22.942023422777226
1328	-1.6320538423974824	165.15021878139615
1329	289.63030261639415	237.5775552282302
1330	274.9075369085384	205.43213463208022
1331	170.4792263042587	188.63621122171148
1332	243.18419378150946	107.80737245556143
1333	261.4719365544589	121.8610185814795
1334	243.68203022938388	86.82166160808922
1335	283.9929004045015	194.643369347481
1336	158.05027010714227	203.70410008156827
1337	20.48637816463375	214.36807663083226
1338	254.1994369203965	63.69296259555546
1339	129.04443241472455	223.53709344601765
1340	121.85550326869152	233.7151166175878
1341	11.098877315778509	163.97054786464835
1342	288.5890172200102	95.20105666065025
1343	103.26792304456625	211.01368082954633
1344	232.14985024615234	164.1917536661824
1345	223.39683459304013	81.35672406960684
1346	72.51829577229813	214.7564345460005
1347	40.702570207096784	216.23945144859658
1348	256.8852639687457	-14.285379150132314
1349	35.14165558107135	236.97061168328182
1350	232.54592676019914	269.6362050573748
1351	246.14101711593986	126.65585063375471
1352	138.0903587880808	200.70492904627338
1353	193.5194059607498	230.62636933855924
1354	14.102029123593582	212.22464438605016
1355	165.94393202790476	-23.123692031718477
1356	225.47881589709127	54.3927813283997
1357	116.29839956054319	84.1542837989221
1358	95.33414554427836	214.7476444305853
1359	135.3885311660676	228.80551923203052
1360	225.44248808702508	185.96276997017316
1361	269.2583406525714	178.84251470457048
1362	236.2622304857418	120.0973932587061
1363	273.13121728777935	-80.20310542365827
1364	157.30603824700881	208.63965841851285
1365	74.72754843993823	86.8338075076241
1366	-131.0025162263391	232.0983309823581
1367	121.45673340160018	236.4028764791883
1368	100.16712387285679	195.60490603760132
1369	165.45727108818562	-73.87007478785569
1370	246.4234503701303	-3.3339755387026173
1371	47.41218223914149	200.84158383416815
1372	279.21086368547276	93.00549166542346
1373	74.85025864261767	-76.31869584217002
1374	142.85154536902434	-67.18389473660199
1375	233.3799797318672	183.15085755324782
1376	120.38002988762437	-62.42421425046064
1377	240.76099562331805	22.087777242894333
1378	66.54202913767011	209.27091915925047
1379	116.88724109860033	-67.18879257013207
1380	198.15396179902456	-32.373893733500296
1381	253.52365713015035	209.61448617283258
1382	220.862808856384	83.04115792130516
1383	216.57634436954447	237.23632857900643
1384	73.7064772999195	-85.3163618343278
1385	214.79971584127918	-17.007008775148904
1386	86.98885230383065	-65.09015201803817
1387	71.51586482409573	130.24434101432539
1388	168.29639968673985	233.02349205635284
1389	109.65455004161062	26.24829461427666
1390	133.85989564016373	164.7122920237229
1391	110.58616604460605	142.13319370941102
1392	273.80800640591895	-19.772418135001686
1393	-18.611090435522996	232.07034500039563
1394	225.62599596174016	150.72904514077808
1395	156.57139410214631	-34.078788404654134
1396	-35.972445848188784	251.12608845377937
1397	204.96415450536617	184.27473369018065
1398	166.97025631685653	74.91105596367457
1399	-1.4668500282679986	146.14507047469885
1400	185.7788222306287	207.02484899681463
1401	247.17462140518808	-78.9358928482163
1402	240.57308178362732	-137.32036891764278
1403	-29.586902247378987	184.81578923438238
1404	28.926662332618776	-24.872548682151447
1405	-45.41509699739022	-110.62615456838243
1406	-43.16561735539592	-162.0260968151553
1407	-44.884548006563165	155.47244727329996
1408	187.32953552061	-74.02870539754855
1409	217.91005214866075	180.63534029085486
1410	91.29548610387442	3.2641091443665147
1411	-34.383104346645126	154.25611561089198
1412	-29.130636967368915	-121.54182172544621
1413	-44.67493940285712	-33.164048194344105
1414	-41.408816863686965	174.77038080410904
1415	-77.68204177478944	218.49179949599704
1416	211.80812453126268	-72.19170857749137
1417	27.170684555349055	-133.7191782831044
1418	199.90137170662814	-110.2188384239014
1419	173.454494421392	135.96232880214393
1420	-59.70228440794677	-94.06468392165422
1421	-58.602060738626705	184.88022487567602
1422	-16.099484954343367	180.89396799913146
1423	181.95444160323729	-120.43451641303126
1424	-100.37745614318322	148.29604757774138
1425	-102.30478034137568	-65.09956958358258
1426	-120.30372398006615	167.70473574022833
1427	210.30824770664634	205.0991906432007
1428	120.14791743295702	-60.01995114573482
1429	82.98941200488817	-63.60968920595738
1430	237.62567917437778	-95.90284885426738
1431	-96.80915172091547	-122.81858770941601
1432	197.07519267705788	-108.44314559177064
1433	-18.899722337469697	-120.98100967152952
1434	246.26623401612392	-147.44278672789932
1435	254.45232398038715	-53.65140659189898
1436	231.92788697662147	-136.4084736380339
1437	183.70808560763902	142.38589217261443
1438	-127.22596057135637	-180.0199745743974
1439	-38.492417963206435	18.27093800818008
1440	152.42578063941545	49.406639306558475
1441	-33.27777056484875	158.08496574044028
1442	40.9710777835669	-147.35794141599825
1443	207.141138139615	-22.126115954578367
1444	16.044959764480936	-81.31668355567994
1445	-2.837310641325274	75.95070198480222
1446	146.14221180666777	-142.12906489956845
1447	138.1764891881378	-133.8895427350409
1448	157.11874254652005	-86.73729412696612
1449	-92.23080207466602	-179.76398868294848
1450	176.07301383645284	-97.05099849092883
1451	166.01090360762072	-131.00977910248017
1452	-5.553292825652619	-177.1543033604974
1453	173.19900596898248	128.97196552180964
1454	-49.793387304423334	-153.6719330410968
1455	-96.83856627908818	-162.26479827655922
1456	248.10596240860446	171.04215750566948
1457	-53.65622980309974	-85.48237678647008
1458	83.2254758222223	181.37748471385407
1459	57.08728077571975	49.09509134591673
1460	45.126073864870136	118.58294562705328
1461	221.78842014524025	-120.60194987883168
1462	190.69437562844627	-157.0910731971414
1463	157.2290456121477	-92.37337705776402
1464	229.21789009889292	-78.75706486869589
1465	145.45283572515234	-89.87618295141962
1466	22.099547836120813	-132.0216394570245
1467	209.59477810154021	-129.80756672730476
1468	157.3308571471023	-96.27767307332387
1469	-62.41065824657884	164.10663442611684
1470	-117.06856658066795	-102.72009446576509
1471	-77.73520896232874	-97.65577411163707
1472	157.04292233375995	-81.59463851651583
1473	-82.38253731733883	-81.00712544748723
1474	219.86354663729702	-61.46710900976578
1475	-95.86588511334983	-108.59103086979373
1476	-90.58202195729442	-106.39772989886875
1477	-128.48250632302597	-109.0064385073002
1478	-111.6485878166171	-201.4529227430018
1479	-130.59630758194328	-126.7883486269392
1480	-94.31005485781566	-125.38619141504353
1481	-83.73193364729842	-74.11763941211791
1482	-136.14377459416832	-88.98607919424379
1483	-96.6373546676602	-153.58603737779254
1484	-96.29389554301078	-95.62601608382441
1485	-92.18819476150308	-214.5179849277437
1486	-98.2993874775843	-107.02392932734384
1487	-62.919843591003115	-139.08522935472274
1488	-97.51084874105574	-213.54274981888105
1489	-57.99282367136371	-118.84574561011215
1490	-206.5408001034183	-124.44869354818724
1491	-137.64545701295316	-98.06293852535882
1492	-194.64123308696398	-79.29150602553204
1493	-165.93521461757325	-126.79966954619084
1494	-82.85173649577965	-109.19282113098515
1495	-107.330088126232	-92.31745216119785
1496	-108.61502684333625	-71.52460814077733
1497	-119.71883790928214	-95.36530874019651
1498	-93.84127810187715	-102.66417709789027
1499	-114.49329595772456	-84.02373765135447
1500	-95.30485982930327	-100.51040540145634
1501	-72.92785151334047	-86.74125954617399
1502	-158.57986480520213	-141.84630382373174
1503	-147.6391476681634	-74.35056011418175
1504	-147.5257871679463	-122.91641043611915
1505	-231.04772935546936	-97.72096368610177
1506	-156.4776431095195	-52.36952996629103
1507	142.91063528082586	-66.18035532809893
1508	-138.04678902391763	-71.5890760498683
1509	145.24323438606893	-81.63069482197261
1510	167.5572982654711	-33.25489327701022
1511	99.72748992497681	136.9987246295176
1512	-27.75889946221899	-44.11873554889566
1513	-75.73608656654967	-52.690648559145345
1514	94.04763736169417	-64.86518051993585
1515	129.0183551682654	-36.14695340870015
1516	100.55416632451916	-63.10578121520454
1517	189.41889074810058	-58.2085805233267
1518	147.60616494076703	-18.090291287120166
1519	96.71323369308075	-13.606473272184667
1520	181.9338834920642	-73.97543457422748
1521	129.33320965522697	-17.470698125183887
1522	116.1039233762511	205.6350188304392
1523	117.16717649357076	7.526825322783837
1524	-17.506840584856164	-35.02733330508264
1525	251.2894203454587	-22.241890355449197
1526	132.69005728907385	-31.412601821235036
1527	165.7007550502014	-19.845735963558234
1528	218.30249496563653	-7.216634447629383
1529	80.54532996237724	-13.94703725221634
1530	107.10814715975427	-9.315958913813988
1531	107.16578604044726	-17.294956693044025
1532	206.00098418799678	121.57242517617638
1533	-4.328164473065499	-6.256312942019359
1534	265.63336804698963	-65.05218991206581
1535	267.2319907920512	0.018411688226009915
1536	272.72803837620694	-41.47908070126611
1537	240.48357181764916	-45.60517502681328
1538	-4.978930868622939	-24.86160904569614
1539	93.37669680940716	-54.44122704403044
1540	248.47624024105744	-30.104357176536766
1541	76.37964093218872	6.417770844572078
1542	-61.93561366830923	-3.4756698475316607
1543	248.88218200127042	-72.19612230963753
1544	-19.609515578396298	-47.4929721566244
1545	-23.03741695915805	-42.71857374598563
1546	135.47914078398037	-37.687949476082125
1547	130.04716815918175	-66.30778256824028
1548	109.0491925242058	-41.59231514051026
1549	99.86522205315505	-32.18941040988404
1550	251.03695561679837	-22.545022085008835
1551	132.25178416993944	141.03704150703234
1552	111.35030448222157	55.73479601153804
1553	218.89617527730226	103.79120067087604
1554	241.25441920522113	193.08038445325926
1555	135.55781018036242	83.9506739866207
1556	206.5297312750947	-35.2616041027875
1557	77.12062158636529	-33.15569911441224
1558	138.4636204351393	-29.566127940825012
1559	111.83669778770154	197.12064712332415
1560	117.28950487999528	94.20744378942409
1561	97.20890468369151	170.57315429696638
1562	218.74467286679584	44.224289462158275
1563	105.68984708131545	204.61762615549296
1564	230.14194828579247	129.37650289505285
1565	237.29033807483736	212.21982850638918
1566	195.57271495898277	134.19944016406268
1567	89.08190163785528	232.26338471528987
1568	233.65291158235777	-10.973664280292482
1569	229.42400477901867	198.78169361768306
1570	157.13752785351687	100.87693324425027
1571	232.76547843479867	264.92058357326346
1572	263.0228716846577	135.72454268221895
1573	157.92557333233844	136.12972827725503
1574	198.44348540635815	131.07099352381107
1575	220.41989529005338	139.394470323628
1576	33.012338091022826	91.35504118641248
1577	70.78206921814959	219.94048653324802
1578	259.40494054307044	116.72575739821102
1579	258.56308188771845	222.99047247262013
1580	267.547918284366	220.64745961926494
1581	264.0345118383952	99.65375777919793
1582	237.37406016346193	204.56941071220757
1583	154.8704012466068	238.30597292404852
1584	242.11547886642984	87.34438585887061
1585	270.2297032788594	140.25572409924663
1586	259.6526753086956	222.04054627997417
1587	212.9960820907947	273.14308764220544
1588	144.03675880226788	112.34585284440865
1589	175.96595392977335	62.72571423219701
1590	9.797234911837592	163.43237632268625
1591	258.91967446758906	83.7306494896854
1592	286.80154990073265	118.90283110804589
1593	251.59429507066912	94.71844163736948
1594	38.44449831864288	96.62983852065355
1595	108.4118782193827	91.62924516169544
1596	236.49135747218332	95.3240130203131
1597	141.19115213634205	106.63681524012534
1598	219.508693975417	94.15063704546418
1599	233.2413745883112	134.7719786373444
1600	253.0824002185005	186.35539894226298
1601	27.064795552312134	108.11682866397382
1602	155.33660519453852	124.06289716534124
1603	238.0139220833828	102.00733731260786
1604	144.4507190358086	92.34033242960125
1605	151.0830811284702	106.40715206365097
1606	191.5471718231654	122.58959927701068
1607	126.16172641857713	126.63931612649965
1608	161.34486526138008	143.31519869777205
1609	216.7839173467622	140.75718896656073
1610	217.17561676985406	146.52287387552676
1611	79.84629672326469	117.99587610023606
1612	50.72143889327394	81.00338008160514
1613	250.08370129748684	222.62388138512276
1614	244.33680997422047	217.6789841906746
1615	230.48196282118315	75.11877069636057
1616	138.1700983615721	246.68304269834215
1617	135.30099824704288	251.49667804554608
1618	8.157928699636003	139.9451002399598
1619	28.8203522305553	244.41838115769085
1620	260.51252021887245	245.8188162667045
1621	275.3051696849218	107.83077074259616
1622	251.14299775569899	259.421957693402
1623	30.930648892087333	223.2462837792189
1624	209.9210218321694	208.08652713914688
1625	215.2287845419467	239.23872320057336
1626	123.89633543156467	102.68092289046548
1627	253.41642259013722	128.03843754182708
1628	269.86737030998313	149.5334986006776
1629	190.97622498544712	118.17397953637638
1630	256.9314277533479	250.0425153520516
1631	108.66523394471037	204.84155214555489
1632	123.09879470866954	113.54865423480389
1633	11.399083822256912	101.3226796879378
1634	243.737068156944	249.55813306500542
1635	236.79005991776023	239.87746005604393
1636	225.44247299917626	237.39749432183567
1637	86.24145301737184	260.877040110867
1638	224.1315172992596	226.55235544705994
1639	236.4460451295215	77.38735164260503
1640	132.8434658806137	90.46867179429202
1641	148.57645414163872	83.02852849508575
1642	252.20527266101323	184.07655394360154
1643	265.33523871438973	218.18530716844947
1644	160.05670378303265	115.88601359004947
1645	233.21069213807812	181.72466051058336
1646	262.9896169239638	50.214758227007486
1647	99.7033819433545	221.0016938197088
1648	104.01987447759645	75.20385138488083
1649	87.57567986375436	174.93047641368292
1650	209.93093662813106	64.63507044974097
1651	196.50251184271417	124.0244682455152
1652	215.9535117225144	66.55776157280653
1653	98.72062533875092	83.5150771505544
1654	86.74282106170114	54.82862262001831
1655	100.98303512075856	162.9200585182524
1656	84.58052180819055	38.61121352762907
1657	211.1635841517075	21.001592218725268
1658	212.98626877216793	13.438267043979586
1659	61.69171396966717	17.13768730886814
1660	189.64288646940105	-3.3403992276710053
1661	-47.01608724553846	-38.92620051646501
1662	183.7263483025381	-42.444302490832044
1663	179.80952730756874	15.63731178162274
1664	200.71912567595615	5.034555787539967
1665	59.341016127729745	-6.923946687609887
1666	81.02592119813401	7.86510107959014
1667	251.12940586654273	-35.07460663472524
1668	211.72311010942857	-32.03571436237283
1669	57.855132654667976	-4.070134610292831
1670	34.71278537439409	-34.42016326459262
1671	79.94464858581085	-39.348274069876204
1672	-56.75030029523519	-40.074029740486004
1673	55.19590507275246	-13.944478777974242
1674	-48.543275115534954	13.908296768437305
1675	71.53302181105015	-11.40109495442948
1676	132.98040114670903	-4.642349630880555
1677	179.99834719720656	10.681986016108374
1678	-38.959016470219396	-20.248018380690763
1679	81.69287487150775	-21.89499381044139
1680	91.58879804893535	-54.27712546825635
1681	37.737591783491425	4.925376754453318
1682	72.51999484429591	-30.73909407482439
1683	122.82713685692927	-32.3338862554668
1684	94.89907798462797	-38.175148518228674
1685	66.29386266758998	11.052297821450216
1686	96.02088760322768	-44.29225184085653
1687	45.96870884133713	-11.52495302096139
1688	150.90001764602818	-39.13274237417395
1689	72.68380335686963	-15.57168704599429
1690	141.94202945144937	24.314170548411184
1691	122.92788929807915	-19.531225544784213
1692	85.9068500243432	28.78220738144989
1693	97.71483189848567	23.86107197273973
1694	179.24997389496383	67.14337431345962
1695	83.072547799639	114.93287807405132
1696	118.9317176198956	82.08494577618656
1697	139.97610386735408	94.58287742651206
1698	125.05973231910274	168.46697230650318
1699	109.73926850054912	90.27810485516372
1700	112.87542217048045	123.51280398396656
1701	133.86642066979275	147.75246072557226
1702	209.0126005461895	107.059727008297
1703	135.55547771463037	67.23334221259947
1704	229.99898129464137	119.5205364115165
1705	185.45273983433427	111.5025139137336
1706	155.77243760084824	106.58204373820969
1707	160.90523562535836	65.29913750423236
1708	169.35895409560084	113.0327598327017
1709	122.91280343964297	119.37925909125006
1710	167.03466621109453	67.72340807951859
1711	156.21461378048556	66.26819333999504
1712	120.23260578104984	88.58248932848234
1713	43.788321141503474	92.3080413129893
1714	139.68894086271507	223.60018736030293
1715	127.78964273379067	196.8970492768425
1716	147.34708782024578	224.10442259417914
1717	97.45219445078904	43.238831233672606
1718	134.26242515352757	-58.17788254376402
1719	108.88878130080396	153.74208153937897
1720	242.96669132818545	61.53821794384158
1721	94.31131012876605	87.57265294315374
1722	22.868137031865416	74.37696582214915
1723	142.8058558973351	172.13438105993336
1724	90.0377905466686	172.7936869199891
1725	264.6377465790524	211.1338288882825
1726	236.2749282250115	85.29148183849159
1727	15.169335914575214	68.90002410608948
1728	112.78898361222411	83.54486811211204
1729	203.28080321539278	107.80258696070764
1730	108.05104447764656	145.94316809524437
1731	132.8024803333247	72.07880733325467
1732	132.85520973427626	-33.740579658483625
1733	95.89164969913789	188.64069545017907
1734	7.586946553168076	-94.23570642230838
1735	204.5954306916198	132.77613127016508
1736	184.8589900563754	128.23473973674194
1737	83.52255640063652	162.9649745863748
1738	71.97808587573417	27.326521393357115
1739	79.00617010900203	148.90988827724067
1740	106.29515333475763	140.71283722231396
1741	194.49035819142028	133.5261324617552
1742	238.29774956974293	142.9647470673768
1743	265.14076201472346	149.98155265183271
1744	162.08131619963635	166.82057688821266
1745	83.29755403795001	157.75847628106783
1746	276.4451676612304	235.51604638238067
1747	84.49021084359916	127.8594423218081
1748	150.49158846904461	-10.486334260979163
1749	155.16232249185367	234.6269726599715
1750	240.70760480850956	-20.604908939399195
1751	147.25090857428415	218.4942854777527
1752	122.31535374159955	206.8756294789382
1753	63.491863922785484	246.53232201491227
1754	207.79808032828612	116.72862100390286
1755	210.09229449854348	229.14874770063574
1756	243.37452508216938	222.3881325997445
1757	90.73762797221454	6.95720584550287
1758	130.4630554783908	212.3355967417745
1759	95.61199672394527	98.35529570289364
1760	-21.279100715603775	237.10757476244964
1761	-9.40405228703439	-11.479935685805842
1762	123.08286262343229	-11.499967708819028
1763	130.66252647044533	263.8879798243013
1764	135.9003790003129	118.24525277623681
1765	168.92127004804246	211.9459177444774
1766	268.10497417244244	194.81261874042218
1767	72.0006305053681	-37.96973069420601
1768	104.81747377279459	96.26732244121104
1769	141.03174727205544	131.06584818209873
1770	172.6931745953375	258.4312168769344
1771	140.62654357929927	61.28209397536375
1772	128.81094058120806	208.5298234824674
1773	22.48102095240482	115.21899544501233
1774	149.66564155532558	98.84085827558107
1775	167.03761036339648	225.87641794467538
1776	106.46830161454585	145.1725350065602
1777	148.31742646979382	145.67100655336216
1778	14.846904773616373	188.96694183438493
1779	137.21254360827297	139.69193452995265
1780	101.23592295438527	139.75835335037334
1781	32.34685738076212	-22.264154937485003
1782	36.127254929332736	145.93310650070993
1783	213.1601331722587	145.68490019355445
1784	255.51316727071202	229.5789793722587
1785	135.72168918954642	246.58681038116822
1786	164.83819702008464	139.8256850748132
1787	182.2316197459801	224.85593198841312
1788	52.46385096060746	139.02668852370167
1789	224.4488866558732	90.01217734807183
1790	266.96335413265876	136.44842774155975
1791	105.30445658261998	95.52048748494595
1792	141.94552273141247	128.45476785294363
1793	145.67540919022102	104.91191729815318
1794	144.72186602617737	119.43513747786236
1795	169.34145160473986	93.7941130664527
1796	116.96689754586627	137.2987415670203
1797	171.74176894901663	126.18027230486973
1798	260.3735875749531	141.29449198954094
1799	125.10648155768124	128.72919302574294
1800	107.45240273587466	126.1062621024393
1801	21.13672079522533	229.54160662722447
1802	150.7750445015323	119.02793553195119
1803	132.92949519667417	152.01231935192124
1804	156.219987219955	96.05606047839392
1805	144.05863785837093	167.66553767647744
1806	148.42956096045688	139.50963490933904
1807	119.50519772521322	249.61542107729454
1808	137.46477537064084	89.92227670865681
1809	150.5656509088648	114.98874935051165
1810	106.40402860996647	98.1574331183554
1811	136.65787203933837	103.52399533663258
1812	100.13564966772473	88.93397963438012
1813	151.57703144153732	111.58522650143586
1814	123.92989720009366	64.08827370892666
1815	158.9213565406403	77.79664341251134
1816	101.25358127217618	88.0594258167217
1817	223.985672219962	76.07677011108346
1818	219.8341582330144	77.21408290655293
1819	154.9467241714462	82.76323834475735
1820	199.00014119128156	57.776594475308286
1821	240.66917115245053	58.58530599367241
1822	116.76479862423282	87.94704065080838
1823	205.87709082808902	107.68325887235837
1824	238.65984076467365	73.82163061088599
1825	134.65262031671227	90.8328727710432
1826	102.33285670389586	55.5991714804548
1827	264.3589540493248	105.16590025918426
1828	116.29918695831083	116.78421050568471
1829	32.58498145022568	112.8738184827419
1830	107.38279797944655	102.6383079037312
1831	127.61416914966185	139.17509273047338
1832	259.1918887499364	96.85559325363427
1833	72.06979474674164	121.6512195269559
1834	214.70648467315027	123.69286096403864
1835	130.82143124819348	110.0574938582858
1836	126.25894171932474	121.10626360638217
1837	96.42817359407884	185.0593858626449
1838	223.6147797982935	248.47162598434457
1839	146.92032545302638	222.1182359097582
1840	121.16959168060164	146.15840866942335
1841	283.42738966929585	241.04770466627568
1842	141.71271795887247	103.96064597701142
1843	124.90980120824632	109.50223606098177
1844	129.65819293019646	156.05881284458175
1845	131.8661895480247	107.14951053643964
1846	166.8987691814872	112.36273934255192
1847	256.46495252186935	115.04374125174034
1848	115.39520351646021	103.13445215849407
1849	170.45963115587588	85.07820725884773
1850	154.82701927969404	230.6543344698381
1851	101.72368492349675	115.9555882687942
1852	10.553336149961126	137.0884221280441
1853	133.4314651690838	96.379624821226
1854	251.83116001452967	233.18125437631423
1855	252.73649234227946	159.30343146103684
1856	222.95111856125322	142.49372879301458
1857	-8.347063351507998	160.6483761921993
1858	154.71366538477133	125.1880021413253
1859	130.96611360599314	98.37326752555471
1860	171.69314420580864	46.81038433166776
1861	171.88742381700365	146.58050582258326
1862	148.68436462769128	90.72899538166213
1863	105.17268419498811	110.05274800054583
1864	282.62790773903885	125.65231026490363
1865	9.620342623403388	132.19621750355105
1866	39.565226032508605	136.2539863219016
1867	220.33214428715632	104.17045883637255
1868	141.23384021084973	93.32434795608272
1869	139.31516222049802	114.97368227925514
1870	282.4436514388087	123.48011714940846
1871	148.99556115186607	258.8281708365527
1872	89.02950323428254	127.05396903990635
1873	136.99916019102614	150.73444255900066
1874	143.0966723400111	114.50961666529842
1875	120.05676120755078	147.89756128308747
1876	240.03668549881138	118.45988214370179
1877	105.81967486620047	149.88997010707976
1878	171.07348663273527	114.49908928936041
1879	165.51835358310896	118.57430155685635
1880	138.42631369590458	104.83082353542852
1881	130.25397134658954	151.55966437256117
1882	271.2770592946734	255.0371779299992
1883	121.29300774579731	273.19562653051423
1884	133.33127534339366	219.54088821189325
1885	150.13251824262719	226.35912969647927
1886	158.30740691209863	113.84127083007657
1887	268.61570744787406	108.79640991957649
1888	122.6463991498782	109.89246435152911
1889	236.27790042369898	215.346860306221
1890	12.067591559586347	275.84622314238857
1891	266.4013431937062	126.26378336382706
1892	253.927311542162	204.16277256599926
1893	236.32765801958496	110.1687285996699
1894	-2.650201735084181	9.145670968581825
1895	108.34039689106919	-20.825242761122283
1896	213.34461309695322	-25.030684830403516
1897	228.96256103294934	241.32451024478507
1898	110.34982912432538	93.83001723742058
1899	-22.447341564990865	255.67262059414816
1900	210.84727374949267	216.93862373457125
1901	229.24192938626354	76.4072842145304
1902	207.55294487158113	143.72241524912718
1903	94.25364213505037	202.05331544343284
1904	125.80739574542369	149.37746310862263
1905	82.88176077922083	121.88118824171762
1906	228.39792845749284	136.76776834509528
1907	277.59741849878577	133.63410472720636
1908	-17.146976221265206	96.93455293873218
1909	218.48273229953972	134.9591295021871
1910	6.842109034815209	179.90531137978888
1911	278.0218499017793	111.06864298266923
1912	238.14739766018496	167.9183812215516
1913	197.59158402016635	103.51428525553158
1914	22.178073390427173	156.4677314547024
1915	240.72418722861008	157.79530453608086
1916	45.482547298635154	99.24429117978697
1917	54.84373389817506	207.22652562967033
1918	223.9602462105264	-9.763299091832238
1919	274.4943694121596	248.34321678119875
1920	227.5857957274169	144.75911696328
1921	61.31267126154091	131.01842768570242
1922	108.15728513361427	238.55686851482017
1923	222.88877080015925	115.64022825569579
1924	84.89267768744679	244.38058859302228
1925	199.82427329101287	241.15686233591947
1926	90.33855347683883	245.2012434081903
1927	205.47713289724726	136.19713592187782
1928	32.918358634151005	4.098826401458581
1929	234.78339960453533	99.89250066839953
1930	85.64488790997049	225.41705886957863
1931	148.11154184765263	220.5753496706467
1932	288.0165317489905	132.73090200774968
1933	204.4165733181859	146.87931326559408
1934	123.62822034085649	123.30151409120374
1935	162.62993656201837	129.9754443839621
1936	138.28099962442087	73.78742979935001
1937	228.49685177744084	106.33714268212013
1938	79.74922268713989	211.273878500208
1939	77.21133655281865	185.34541589909875
1940	103.13103235078856	218.95396914870756
1941	201.1908107362512	75.39833753873312
1942	134.116878242092	226.12240746176946
1943	134.22581064960062	146.3264963773413
1944	83.22786487936955	177.25503483957465
1945	236.74702404998632	171.4367597128833
1946	232.1926976535646	220.44370323901802
1947	220.67610949235672	212.4938723766829
1948	74.107155299055	83.70133473484225
1949	108.43676935656403	187.0610624789536
1950	111.89443636773437	217.7156242476612
1951	224.91718795427903	209.05006579913754
1952	232.25393997197492	115.04623065539487
1953	139.80715160367524	96.04450235275984
1954	232.6660630952007	81.87112494356637
1955	208.34164340095862	49.68641929087541
1956	120.02899082661017	176.1527786525337
1957	233.03745907670526	175.7716956350384
1958	138.27136605786745	40.22368252860924
1959	198.9965561089689	-18.183042054685714
1960	226.76335598500503	150.39347822157953
1961	140.7224193046329	-47.4064961817996
1962	125.34801157264604	64.26131343946483
1963	237.90102694571797	215.17327430197722
1964	223.33117661706615	168.19168803895127
1965	11.553609911728913	62.54831437203566
1966	188.93007352889182	204.67831944851102
1967	185.68408448194407	76.00020841823597
1968	194.38605227577852	98.61803092461341
1969	-42.34580339968528	158.47403133447267
1970	178.5058198354262	144.24078247744828
1971	5.244786563513372	173.28981450344787
1972	272.6024806523712	164.44763753116362
1973	232.93149147302057	234.67242037071676
1974	234.48503993682468	243.1701980752408
1975	103.554599249096	187.75703259589113
1976	104.7484278785638	186.76996872322016
1977	127.79000768978216	192.48032982345805
1978	142.09938826538936	218.51192699535102
1979	121.89512974003594	235.29282209663407
1980	139.27288805479225	81.25829979692845
1981	136.29789751835483	125.54253746514024
1982	146.86129283167003	125.06433769902235
1983	161.94560903377172	112.84342304045806
1984	128.9276308676865	76.50689753667497
1985	118.56682589836286	107.45846128159161
1986	152.05148882777644	116.0433931679138
1987	175.92057857852802	134.8577252676986
1988	121.38133588306117	116.69230482739358
1989	104.54957657015798	229.25707183588932
1990	142.5296365282412	127.34253941881433
1991	148.56057128789047	135.34059371821192
1992	117.22130286527111	99.24708557466418
1993	134.59102876337897	112.05701590274114
1994	143.47830165535612	140.13827277531732
1995	148.54112131765746	111.32083315635408
1996	254.34358390974367	121.66213548865147
1997	115.33394724006666	222.17472864374383
1998	35.815693063354814	147.11179238999293
1999	108.11285941509531	133.20426080434441
2000	46.395650349255305	244.675407849129
