Environment: LunarLander-v2
Agent: A2C
Experiment: wind_and_turbulence_experiment
Parameter: Wind power = 20, Turbulence power = 2
Time Taken: 2035.3838057518005 seconds
Episodes: 2000 episodes
Max Episodes: 2000 episodes
Reward threshold: None
Episode	Train Reward	Test Reward
1	-87.8498646566344	-671.675263760134
2	-60.53183380915503	-1351.6020279721758
3	-192.20186439999404	-969.8172652074354
4	-121.84898676029317	-605.7378730410996
5	-238.26204590777783	-429.53820349948865
6	-185.35226764757198	-475.1521337558342
7	-434.9105381149294	-551.9099569925968
8	-234.3158359572193	-806.387755646389
9	-344.0581029212836	-639.2736890936114
10	-78.51752043448184	-359.7219210555369
11	-224.68104542643727	-512.3506460890267
12	-156.95352381280242	-342.6867196551841
13	-191.40761624252792	-532.5630243235357
14	-427.9869449201502	-209.16311735908806
15	-136.1291843307122	-457.10773372768637
16	-100.41160260634999	-394.8276775745367
17	-114.2892526497049	-389.56877140421466
18	-307.35787384264205	-308.3170505530438
19	29.344375341416253	-518.5838615994562
20	-65.23997175095808	-483.6362227123225
21	-104.5743460038054	-333.2552656413277
22	-240.93447495049278	-480.7701893626911
23	-301.94529132838073	-362.3608824461181
24	-156.52487165067112	-194.1028938625003
25	-209.26030785921023	-207.17392966372034
26	-91.7412548549952	-214.45443365124538
27	-117.79742005952896	-487.7175156703811
28	-128.98061822392194	-427.7855024259467
29	-262.18304459775163	-178.72592009938865
30	-52.45754148751743	-305.2849563815962
31	-218.58578240169385	-127.19662050706928
32	-156.31157462472	-345.28841799317024
33	-138.04088192668792	-149.5303329806693
34	-153.06612477597838	-169.57180430307847
35	-80.40770233776017	-120.832285408729
36	-307.57851141670284	-826.0025014386462
37	-292.7674368506015	-1326.2611516577938
38	-67.06913835307478	-200.3143463925935
39	-153.31234744608977	-725.0545098074422
40	-111.70563664311544	-740.9888822384114
41	-78.91025500840067	-1077.221541159688
42	-97.14022385626309	-440.6061652361833
43	-11.978627470536424	-909.7728577561642
44	-210.72196187470868	-641.5086462059538
45	-164.6507528954671	-703.4404645672141
46	-116.2826990545003	-706.3911466331996
47	-173.2109625023441	-920.812129313775
48	-117.16480066125978	-579.9377456639597
49	-227.80543281436212	-509.0865277708024
50	-67.75949579047796	-1110.9776023462196
51	-74.85091253489377	-630.1062764920688
52	-232.6376379151048	-1069.5130672390064
53	-113.22558432060214	-2111.6133451414157
54	-139.642394307902	-931.7523729322799
55	-153.58037157794206	-1107.5692363037097
56	-130.418338650076	-605.862649199456
57	-88.98821194551013	-176.51643426137912
58	-70.7533371331522	-495.92926665550686
59	-111.38330010782542	-467.6283024919326
60	-357.61702984133206	-638.5530974316316
61	-338.21234672946264	-601.1947127298542
62	-173.46896840464925	-2196.9088777646384
63	-177.32859470014046	-447.7021349844844
64	-140.67843953191152	-1290.2579930262548
65	-201.42840863129288	-1339.6164312142434
66	-229.81546990723209	-669.9748525254087
67	-301.7278254452518	-874.1663342175075
68	-143.16214317827044	-725.3619967219587
69	-161.6857058807865	-734.5974783580932
70	-227.96315884116055	-1054.4103236827304
71	-183.91460092537216	-555.2369229884134
72	-113.41198201412342	-596.1190452887361
73	-103.1223432720783	-849.6932643191348
74	-85.79841361470697	-1143.1990914704627
75	-75.16623705836417	-684.7547130152093
76	-90.75531194291393	-1952.3905963375498
77	2.2560192242805783	-1229.0626791593652
78	-219.40701934919213	-803.7722821607193
79	-117.41348460401615	-505.42823154802545
80	-51.20050953147063	-1178.4510861881174
81	-213.99891725487714	-989.7758283513211
82	-202.26216569542953	-550.3079225706426
83	-145.23868990611584	-247.99356989121736
84	-155.59116328889917	-801.5574576501355
85	-253.25143989855115	-2352.0880507160723
86	-305.8701241721548	-420.4198643692059
87	-398.15559580514423	-766.8674571238643
88	-321.76792716895466	-602.6725195258335
89	-105.78942646642126	-636.2214891335342
90	-285.74502450025165	-443.57927359474667
91	-113.50543341619871	-502.03784296092454
92	-326.12429702875	-382.0725774565707
93	-279.8311265860741	-308.2714007929426
94	-95.26150129180155	-400.43951449501907
95	-235.36679535193554	-1131.8155742709073
96	-238.51343767477263	-961.4873009408244
97	-187.9679509567045	-1265.8961546787334
98	-391.25346622847	-1540.3699550361107
99	-113.01909491119817	-1103.5255664850488
100	-364.80618658297396	-954.2130222951536
101	-134.23495337778238	-2747.19904918127
102	-173.4229937029349	-1805.542242122744
103	-76.47905616297638	-1033.120722197955
104	-74.01948492684527	-901.292771089567
105	-125.44427865860324	-802.3281633628015
106	-32.91390867583783	-839.3483401462863
107	-65.70376704621077	-409.569445337772
108	-364.2130207868803	-525.6697256594779
109	-51.50132935718755	-449.9186276750832
110	-242.09313841049038	-473.60183370935863
111	-113.91996210381768	-551.8052056160234
112	-80.97654593565571	-460.5682411233964
113	-87.10332935552877	-291.39602898865184
114	-205.76762415877135	-200.27725564551653
115	-63.93041283518883	-156.36535562664767
116	-107.7906563231336	-141.9331141464807
117	-31.094987463943482	-219.9105792522716
118	-86.90352212253615	-73.38370891499119
119	-126.05205255991436	-340.0218169594484
120	-113.5277001279855	-5.690097252956875
121	-148.0611726114501	-276.05926028875194
122	-163.2661972609313	-32.68325452412435
123	-93.96636778829495	9.406347569135576
124	-216.35028774351747	18.746423450075866
125	-320.68837823853613	-84.9499762850029
126	-180.44961025333652	-62.32771899334513
127	-145.41942143533282	-76.00900146898341
128	-258.4427565520982	-1.817657921762077
129	-171.41876912451	-108.83491697976719
130	-106.34471621897644	-108.56835153359496
131	-65.81630789666855	-20.48632153242184
132	-120.13726517210736	-162.8816279412772
133	-175.25739204788024	-34.97902913128844
134	-70.76640035485714	-124.63042602374179
135	-249.47281961209134	-103.09465005496139
136	-74.79727188632361	-166.52088630890864
137	-162.39049982875568	-93.70422085922657
138	-101.87093752047572	-160.2100139562051
139	-233.3415469086425	-231.87180688364168
140	-202.4238372423898	-252.9379766819464
141	-341.1163186782577	-356.3978838316396
142	-102.79848130191458	-212.8161850651917
143	-100.48135593552357	-486.8318251551656
144	-74.70717095303418	-624.0752457826082
145	-100.24522531769757	-570.8506397668924
146	-64.24690791442728	-632.0600028306327
147	-171.37885226950397	-872.3910432238322
148	-163.33099139864976	-901.0942836169469
149	-52.48916834852971	-1124.7188405286904
150	-99.0675240756236	-1490.1010216151465
151	-72.78022779549407	-1474.2131283290555
152	-69.84384501922084	-1717.2334586366492
153	-73.36935689184975	-3191.21417863183
154	-72.97884084435564	-1249.2182651515961
155	-489.020456211791	-1323.1715333869304
156	-44.03308366610193	-1723.5982133780437
157	-230.03718216817973	-5872.090848055685
158	-211.7746413992956	-1733.4654061420736
159	-95.83458614804339	-450.7084025832079
160	-70.49295643295966	-1744.9143016955868
161	-243.41478943938012	-1009.8424882137969
162	-36.589349950990155	-1404.0649698212442
163	-91.8855366244622	-929.5838946030223
164	-171.2361646133293	-1091.3818328704883
165	-346.51541444107	-923.8117803791268
166	-317.6496748960985	-1088.5855047442212
167	-66.7754379830706	-645.8754378668958
168	-393.8165045920786	-1233.2576920729077
169	-66.23456585248285	-1174.3769386931624
170	-343.59473822970034	-1465.2617459897233
171	-344.02571042892976	-428.64725048594585
172	-147.59644087415194	-1222.7298669496483
173	-272.5210654508818	-1286.7343610557652
174	-44.44941097491348	-591.705835246897
175	4.768369671499585	-1463.1776509164852
176	-92.68135197040212	-681.235092926731
177	11.168187013984934	-658.3507676320808
178	-249.070350972832	-563.7471889919107
179	-182.0395170608919	-581.7406433654966
180	-114.08452536317449	-727.9042300352519
181	-347.50653005278053	-1042.8266040093454
182	-151.90272635751037	-1272.6260198723326
183	-281.98733028996264	-594.2159208418573
184	-350.02478950960244	-538.157562623041
185	-319.5673402670354	-681.0109714544873
186	-384.23871147664613	-466.86887074260153
187	-106.64634573749512	-935.3293317475488
188	-430.2769046218173	-1355.4665980967202
189	-480.07548228106305	-394.65688861023204
190	-240.58625964439972	-333.7773876833536
191	-455.4165240906795	-978.618562971815
192	-70.84297463716072	-803.4330379184498
193	-175.98534345155787	-498.2893350986405
194	-379.30641898519104	-713.8423609988189
195	-405.68408970113177	-780.5087014428209
196	-428.1410329788886	-629.2285471153813
197	1.119910434781744	-672.3629911345396
198	-633.4027420552825	-638.4305654696155
199	-373.76907057700714	-570.5234110576849
200	-268.3000431889776	-608.9685097182806
201	-162.74856004067948	-549.8560224743464
202	-271.76120923270196	-437.25065361189127
203	-5.932972994734243	-411.65025240250253
204	-67.50100653620245	-375.5674166009116
205	-118.81637854756312	-232.0880781316265
206	-150.38927166773354	-127.81958681598314
207	-121.3824054666158	-204.70249865440897
208	-71.74692302507489	-122.59247563219355
209	-55.06781033088541	-129.0108781335681
210	-16.914177409826394	-110.14335546794761
211	-52.54743727426845	-122.13072220229262
212	-93.44115287815069	-115.42504860958337
213	-46.795732553915826	-73.42749841911122
214	-70.17692127157248	-40.38582614660599
215	-144.43644039554292	-67.19081898741993
216	-78.71738111889994	-66.56184594350593
217	-15.431389563738449	-86.9179010236737
218	-150.1205439921137	-101.44627323163643
219	10.19589112804654	-102.24602392309508
220	-238.37030446188126	-133.29942126124834
221	-97.26466861014964	-146.54208986103967
222	-88.20800972476871	-199.1650909488986
223	-160.37878830240857	-230.47479936636654
224	-89.80713542705749	-294.4001906517648
225	-243.27941191779965	-420.43933117537233
226	-125.67256525444296	-525.6134837674106
227	-52.26321827274896	-634.2326805326801
228	-220.3437957720795	-499.539301115123
229	-19.25425635375848	-258.3179063683638
230	-0.028722355047918313	-437.5407935483362
231	-26.486500878224334	-403.39757194356133
232	-78.78471106630352	-221.72535832364198
233	12.501413024279842	-412.74823703111065
234	-11.200741487012976	-383.1205537772857
235	-283.4566059183304	-432.42421773825697
236	-97.38257230936077	-302.5331265029431
237	26.366031917806893	-505.6354209391398
238	-78.52971573568168	-347.3060141805561
239	-142.63020496576476	-457.3501863363087
240	-98.44187387271904	-557.8261563320368
241	-193.21631600628132	-639.2055173271011
242	-77.3913922560147	-809.0670381579428
243	-199.88221748366706	-296.0524393304123
244	-224.75483363542435	-242.40347778717816
245	-56.84078808262046	-621.4340714079884
246	-76.92382479606124	-923.2730959895664
247	-98.50083745123673	-515.3160190944513
248	-64.32687944838996	-736.1327314169826
249	-88.41612010778618	-1102.366437197179
250	-176.65431420704732	-1714.9314418665672
251	-91.88771811286223	-3190.904455816706
252	34.254593222829435	-3616.9245638978373
253	-161.59710790760465	-3033.6860109396453
254	-64.65263841657205	-983.3719058364311
255	-39.569350482486456	-673.6090621407513
256	-264.5558712360739	-808.68934115346
257	-25.998607718529144	-1094.1434626641735
258	-48.19513493212752	-673.4880266112873
259	-60.90101485086582	-490.13314472877965
260	6.367446122463683	-1129.4962652308536
261	-43.42664387996703	-890.84952121984
262	-34.23902770703336	-1288.4160093850687
263	-46.72984308650166	-722.5265750197144
264	-11.12087446577577	-324.04705916628507
265	-113.18907970809575	-391.4480698953468
266	0.3686806354089356	-572.5341059849156
267	-9.798947857962986	-813.404287306922
268	-58.13862407520805	-1033.3589118900427
269	-136.46580071256318	-881.5737964851817
270	-90.01929361880872	-1026.6140433535395
271	-238.237228804026	-436.64968700427517
272	-107.1799501134075	-799.7734251919036
273	-81.76573555427717	-686.8296785166216
274	-10.211824887546015	-862.4542622565375
275	-2.162686357732312	-428.96326939628955
276	-149.4922559635899	-656.2465036983114
277	-204.35065720926093	-342.13192446272365
278	5.469702403209723	-1807.6637839436344
279	-285.5107078381697	-4505.345673245156
280	-96.57335961570294	-1214.3719734053902
281	-202.00101501749472	-1272.6527640067472
282	65.58168317718014	-803.5799270137186
283	-35.313016146154496	-405.1659495066601
284	-191.6409943858232	-2176.5623602929363
285	-23.36855777335738	-876.4150050520685
286	28.92680479308943	-634.2365596529385
287	19.13498078442197	-464.8816860858678
288	-25.401456083337877	-441.0447078933459
289	-31.15482301963963	-350.35764863729446
290	-55.74366499164006	-171.7001960799089
291	-37.56837209823209	-258.25153671231146
292	-31.41084195933402	-207.36474332377924
293	18.650681370620433	-175.85964529282558
294	-36.081659048614256	-193.1727951304312
295	-35.464459985151805	-148.4546630836445
296	-25.592616380847005	-169.93065167631232
297	-86.78019980916542	-144.92150968870726
298	-13.41434965272532	-132.05876483198222
299	13.051382410213591	-90.36876750367097
300	-35.485695208428524	16.10461696992958
301	-24.28691922773207	-112.3017055798362
302	-30.800983155400957	-120.22017032948824
303	-85.45651040727265	-31.076460044401273
304	-21.86672522267928	-187.75215916823277
305	-17.31893856244784	-146.81401904955203
306	-41.41665856396929	-173.88243547940885
307	-87.00092048889803	-119.971573197841
308	-10.859067263621498	-121.31842106225957
309	-36.26292690307902	-124.80562828523513
310	2.113272247797653	-125.60656609788924
311	-2.1222313543186146	-229.45047081093247
312	-15.962294833605625	-195.17827811747344
313	-19.73839440127159	-144.23723502251917
314	-37.461888823045214	-193.0541288680375
315	-77.23125325487996	-205.6927045308865
316	-31.202093720623935	-194.57354528409553
317	-53.646615416407386	-175.64208820716078
318	-17.81768426446429	-176.47574958582092
319	-25.07800544824474	-225.13993799664152
320	-132.685754134734	-194.3813137315197
321	-11.824293614315579	-182.50365785569693
322	-37.98351742918088	-185.83300243702377
323	-4.323166767822357	-155.15961160035812
324	-79.53297109016636	-233.96397883219646
325	-53.78083981234755	-225.5223916025908
326	-142.7809128752989	-284.5267522180037
327	-33.45022093592267	-250.8897313203714
328	-39.93297109207862	-174.3071679633548
329	-3.447407057115342	-239.7723759950971
330	-37.987958183454026	-194.34500676031496
331	-5.348086135660367	-283.60428697560803
332	-98.71326100341119	-367.111584860478
333	-17.622691309540286	-316.9226913890117
334	-114.84142729242876	-345.96410826575055
335	17.910881431209255	-239.54552034220018
336	-216.7184812267776	-371.1484884557697
337	-62.04387222104994	-497.88320417923035
338	-47.993206601807756	-981.5738023361256
339	53.641098488958455	-482.0029698894365
340	3.614449891687684	-365.9899909321958
341	-91.74508932889843	-353.4914486520138
342	5.655756053723593	-365.76485071775585
343	24.200004277872313	-285.3603415868932
344	63.571628531693406	-561.7693091401948
345	-59.86329942917915	-325.591220360311
346	-31.066497223984612	-256.80832902662877
347	-59.51878916247766	-347.4292179574105
348	-28.153775780268656	-464.3183372397807
349	-17.965898798460486	-294.73502355584117
350	-89.17394304897371	-491.5880856674172
351	-161.0347466244737	-371.60472972481216
352	38.165221792211845	-529.4976534847137
353	-152.5698434397014	-470.73407617211166
354	-44.12079007358598	-660.1660082077171
355	52.3338649563305	-579.0588645150908
356	-27.484201532676707	-474.0784195927753
357	-13.813749900855228	-256.12790084793266
358	-17.963728217792024	-284.77071961259276
359	48.595956588885755	-1420.6590364451931
360	-108.05231355687648	-1051.9548237218796
361	11.047823801025913	-443.90290829144067
362	66.54761611134917	-692.6882886079247
363	35.858959993987035	-1180.832210978792
364	76.58298622474608	-704.9105956831925
365	125.06301538703462	-728.720815587492
366	72.01496701723718	-561.1625914589303
367	32.900559335315485	-366.90362966658347
368	-30.149582322711055	-325.3068621562402
369	1.5958566810036814	-209.11828523736145
370	48.89702915509062	-145.1205591374198
371	63.00080396743161	-247.90458847250483
372	33.410436602922914	-211.07549656601316
373	37.09595811722642	-178.25847834483557
374	-23.59446970093539	-254.71842742307246
375	23.625453558146447	-149.64243919675073
376	54.942648680236886	-234.50031828867904
377	-37.53082228547885	-200.615452952156
378	57.250770533071176	-203.20488641303493
379	-58.321944627443756	-223.69223565534725
380	-13.535636745874541	-220.01360853866825
381	-63.15016379942557	-261.0387028234876
382	102.31481943818969	-268.356573336218
383	-75.8826246080454	-199.27590843906955
384	2.1315908188473145	-187.80195455219152
385	23.070346626386463	-284.87514334905245
386	35.84598250642628	-290.96367587229616
387	-72.351916562108	-204.5093186643017
388	-90.0470060060411	-334.1459213617651
389	-86.29064185977572	-346.48094717457434
390	-203.21848407871553	-300.63379506436524
391	-120.85503122338737	-290.898734884267
392	-113.21756618263845	-325.78266771544895
393	-101.73791886823821	-442.2972930935382
394	-122.0421192931463	-442.17916583791117
395	-71.48041302858074	-440.2779366383539
396	51.78421941311722	-458.47892524625064
397	-34.81423187504174	-269.8104237468411
398	-30.80140586419201	-324.8343641772222
399	109.31917096835541	-198.7880269597027
400	28.321295652378808	-153.3257285665066
401	-9.529348374922236	-131.17012363458642
402	54.420250816982644	-116.93997908989843
403	-20.440945057845525	-125.11208949187316
404	-4.26967914668279	-110.99006570410437
405	14.389809988470773	-130.84412197037165
406	-5.822004303855024	-115.05763515185376
407	-49.91204529782409	-150.09212564348377
408	0.7529171335793876	-134.5703761272428
409	-25.366850892190882	-135.35857355609068
410	20.483623771058667	-158.99511370301133
411	-3.323539721840902	-224.36603134494538
412	-58.03419273578933	-193.4441542630996
413	-60.2250863917786	-224.80625825740842
414	53.08928294558632	-152.54332432708358
415	-36.93528107215522	-212.79081241066592
416	-141.8226775549356	-233.48120546449059
417	-25.387683867244846	-157.05021208924575
418	-112.5024227331497	-163.10382372139205
419	55.13048832130963	-256.8512438493069
420	27.68671472559299	-204.36884308121677
421	-20.294842540889455	-276.7935143232775
422	-207.60078533350395	-242.40350618157078
423	-85.89336497099326	-167.8343826853961
424	-4.033950599704298	-150.85136173792185
425	121.05027056448137	-162.65429689461087
426	30.58837124903716	-81.673554222183
427	-248.81029042845663	-105.49222658993409
428	67.4516060967225	-62.938301675071685
429	65.0295997102962	-27.87810969364864
430	45.20382252079834	-51.31207294872278
431	-5.32738074319127	-10.423208483367636
432	43.150032579257925	-85.78646285772703
433	58.940819475487004	-127.80742113351867
434	-18.250103714380785	-102.36588901532316
435	193.52618940987375	-129.2325285034859
436	-40.65360998212054	108.655765293036
437	-6.481733251357667	-124.09141105911186
438	-13.829696870106403	154.15898331993628
439	253.2690911662453	92.11100527607749
440	28.550763300730836	-94.80047996063446
441	-23.284256437034642	62.986362884478524
442	259.97662989598155	-96.11740690952662
443	-102.18008773154108	-129.82271967704943
444	169.45251227404566	-220.42887412470748
445	-140.11633498042772	-95.41666380821061
446	-16.006445965336383	-117.96165854115026
447	-65.2284338025767	-153.24336575821062
448	-55.50607371727594	-128.63163609054232
449	-77.10740266593382	-127.95377627888583
450	-80.88443304838923	-136.660656402501
451	-92.25831323793169	-113.49712558705943
452	-74.77080133224118	-111.32166110518561
453	-49.1414500686645	-118.60127101898347
454	-160.70592651487914	-104.68942395532208
455	-61.98879948518979	-162.21481005673644
456	-56.811141364148256	-124.00195114087231
457	-71.97733666046125	-128.04312123037735
458	146.59690264112857	-126.97848735683391
459	-81.13636426888979	-97.8736796633986
460	-15.807909339810024	-120.00570532515265
461	-107.74526785881248	-78.97256831595631
462	140.8173250238338	-116.19273383161233
463	132.56276878414022	-148.6805294244289
464	142.7645637696535	-168.01928510568433
465	-38.9550134995493	-147.23322134533606
466	-246.83200137961518	-197.66796755821403
467	135.30313829055223	-241.55480828980433
468	-49.301650777196045	-345.14405961079325
469	1.3972902453653582	-347.7205958881229
470	94.48525167377795	-309.7106963329506
471	-9.932197279535211	-322.80128381415597
472	-32.86044283688268	-292.6069634798148
473	42.427448051622136	-250.48520661748097
474	18.37681991989964	-288.37721463477
475	47.92381995975107	-223.25372926901787
476	108.68153816315142	-193.69419261997234
477	60.27560644521358	-152.085053207356
478	52.49666811905422	-104.86830638671123
479	69.38964622971987	-98.6730961440994
480	25.051342851369355	-60.84222000544561
481	92.02036015014345	-34.61329293567183
482	46.92597338425229	-7.943718679334533
483	-15.521718436309044	18.95733867584883
484	39.05566857124171	6.72708871953821
485	15.396526990104107	-14.653168909063375
486	-12.48587992028915	30.804808075842253
487	71.86556165897068	115.15098922851884
488	-44.0784520092341	199.0684668615861
489	-12.79661028042176	134.62831862892727
490	0.12568275404724716	177.81270085043977
491	-10.733370268857087	17.599341330642716
492	-3.7825031491331913	-3.7774250630190602
493	17.308486215437327	14.475262585886465
494	-12.299047214678012	11.87846669489401
495	-23.65214552899762	148.90717215761742
496	123.18406170223331	-15.657630589679343
497	41.58552770003325	-1.245937566412039
498	83.58611011832932	-18.073318172164747
499	75.06973100916018	-31.512597432642256
500	134.55195375316114	-20.77325876591133
501	22.332579412852	-21.33189374725384
502	-4.843760183262759	-26.82752243134577
503	4.425026490389158	-56.44430277713682
504	81.54018418597175	-28.408861594337683
505	92.67687391803076	-34.24518965052405
506	74.9334410503146	-80.72115901915025
507	113.37404935559577	-40.54774644236771
508	86.3935656056542	-28.3831869389793
509	43.58148923317523	-56.94325489188113
510	112.40693898758776	-86.4078437177485
511	85.7583898166338	-73.2613783147503
512	171.9838468845753	-102.48860929210731
513	145.00955993641549	-91.31892288127821
514	89.7551969463047	-90.08398617511298
515	104.82288032575823	-55.432498370366496
516	113.31069481485525	-39.09522129831065
517	128.4897776339126	-94.49827419906102
518	75.61793929523193	-32.80270511443564
519	27.676659004854145	-44.97794722325002
520	45.90713246125922	-55.55054960795336
521	-44.31617784810888	-95.08800736000913
522	90.44196068123586	-32.13479122182912
523	-74.91511330402804	-3.613887220103647
524	74.2170221890698	-73.57669858437514
525	-29.726003545201323	-124.70708071742277
526	60.4552152997575	-96.96876667844481
527	-44.608581892258414	-101.04349323850396
528	205.33712451850616	-65.45951889849509
529	-53.16746393555074	-122.59014828819883
530	238.9919468941129	-214.76298479691644
531	-96.56248139136038	-216.7755065612217
532	-38.43184881574712	-121.29995414636801
533	-8.652474295866014	-141.510941085537
534	-106.97107437055234	-153.99143368399172
535	-57.786224517687955	-151.0970938274186
536	168.9390386345405	-117.13433987887466
537	-59.26709901148877	-94.80554606476063
538	-98.74831594975055	-194.2439765823159
539	-114.43661174125133	-140.3025162551944
540	-44.60453283144669	-216.55017691259303
541	138.15039994163024	-159.13248076377252
542	58.739719809734964	-144.79294923498372
543	82.73420475475059	-114.43481074308318
544	154.6205983274461	-73.58057397147482
545	-44.37894814498661	-156.21542420802786
546	-124.67007749686877	-103.83067672307305
547	103.89539939889494	-164.91974142909072
548	143.17521454423698	-82.56330229082641
549	189.23396074233466	-124.49347949577795
550	-70.00460984308674	-93.35967714887389
551	-18.642903838875043	-114.56339131076511
552	222.8827499248012	-78.3997429194429
553	-93.82049728536919	-132.65707801555618
554	-98.6823979365185	-105.45297896187984
555	233.74097702837287	-119.31705909936275
556	121.89782192304014	-72.52513741520548
557	60.38489021962451	-100.35284321821814
558	-74.94777354645026	-88.31429758666788
559	-119.6285233607377	-69.54662529734213
560	184.01371522400342	-72.32266180610122
561	37.27341701648169	-87.53255296389457
562	85.5862206480824	-68.96646329731374
563	145.54571874233682	-51.5988977166909
564	27.723040222087242	-36.57870356145571
565	184.15110853035492	-32.777509083764826
566	165.65475644570455	119.15147833173216
567	233.16503365088332	50.46988037535231
568	249.1124648294085	69.92906283484761
569	40.841095623948036	207.56217179264638
570	5.760131066793264	190.56688031416104
571	31.220131990198837	205.78479853992562
572	137.82571411087642	-37.40410754958079
573	121.72743399974061	243.04895527191428
574	15.680483882358232	263.78802409643254
575	262.63060660099075	216.19472293177668
576	26.75144517043374	209.665815718171
577	7.043514820642926	106.27637967781986
578	36.164961722081074	190.78917034984016
579	116.91103056707922	223.63564269072637
580	116.04618137581284	226.6616476231197
581	232.20190105091243	225.88248762484784
582	46.44129426262725	107.55700101725633
583	263.4325504843546	195.28211705572846
584	133.4646644983688	131.11388979947128
585	78.98528339838447	117.65880458183872
586	143.18280944057378	185.0474346900363
587	101.491585372248	120.11591968020647
588	142.6015508357757	241.8611442776324
589	3.620293003860155	-19.88252224817529
590	203.82943850465796	83.38032580070248
591	32.48576527422321	181.8330167143876
592	84.5857664083333	197.202504047993
593	-18.131303811111252	78.98293638396925
594	12.1786036315237	232.80689816794035
595	99.78989709517278	245.20388100391503
596	-36.77885419878477	216.568985907397
597	65.51889156945137	-29.17171853849807
598	236.15508631297877	248.2525521401534
599	233.94094182764923	88.70938914554294
600	144.16925847078838	195.68417659009887
601	23.99187392731133	51.66815755684508
602	-2.0103894838435536	-31.221836177722977
603	154.50379478762628	151.34942546886825
604	7.9818924779741	179.2084627187757
605	11.898107502482489	198.03887356594294
606	-17.869461703318436	-19.98552902122549
607	23.417742264529025	60.88578498301175
608	210.34036125112473	7.449981232559377
609	78.92022493039829	-113.70885108405427
610	277.7214082866335	146.45400914251627
611	-33.20972223336153	52.422245389804104
612	-47.31918968896048	-16.75837131821866
613	12.03777747327122	-55.09682060963411
614	250.09388772556576	-52.06535448787903
615	-53.72654894247579	-113.77256681150382
616	109.55022853138453	-59.23359075659752
617	71.85168387598728	-39.98541848709787
618	-46.67771779449845	-116.21597403172218
619	130.69156289909054	-93.63805749548247
620	73.04736294821863	-104.91538585498563
621	113.99160892833181	-45.77007183525434
622	161.7812058509547	-71.59401443213402
623	188.28240337259732	-55.33557778784844
624	80.72375199522894	-43.775822227599924
625	172.56601073950344	-28.259406923418915
626	112.5014825409601	-34.28270477487374
627	56.08611494121847	-48.043568361218306
628	87.03059630854827	-16.413452004120096
629	126.06644593218196	-39.7696126084713
630	152.67078346376502	82.26850208649799
631	113.01826735175801	138.8897819608378
632	25.622893161067225	206.37368892738795
633	2.6123950287051514	207.35018492649795
634	0.009483548624530158	-3.245626227246106
635	148.44984054614343	116.8723543787602
636	146.85019832702534	-43.026942164067876
637	-19.141397961756198	-22.0314670153153
638	53.99259032125849	117.17451106781358
639	58.3764497226189	156.55709714099186
640	-4.1194891278952355	-24.21023250645551
641	20.395567922553994	178.43153862806884
642	7.823100637824183	192.2864936612865
643	-35.00852129134368	190.3853978498681
644	-46.59820860554713	10.112695649475853
645	-77.5103288637109	209.88067728403223
646	-69.78928888349188	-50.19901405981746
647	-71.24590329936183	-73.39307114482872
648	-47.1967879907278	-30.13388908194139
649	118.93614631911186	115.17727295451856
650	124.18407013483966	192.14462762737298
651	127.61658770938882	71.79000595936007
652	241.35937950158933	-64.94939266589503
653	152.29036537768923	138.7240888508847
654	-37.32543397230252	127.33614200502768
655	-33.237353209204755	38.55547767256433
656	-72.1430760292195	-120.15242141700153
657	-40.12213418847821	153.93730471078186
658	-39.65693032693055	-49.28805468960164
659	-30.909148045571868	90.6306174890285
660	179.40266976390285	126.7453232844684
661	133.03714854914386	-41.76685984496486
662	-7.708057387129031	-77.94999834197384
663	73.80559422180669	-29.993132188799155
664	197.37007225202393	-25.245968278490935
665	181.0923267625513	-50.39861175417436
666	151.73461992810445	-30.052468528883296
667	181.55585548810478	-52.964380150331294
668	171.03259302633472	-71.60568301195393
669	-133.39406548945823	-69.3634871129729
670	-42.97663111190886	-81.30374536982694
671	123.70973403122282	-40.61581920419027
672	122.49121536151306	-57.986704531954246
673	194.47838742967087	-80.44394358788696
674	37.1870247945548	-89.14691332110266
675	-10.334558913981898	-88.60154423882196
676	65.6937117631131	-74.72731199318936
677	42.78664992375622	-47.44533980002342
678	-62.65557391352195	-94.50184710359318
679	111.54724578053835	-59.92316610406674
680	16.899305404601307	-65.10410069013241
681	125.71376295450584	-98.5375683577799
682	-36.82723070185428	-95.74675243953537
683	-6.702742158049577	-56.504081953756796
684	78.64450444245048	-106.9254695277156
685	4.479803860722789	-109.83218907715863
686	116.42105497399433	-94.752652705075
687	-74.77570290523056	-77.63965003673752
688	-86.57511254896859	-18.54269761343234
689	-27.19985697885305	-42.87187782657923
690	151.33445589432966	-57.127648267504405
691	49.129715591642	-66.54260914256832
692	137.7631515576565	-51.59988158354126
693	136.24137233381595	-9.650193903328013
694	65.52773832072995	-39.54449438513389
695	175.2667360899778	-57.88759426284541
696	163.2199976371757	-56.57891647775826
697	-51.29629510743271	-19.59792477972595
698	154.55560331527764	-51.09804017401705
699	117.59850154380462	-76.17879153910515
700	179.2044550933638	-56.735868606028816
701	66.44822206271661	-29.22418537176015
702	96.20107073152877	-16.06483246639578
703	93.89936360765657	-199.47582121063797
704	-17.31577528611747	-37.04989653239938
705	-26.93862064100867	11.509702387970886
706	126.40986597511164	78.42258016665743
707	-60.93215008293312	44.018395629095345
708	9.63031245018739	26.00389155788097
709	85.43663318906783	176.69845156884102
710	-54.632841377231074	62.87586290227544
711	84.51129522778675	-77.82636490028753
712	-20.753553209215426	123.3626392940701
713	-14.575344163513435	149.0299740659697
714	55.48608399981428	-50.01201672621099
715	206.92495056280586	-55.43211367845219
716	26.764851041808853	179.883837036486
717	76.78574027592265	189.73149175669
718	107.49898184502075	194.59263583501996
719	-32.98856614133719	-102.54401599430079
720	-5.624217056758226	148.5967090152304
721	159.53770797531223	175.8624816769528
722	227.39679819667074	-90.9614632277707
723	137.09741686101304	144.58680306787915
724	-12.981655570917283	183.2600200000267
725	35.7633447644759	117.40683669542473
726	151.77269116644146	-11.881807155994366
727	132.52799687928223	-47.052953343598645
728	185.27091077369505	-52.22361187610473
729	-15.76338889976688	184.58777022319563
730	115.92439239417764	162.40449206010385
731	93.04618208050407	-119.67063448807824
732	-51.58961237032436	54.87264352156849
733	213.87067535446067	140.31644350492442
734	42.05871494388504	136.48276329863737
735	100.7536968821674	155.24985225605496
736	220.99891812478438	211.68264311918176
737	-21.482113891350664	60.26335024924013
738	213.2427930686336	95.35894214352948
739	171.02729660098998	82.52482951702467
740	242.44648512125912	91.77570865187408
741	139.10200780516624	52.33307130659544
742	100.55655569281427	99.9299599125646
743	94.06184320652322	168.24076270553107
744	96.33986928070136	32.46166759091751
745	121.1378671264986	162.35911764839528
746	-9.114640555304675	208.90062567151784
747	94.46238613684152	6.541822495724552
748	232.07501997335154	84.66057206544424
749	155.20097872448804	189.26637482632202
750	83.93008798952182	37.83339447128382
751	117.77523611364244	123.44265372018774
752	116.43425534198005	76.15745162578735
753	127.99338453862752	57.598663685233824
754	238.92887059136723	183.8077440523026
755	140.43408125079458	216.929571383653
756	133.37617277986462	88.20690330369389
757	238.70239126271926	214.13092713506708
758	208.938341338248	99.74446780050856
759	155.94542438271003	77.08590325974163
760	129.75687198895722	143.32067108015107
761	144.46274213124877	254.1642655454716
762	116.55442763341284	189.3487004910486
763	252.27573609041707	208.55511960877993
764	140.3122709041271	115.31428094501956
765	125.90640803422484	94.07401386357525
766	222.53640289875668	231.6869697637971
767	30.8490801165336	139.51520127570933
768	119.2253597522313	131.82685625706193
769	109.65732495747817	197.48980321548845
770	140.81444805755336	122.90829347627731
771	114.28238428725814	110.1033236618662
772	2.623105014833186	84.17935660323447
773	102.84320062322047	-34.888977777934215
774	220.66615749258565	75.59242674390102
775	33.34660480631305	171.45506240692788
776	-40.2493280436601	124.36014409756169
777	-27.220742740368834	151.8916047494858
778	8.917280895940522	95.24841153944587
779	183.2161183531416	178.81535736091476
780	188.54865350390043	161.19529127010912
781	-37.63639768421376	-121.13455917337956
782	6.809285190403017	147.49649582881068
783	93.97055063874501	-122.65574745371507
784	-31.295893967235685	107.95897488804162
785	78.73982057302953	92.20619479889866
786	-28.249405870786603	164.82706065609858
787	80.42080105185546	74.31457232226077
788	225.17078673291613	-150.68339490078074
789	-82.85752654911664	-102.38006473167836
790	21.27453946423196	-200.60584672124116
791	-43.003278583017675	86.7351462779055
792	-109.07011016655478	89.48973281726688
793	-80.03218944281382	-175.974222181573
794	-96.17733916867718	29.647010915329147
795	-13.238024352928178	36.37693004638548
796	-92.54273351613412	110.6457302594217
797	-113.63120624657071	94.22115356992472
798	-71.54255965763012	-42.44185897451247
799	145.28955447696296	84.90918377705009
800	-101.4884810632763	-191.705723869137
801	-54.57139459468941	56.808380383938996
802	183.98860209964218	-91.39444543065161
803	-183.99297889086492	-67.80699205767566
804	25.482431060057344	-47.7483656123845
805	-75.56969969328753	-118.04514257286681
806	-110.92348526463853	-120.20580521551234
807	-113.33559201098076	-167.00636109115467
808	-66.11789432004957	-164.88299905346523
809	-5.801722837136084	-175.94714873421816
810	56.73792702353032	-171.48703179449117
811	-66.43971593104843	-169.46832162441368
812	-55.36345259225984	-124.66642920324887
813	49.22411777908759	-89.0572624611898
814	-2.167234990088314	-127.86239452104394
815	152.29560481700798	-79.15640065423999
816	101.3873354444483	-81.08683861481308
817	5.482915992551849	-52.72817247692319
818	-41.22008428157196	-102.54702697955815
819	-20.00765440277485	-64.3170095008306
820	162.63035403549338	-100.04343935493598
821	76.0966953829021	-62.106776683896086
822	72.46365813290939	-62.31059843283865
823	130.93829666179832	-36.38908548205812
824	-53.67732057382837	-15.999865480186717
825	103.13668644173525	-160.1574484888996
826	180.12958471350908	71.7576606338373
827	-50.168644196587294	83.82810411258865
828	186.45185130709922	98.18507531492469
829	-18.225069896362882	83.5511144842913
830	74.74525889624037	121.53332103418879
831	-1.4424167740663734	48.41133998099957
832	131.20984003546886	186.49705718512087
833	208.834301531545	-96.09408300646295
834	31.901553894555775	-29.71326252256432
835	-14.320824152570125	-33.61398868565698
836	130.15046000821852	-33.79495451113152
837	236.9873954232902	214.4816369170008
838	-36.31406825078939	211.60263890973638
839	-8.989247054170619	210.52030809641522
840	43.924804131785066	232.6329320318286
841	127.81210623195594	112.686733061809
842	-12.109550470171953	221.42429526083058
843	114.5402725208141	-17.674047172617477
844	90.05910809608845	207.2866108925245
845	0.5471895198256362	55.21748283298882
846	-50.71741084411071	83.81380668236024
847	130.46244349680643	113.40563625357731
848	-26.279623463560753	160.12656596695325
849	235.79461026113177	184.38118263741848
850	225.28487552003537	96.48220383130112
851	113.41502579703777	-58.57367905278921
852	255.6772978239795	-12.663937008509095
853	244.65920600951642	181.3903192824209
854	84.87414906543549	-12.654430384369903
855	67.67082353454046	183.43956575146916
856	240.58323317394903	-45.63756067678018
857	35.269469458004664	144.31031663809745
858	279.62543972335413	-34.28207332519608
859	237.99615557809105	214.16767881433753
860	227.44694995552504	195.31584449414697
861	127.90098995477602	214.55265820656103
862	218.4253647160811	224.39886039460288
863	242.26000593012475	101.56171589845408
864	234.58979609422482	202.91882881394696
865	98.18245884847997	88.41520977567274
866	108.15346884951738	170.88529106172865
867	236.3999111738423	148.88344779499266
868	251.57171123885854	57.5959767147928
869	213.04502449561292	186.9594409043839
870	227.3604193086644	198.48192115702545
871	216.46665584135846	227.64518157655365
872	273.60084318497553	254.8579104775314
873	97.93011831885414	97.04341957938554
874	189.73895778898282	193.13411559192997
875	83.60864995910659	115.41827061836024
876	196.0193051500339	83.99506933998234
877	200.090247346516	109.35380936262676
878	-0.7939869809160598	227.54754725741532
879	205.595475858181	234.27230239932004
880	85.18230994231224	180.1820403922543
881	58.449974011033284	209.59737866289683
882	245.13219086611838	35.689920978831765
883	233.33723386585024	90.10521145737216
884	88.84123073112967	175.2259112884998
885	105.73716796839675	190.276150211311
886	111.8044419732646	214.76903815019983
887	68.23011632371495	169.4909647700074
888	209.5583887892484	208.28596120706825
889	62.37551692856866	115.42472641605355
890	10.104952277174618	82.85182853379017
891	252.40801242363412	251.59206056339974
892	240.3178163224334	-27.478055668890732
893	122.57704524090437	183.2682570358184
894	242.43413257663997	98.2766760295137
895	171.1926830589929	94.86993237183876
896	114.92059431953848	200.7827532637316
897	-5.492574610969356	202.6180428948137
898	132.44686787610536	-28.728524833747585
899	218.02443812222475	71.80348823305897
900	-35.298037222251494	108.88935530536415
901	244.9568250299051	106.71758372782365
902	112.89519823861167	104.01072421478497
903	113.35370349510612	176.8663256150432
904	228.7251324930192	145.72278945712202
905	211.29690486264226	88.73336031206937
906	241.27186334438366	81.73783434772179
907	215.56370664924543	181.5166996468903
908	-51.291324789853746	192.81403456468888
909	89.73873491142022	190.4199620942589
910	99.87656960090108	69.31099678762484
911	249.17336058091004	159.01032793262343
912	-15.337693804645696	64.56196586747012
913	-6.698708504016395	55.486617254076
914	161.5792816300214	161.508073398375
915	87.61153258198506	36.29327653926508
916	-6.246247428327479	45.96893590567228
917	113.56305710739005	200.2143262447458
918	181.61812711071042	11.520326083139993
919	225.66920852143156	187.23446108468735
920	217.56016840167314	177.74079498907363
921	231.90306998061988	57.92158547505492
922	219.42640227154465	184.05559705419816
923	177.41579030304467	78.02155389301217
924	6.745022800865996	63.039560461536304
925	221.2228980009831	181.20888379436235
926	233.74711613224815	179.39270062688604
927	284.984849874889	112.91118320790935
928	203.98058903000828	108.60301668461605
929	77.54950182602676	55.26157215476098
930	-5.498591392599877	68.93110363431461
931	93.0657531214915	77.4162955294574
932	249.68259129689213	195.74881863190717
933	13.145458000103588	-9.258228411887671
934	183.97107301226416	237.08126706070692
935	239.99951626193229	195.23475953549132
936	204.79915296900631	89.77703812536426
937	-8.639742989213872	108.6987967063863
938	108.94061277124997	104.71740942128957
939	182.5094599197688	202.42535878365743
940	101.03977233325418	100.17319555054183
941	-36.71539621101299	118.25874997293634
942	224.73862613074263	91.24750314910482
943	-22.409012017705322	204.87416464379447
944	242.69381125306458	237.98510905214565
945	32.19251856067686	233.7519213707604
946	246.08261220582085	215.55225747965756
947	-1.2548076102032866	147.52580855898145
948	225.95790555734476	133.89003852774712
949	237.60755322927125	197.16941231565175
950	206.97934351234892	76.74771992743804
951	227.5008113160041	246.70033290396938
952	218.72386657341912	94.8035217249342
953	250.4200021631566	154.60402628622538
954	222.3916642863182	92.45958020777405
955	193.45072279378448	109.8817992068051
956	255.66380530491867	88.78652598374511
957	-22.929116232850717	158.50700727902708
958	225.4719324292544	103.87281086564874
959	149.1761955929889	194.4286196398237
960	98.40391788317726	253.41469956845344
961	260.1027539720857	63.81411988152661
962	109.57455742264914	58.18578582235519
963	215.13240219948375	178.81113234135725
964	207.87104640494618	87.29583585785186
965	157.76513839912653	78.83842320079863
966	80.20928291334118	161.82919351529267
967	233.89245114481594	189.71920303395865
968	138.0857185364519	63.349231635766806
969	226.48937599841707	188.4577157944564
970	191.22729581441922	166.16137587805312
971	225.3287897715091	-7.824180160090269
972	145.30979235858817	166.76273270812572
973	145.8856592803993	-17.993358333337344
974	55.12686204912356	174.16560382702937
975	-44.006894947475026	85.84877039270502
976	234.77512114209324	-1.0865047772481826
977	192.73848984823485	12.764309998733056
978	245.63941727607218	-34.30969361639843
979	151.91486194557473	126.37128172728694
980	240.21164422733767	7.484761269475993
981	269.8643089891423	-26.392397166239974
982	215.88862132882483	200.56078419886285
983	133.4748568831251	169.68150727381783
984	133.36652897833133	19.11643567359076
985	193.79209837693548	-14.55295091686333
986	77.52544618065313	25.826283867898773
987	117.63897975836927	174.96072605020504
988	118.10255070256743	43.355360488430875
989	196.69681586031697	-25.218608573926637
990	205.80689976143728	136.85046019311613
991	-1.5964914373408021	-27.4203267387333
992	117.78060137305427	-11.430993731846426
993	-11.092975299281122	142.388845728734
994	235.26325427465443	58.00698598139776
995	96.71103889626926	21.316618432174863
996	41.177921084161014	34.49675336249909
997	241.033795949251	-23.339620685848878
998	67.00641591466123	-27.027546393601142
999	199.3165506775636	-22.180225947967756
1000	174.9814401444811	16.574279807088214
1001	-72.82581727710412	20.715199963022553
1002	62.75341680901309	-14.420239018149228
1003	-62.61218811057866	13.723846044356629
1004	146.09902171013354	-52.8698353705039
1005	-68.70919904204669	-31.28247898660972
1006	134.58030182454152	-24.696772862820225
1007	-3.641676360149276	-16.548067039635715
1008	32.62185869899099	-48.52307099555502
1009	-1.0820254691599445	-78.26141592910716
1010	-1.1750166559789932	74.75099509229045
1011	186.65767248540243	-25.114471165837745
1012	4.022860815155411	89.28207378491773
1013	-80.53724930490006	-12.058592968176065
1014	225.33548602600058	-6.466547659989346
1015	7.8203560208244625	-51.328419093838164
1016	65.46046543336513	-110.10050832573535
1017	180.66888524102765	-60.44716706876061
1018	0.9807854140465082	103.23196508469925
1019	-11.224555040318336	-40.38459662594923
1020	-44.26727469049531	-25.901034972190992
1021	86.8159054185587	-17.323056321917893
1022	-75.3824274649044	-17.21194405330596
1023	92.19936957814338	-37.0736523598323
1024	134.33395806413972	-24.07265199690839
1025	68.1574206346242	12.0787641696888
1026	192.64390484795564	2.7339557571726747
1027	74.35112291786744	-71.4757352615468
1028	41.299677118935335	-25.064546534981755
1029	179.09066188364	-64.10848884787019
1030	-55.6756869181238	-24.943040236218888
1031	150.3490414643071	-21.836354769135376
1032	186.29633281353537	13.726691329343865
1033	134.52210710162876	9.075004055086648
1034	248.73736821688968	-40.39666412706204
1035	103.38384467332088	-32.58250379526228
1036	-29.231841369034356	-24.27403160922759
1037	235.54019958878843	59.10134204795243
1038	177.46381466389104	26.510344400763973
1039	219.65498632961197	13.59621016628094
1040	159.23999113208205	-23.568873336433384
1041	237.30346018750564	8.390924142418363
1042	132.28675827585147	-26.825557795297158
1043	152.10961069620788	1.7961257234172787
1044	134.15455473602526	6.324396479344276
1045	239.84638935660556	-10.853616046144454
1046	94.22631832384468	3.927895644944725
1047	138.08822756038214	-61.94315638927833
1048	-32.79922850503782	-60.36240582800829
1049	124.64249937505774	-20.805967957644285
1050	166.6878265587474	-19.57670217824623
1051	201.96887729079447	10.56397401926531
1052	103.55708512795141	-32.34564356809644
1053	84.71276973174702	32.53911483562831
1054	99.49387157354494	80.87477680902325
1055	65.6808489740869	58.611607781994465
1056	162.15981185237013	130.90049036794764
1057	245.45486437987043	103.09681749144818
1058	18.102723894852076	165.29838238650038
1059	102.1385280475535	123.40986486682839
1060	217.6235958151779	78.44703725783711
1061	146.21712586983475	80.73328115240636
1062	-34.5678120901062	191.01140342167602
1063	186.76686261921668	116.59642034143423
1064	-35.49449524394714	73.76119445303101
1065	104.46836065364676	164.6132979121686
1066	69.16211544563865	137.9886092479951
1067	10.670876002065825	193.49803741835296
1068	0.40188173477493194	27.612439085821954
1069	194.80906645668216	-8.004626145025627
1070	129.88763035512542	52.56507147750251
1071	146.1791172842561	42.75218075370845
1072	1.6456736442153357	112.43879893835641
1073	156.59014373481912	232.26086681620444
1074	208.43977854860066	177.21733186186597
1075	140.93306863608584	77.28594759115146
1076	104.01952566154627	-28.231543669122928
1077	36.1218276240088	73.16851215052645
1078	210.67723600222894	82.85639064541266
1079	142.71303231436607	130.50629960668056
1080	239.5295050792926	142.19045428201616
1081	-24.97405540622057	-30.103299208247194
1082	216.05500392858835	247.17097553852295
1083	185.80383606115657	-58.321826119549335
1084	71.97556268289199	76.32954826063869
1085	45.98048227578218	205.24327258341373
1086	87.43352141993753	211.1632917950888
1087	121.59031011507025	-170.6289062580742
1088	32.61870644410746	244.84022900966528
1089	107.17111984330516	54.18892864596738
1090	-55.35930126049267	-68.15056580820215
1091	-19.773972613095708	-1.4934431163020745
1092	29.909744538975843	-37.25424242895553
1093	62.248520725681374	-51.63744238325754
1094	-63.15853917316767	-44.936423106005954
1095	157.94887269557276	-33.653199377964484
1096	-47.51314106275757	-27.075308713437725
1097	179.70534056872123	-28.790543545194534
1098	175.3365402981156	-21.406971668353343
1099	181.3453699952209	-17.455877431283252
1100	211.3689682616137	-31.8633230808253
1101	-54.7251004729537	-32.532213077957934
1102	184.1806285763094	-57.356656383886786
1103	62.44319551114765	-56.068870977325666
1104	35.57474773062688	-57.8112986833714
1105	201.85060513962435	-12.27695233290865
1106	-31.392039778260838	-19.700308042159772
1107	216.37889105991695	-58.441987768126126
1108	248.7558124080099	-40.98035249417336
1109	71.55189192271746	-47.326956296894735
1110	87.838673813255	-53.360185171561646
1111	-67.90120889553954	-47.26138112932918
1112	-43.31950330045366	16.45327831198469
1113	73.46540897258919	-54.172317336570835
1114	189.79109565401546	-74.87293246044253
1115	42.42892373274099	-14.009982172306515
1116	200.7773592758116	-28.815370266178697
1117	198.4490674961202	-17.03522571071905
1118	80.24348563281129	-43.10135325673959
1119	-43.77815752092603	-69.75395074071992
1120	-6.94499509556276	-36.761339144544834
1121	149.29003530088966	-31.239761990543677
1122	-69.96648899788582	-35.15110900459334
1123	51.83805898051882	-7.831449731946432
1124	266.69217626275866	-37.639086731864886
1125	-36.36528272493574	7.005845872546099
1126	63.23975837691676	-20.3256489405412
1127	-9.647729718552682	-7.072498381034953
1128	140.60764397392103	15.268762683376627
1129	101.54659168455483	70.01226250704566
1130	114.03045899832676	1.162177171658879
1131	163.28629643905387	80.64386863159324
1132	95.94853986428198	46.98273277372219
1133	133.79652318095808	97.35830189329462
1134	175.50800154693258	101.88247046698025
1135	148.91268771809163	86.56030807821664
1136	154.55377593542846	71.32222422666771
1137	152.04604804944387	143.9250687690442
1138	152.82934030194252	112.19299240490999
1139	112.71809910452069	137.69447574335106
1140	36.97209875301775	147.89475723923022
1141	21.833849812826955	107.58661868743323
1142	110.61981182700036	246.7128814074616
1143	38.150919930632284	135.02349952243765
1144	-18.67256141466467	219.98126079943373
1145	46.93575585683081	110.29000187371099
1146	152.1731181674103	154.24901862947107
1147	263.92301439195	158.6587795124978
1148	11.280410194036136	109.51767100942392
1149	132.3468525810191	134.98957866390356
1150	34.77476837113812	262.72965527218963
1151	33.99041426305695	148.32101309522045
1152	5.717400220650688	128.88910430197595
1153	169.1358392013207	34.21540335342354
1154	46.80568009965924	134.4841402771302
1155	26.41368211078054	133.74664409960823
1156	33.22347467677679	110.19011834934533
1157	23.756536650828238	259.20151726914514
1158	68.42801432246165	150.11606033886622
1159	42.49231830088965	106.0498578959598
1160	17.506725635417766	227.78812960165214
1161	16.180991796303843	264.45256370072417
1162	31.409758916858948	24.53762099885678
1163	3.768790294735041	11.967049171949881
1164	23.14318043961846	136.889264724172
1165	26.52538668306974	231.32807174178387
1166	46.189517479798354	43.725978561609566
1167	15.304010938024902	271.28419763716767
1168	18.264292966028094	256.6232710592451
1169	40.39984704890074	239.1628071887436
1170	44.99110578380211	256.77983717889975
1171	12.941811499144166	227.305450792585
1172	42.93246893849491	241.45732267188325
1173	15.339372168755204	21.415371090493053
1174	4.27868119974886	35.11336188773652
1175	39.71416011695115	275.10737464960675
1176	21.929140950380614	225.2277466435178
1177	14.625623500252033	221.35052971874842
1178	8.918447595281378	27.343234123339343
1179	36.956325248598176	253.9932407804638
1180	46.10076946803875	92.97204981559602
1181	-6.9847171680657	274.36435944836194
1182	-1.9227988603925041	264.79764551917845
1183	37.83214743865665	37.288203393213536
1184	47.99152768945876	247.04010879615873
1185	49.00622046124718	141.24631352989758
1186	-20.627910373887715	3.634966762158868
1187	41.27215676932147	267.0958652116848
1188	162.91810813308163	276.0659691281304
1189	17.427024480849767	32.34929423298803
1190	101.57521387889776	251.38804557561065
1191	6.70036731144107	234.45463526841746
1192	24.364333813142153	9.494533948801688
1193	-1.293176409874306	125.8098653107516
1194	146.6638505968458	97.46479219266372
1195	15.676750636558992	-19.07187150933052
1196	44.272898670224635	252.1811820315684
1197	221.0804127556775	252.93699223201756
1198	145.59785775004383	250.45179120987007
1199	47.946731995542194	256.20607563102817
1200	146.69431821290323	155.49107402688568
1201	261.40143944928104	115.7845916872607
1202	41.398790847678754	128.21213941536
1203	68.96798628565864	234.7284487266706
1204	3.259315913508644	147.08956298018265
1205	25.788136005569584	104.68176948720203
1206	42.529895844855645	214.91543161212343
1207	216.87216948757205	140.72848193802966
1208	130.63533869692338	135.084662166337
1209	109.88486807162042	117.34625171560037
1210	124.98717195146484	244.7035945824591
1211	42.5942277645579	168.3234586306992
1212	268.11622326733755	150.43224227327534
1213	267.81383705686505	269.85390044660664
1214	96.83409848593602	228.31258026138423
1215	191.96573282054766	232.34932872336108
1216	112.18471340202373	74.00426608580892
1217	46.415945683672646	-12.604992052935259
1218	213.07715559795145	247.54294791055844
1219	4.310044068484046	267.59775750033606
1220	269.12751431047184	135.21463751985857
1221	110.1834697287294	190.63661183841117
1222	198.5207328847717	-55.28402455200107
1223	234.79343618866278	195.31533036551332
1224	-43.68541947982972	-71.41566880438114
1225	209.73353679413233	-48.85107327648589
1226	191.5510172731886	-63.78898707243435
1227	217.99342276343543	184.40903881142964
1228	211.03536569543513	-8.855848435320539
1229	40.74835269501088	94.22594893103053
1230	42.358120457978885	-100.47460754422356
1231	37.429751334429625	191.01432537948813
1232	208.1929196203916	109.90220458289487
1233	-16.16138273331255	-70.2863429626569
1234	-12.617398888538887	128.0500498599716
1235	-21.644037790161818	193.42435587515064
1236	54.56305724500942	216.3372240947245
1237	94.3915940772743	12.64531881193418
1238	258.87445289537845	269.89985631877425
1239	118.48346373910265	-64.29988862983762
1240	114.09612685892414	-28.801160653093305
1241	-10.099818143110369	160.26840067202096
1242	184.5481066110233	-84.0750925610795
1243	33.80553326274176	129.36627150104496
1244	253.79746272475953	-5.863707517467427
1245	228.52320176541812	-23.27424544925691
1246	24.039836237738385	-94.49029472008013
1247	212.40125882531368	-17.136258416508515
1248	-31.9674508418	-6.590017890801718
1249	-19.415104879815402	-54.42778155041272
1250	246.08543813023905	141.48611696163806
1251	-60.99184966186911	14.727084219400272
1252	244.37673772358758	2.4688315451388254
1253	100.92320305501674	207.29338622918212
1254	78.27758669289848	251.0477985144642
1255	-48.417881819710374	153.20134507989826
1256	206.45832916483744	-100.82859920413847
1257	285.58056525665233	33.2247941556364
1258	257.79198070097993	-25.398308182058877
1259	284.7831017577114	-9.618837859380687
1260	-20.712908811548942	150.78417072595863
1261	-27.883469466099797	-27.677554368962138
1262	87.97936533743916	-16.712591832468984
1263	261.0661862275454	-48.969928498738234
1264	65.57961704611866	-9.66889316294014
1265	189.66465544182356	-28.3207497650572
1266	-13.102653695038185	-80.25964205001223
1267	246.15176290056448	6.859253359747197
1268	113.85622673245895	-66.7601856368996
1269	-40.35487525215764	-73.66547932999481
1270	262.5927751850417	-49.39889354409442
1271	103.3673042435783	-57.659024853132834
1272	267.98097666847946	-42.98897211260039
1273	24.253610018315086	-75.90487417245393
1274	288.22529212956584	-39.464395861924416
1275	186.11355517080665	-24.286037131827065
1276	200.19903464372447	-22.23242235078692
1277	-44.61451780897482	-74.6502396726962
1278	235.20569548135347	-15.730291006351962
1279	-15.32858671583054	-31.193683324517405
1280	152.66476614559008	-36.359637283014706
1281	18.727565523057052	-38.926534032793505
1282	213.6891810266588	-40.69949287547685
1283	187.59885426641776	-28.159290191927926
1284	-78.10610841567305	-55.690304320805886
1285	98.83627692312469	-21.150318227525872
1286	242.44327860518757	-49.897678765541066
1287	91.91056086766346	-17.21022478605106
1288	196.3652741150047	-39.88257603187174
1289	204.7637238387352	105.03350726699459
1290	147.92363033810165	4.01850790004251
1291	121.60500611294842	17.26744045683074
1292	106.72494248634705	154.7212040109046
1293	255.25363552297233	53.42248768053466
1294	121.9819363996888	187.48512763627946
1295	-26.497359530679915	175.40939606852876
1296	214.1866476784931	119.45347426425275
1297	-27.66400403102361	-17.839852596994323
1298	233.5604536154775	177.75455986858358
1299	234.97078818991176	207.5334451682254
1300	110.08048566326931	149.25011677677426
1301	123.7425802891787	261.6357811566214
1302	236.8615416545742	231.60350385455075
1303	214.6955179424738	138.8014993877407
1304	225.75796693750138	142.4618131893521
1305	139.89098939565332	109.69668580015016
1306	50.82797283206176	96.92348439624814
1307	138.58750777738314	111.57807465002456
1308	123.308972743024	220.19148734783988
1309	114.09768618081984	5.286201823860878
1310	117.2909426908197	-64.35735035728204
1311	202.06648558757547	192.31846142398123
1312	272.65956257818743	75.89515879156036
1313	230.27390566969441	175.82795018940467
1314	239.28729354028343	171.95133348719662
1315	-5.316096049427287	-51.77842260936191
1316	259.65582602635294	253.6985532743626
1317	-31.114259146261873	214.9728728663864
1318	120.12437798198665	-55.36792238700109
1319	107.83159151625986	81.55035391646346
1320	199.7573773306075	196.31860769927124
1321	-79.84568508053287	-74.88563401600203
1322	-14.300764557242431	180.74466812705765
1323	5.653263026857999	5.654049298667076
1324	188.1673182205795	180.79861396870996
1325	-38.5281932604033	-50.112299111974735
1326	69.68048026926792	11.796570575156764
1327	195.93027119893776	162.78208100376128
1328	59.063420847540726	142.90166617811627
1329	204.4778597385582	-54.18420651356841
1330	-24.220958942814804	160.6124375494129
1331	208.32674678059547	198.46389439772588
1332	72.18380291658623	-96.78676674183075
1333	-10.443675223436884	-35.18142492426004
1334	81.98124630947017	-46.890708902873
1335	-12.300785759418062	-63.89023621687174
1336	-6.338839801239274	207.99847166335655
1337	8.852475823075736	-21.92045507405267
1338	212.23188404271448	116.41720511970995
1339	203.77135082316693	198.74451741818692
1340	-41.455806723307134	211.01002851241753
1341	198.94708752949117	199.80319625218925
1342	210.9914354899522	179.84529758155912
1343	226.82155169608126	-57.77469800491964
1344	-11.450174220258859	98.35423919431042
1345	128.92158390841402	185.80238744907234
1346	88.71600182034184	83.97609509663063
1347	113.58994756099241	203.03550898063244
1348	258.2017957726427	15.707530392200312
1349	257.86956908809424	172.27272127722205
1350	65.03828805117587	218.60730210927403
1351	260.4402323044107	117.03682444046545
1352	-19.618065209193077	-46.33518664145568
1353	5.941078121510188	-28.68448080680318
1354	109.68253072099378	222.61977523478828
1355	19.177175905392076	91.08356286017954
1356	84.92886482962965	92.30954584349382
1357	259.3266359961044	89.21902181222069
1358	11.026411020579815	94.38620113616919
1359	224.74403240820686	264.12145951244634
1360	189.33400010574476	223.88777697403305
1361	2.076117773859025	236.3020172809566
1362	245.80981086239464	56.09019692841633
1363	135.74388696986793	178.5268301911695
1364	113.0167419260445	105.39735307418391
1365	-5.2746048152198455	190.1061909585291
1366	9.518281770582007	69.88653309618735
1367	128.78517952481047	90.73357328858717
1368	29.136369618683858	127.76444760977716
1369	154.5515222965522	73.64172650153765
1370	130.8060658584931	113.46768494128611
1371	135.80801418801818	139.4939914919336
1372	4.678624346576967	89.34169851976377
1373	137.86288838870777	80.18701337008636
1374	154.29011949676837	142.81011103062232
1375	160.6638458305337	210.8592324086573
1376	168.7021061353694	214.72207053113578
1377	129.97178931143688	283.1929462087211
1378	118.3234514064409	60.58215952063571
1379	128.218160008107	199.01458320759903
1380	152.37649423310293	191.94892224957803
1381	97.17693341676868	201.1124371048109
1382	259.51393405196654	102.70720386511354
1383	147.41049812412956	81.15417429701425
1384	248.27371816838112	179.76874339100513
1385	129.47134862224766	76.60737933774854
1386	224.87082466140194	213.74712233736102
1387	152.37307496859054	79.83453197684935
1388	120.64736930956754	185.72360682224095
1389	142.46653056108448	206.16651244053344
1390	90.62544481969066	141.75747584786225
1391	31.92862696472116	115.38060935895855
1392	148.68288078177503	225.81693248810313
1393	32.052580696978225	223.765167490019
1394	104.50567799008574	243.67077091187016
1395	8.911030460478798	70.46845406899571
1396	218.95891085330817	21.186763462140974
1397	219.95009984486623	218.72703270778283
1398	8.196682043852036	223.38651246836065
1399	23.716615431109844	175.61517347072268
1400	123.41586117424578	48.02141421713492
1401	40.404830979683396	-22.598032740502035
1402	239.16224394068809	52.40088017065357
1403	232.06755114858078	237.5712558637948
1404	262.5806524427327	200.29422896351394
1405	61.44331435943404	74.0534202519726
1406	33.15463581003877	-45.44693170653298
1407	249.61788840491275	154.74643558168282
1408	112.97938476138792	161.13873003704305
1409	241.70350152336994	-87.36964540892961
1410	230.17475033446567	-77.06188150247839
1411	242.00687109986364	-43.60827324407175
1412	252.31486892592272	140.4947077856261
1413	108.293757607922	-42.84226943271853
1414	214.89546276343918	121.53253768170039
1415	61.78844761078621	145.46069782750396
1416	182.51995884561853	57.720331481534586
1417	-51.60279499295648	174.75264080062593
1418	-26.287218591715288	-35.108289820354464
1419	-26.902900129871938	-33.469005993328025
1420	182.4191373878852	-47.825380479088025
1421	-34.80900160753919	-71.71960200364137
1422	176.23070194568743	-71.27461723556542
1423	202.9737686191973	76.2244011194778
1424	-104.60183671507383	-94.43114574586009
1425	200.92689565769453	-34.80062733057279
1426	208.3810225249028	-39.174864890060874
1427	156.2724269434482	-109.79242838314609
1428	54.65393868932478	-92.2451715387295
1429	-19.461868338694103	49.01210657725885
1430	91.59997425670137	97.4860632257938
1431	82.17229527069657	-5.76711898455025
1432	102.91900496503222	-112.66830532135033
1433	19.43200874482247	34.77598276686334
1434	179.45920486590762	-56.77082768619895
1435	-32.91392689448686	-97.45033451062343
1436	-99.85166311109096	-38.12221704438833
1437	196.2463302738205	-35.56230396635072
1438	162.89323107832072	-132.08599052953065
1439	213.09185630623568	175.47182553571204
1440	108.76441787522171	74.63875705775968
1441	214.32061273280573	72.98213271388349
1442	-75.57481400524844	-31.010984444417105
1443	120.82863874279592	-10.379929439198058
1444	104.70962899145968	147.8256299926853
1445	186.01012898098054	-29.13289753999137
1446	240.75211302205014	125.53539801456215
1447	234.8736369238307	156.28513463009887
1448	223.72030827316553	105.62910079753156
1449	251.92831694647117	-61.14928090421979
1450	162.79185579266982	-37.804073637885736
1451	218.65576102271177	-23.052375089691143
1452	76.85008575625768	118.15659330508281
1453	-39.3629145900687	-34.95203045301519
1454	-0.8740084320352395	-19.231630456250826
1455	90.0114444116382	-11.06226541167361
1456	112.95350015450138	6.982960214813624
1457	240.47577970295976	-7.098659231216574
1458	100.25732097705689	1.1385749529704425
1459	127.40103784161298	10.499682490322291
1460	115.58632469539333	23.04795417117268
1461	97.9317623423034	-52.53743703928759
1462	95.81204606976262	-6.1393849718552795
1463	84.83628150485262	4.14997031771085
1464	143.43013454064143	5.06494722474556
1465	249.88919538533764	-46.05122618549372
1466	93.03811075127607	-7.7009601147881614
1467	230.51382735666652	-1.6105671715033107
1468	110.25373303544959	-21.001666172830028
1469	245.8123618868999	-31.230143718656127
1470	72.23581244816783	2.7710578846411553
1471	210.33410100812426	0.5842353181407749
1472	171.7865608726401	-53.56304815953079
1473	61.41222068302624	-56.08277115747785
1474	216.08186782182077	-61.69453774338634
1475	177.56711164571868	4.0339477470204645
1476	190.85966449076062	-63.375217704488854
1477	173.67362080056526	-30.32741414926052
1478	82.77098071350467	-62.30045335382399
1479	172.86581382165957	-11.0166698194232
1480	76.67634911054417	3.5610456917408833
1481	49.79466265649828	-64.4747452013546
1482	251.2483954908648	-38.09696701471358
1483	181.57185326631213	-44.05247956497581
1484	186.46186188115502	-20.05677366095295
1485	202.61372911268512	-38.725043207219294
1486	221.77195790419543	-12.136955102902595
1487	85.40634284701368	-25.42900822030638
1488	234.32653564452048	-31.867684199964806
1489	162.56533538500446	-4.541939065221278
1490	93.69460521425005	-17.62197162673032
1491	76.36003856481724	-41.39109487551863
1492	211.88008555163555	-7.4848318353694205
1493	119.84986647613191	18.640264141625508
1494	108.17379780054428	-9.496763737260457
1495	157.93691803302255	-27.794010907276057
1496	219.14376610190436	14.460984748937516
1497	186.96545380561474	-55.95176987647856
1498	103.23645717111324	-149.10750698035707
1499	91.4791767731627	14.652474170546755
1500	211.0698512175313	-29.085565721056373
1501	256.7722300426736	-22.504258003368218
1502	81.08020439188888	-36.177490377045245
1503	194.45695558151857	-31.22857265812051
1504	37.557595759059346	-19.164359795615376
1505	103.76561830104731	130.96068382902277
1506	95.43264076447375	52.54063900719486
1507	266.48955619868445	-20.30994446139016
1508	138.15806958114308	195.43726515431712
1509	75.19613942544099	-24.23145512836154
1510	108.83900144373328	8.041018984591371
1511	36.735094258717425	218.43835332109796
1512	101.73007964899111	18.77752032487883
1513	81.82551078003792	171.25727800010173
1514	193.4482362657297	130.74824614036137
1515	228.58388783295823	15.058558988630361
1516	261.1475970493643	33.13666115368953
1517	159.66822946107447	224.33851870033826
1518	214.12856241632173	170.24330652114185
1519	94.34057244338851	15.054834316579562
1520	121.38278951749304	81.77767846846473
1521	274.0676827728329	172.9526930555458
1522	253.154162479959	90.35131325118688
1523	107.46442301423458	56.01820021535899
1524	224.62554735791667	138.60160993406177
1525	95.15381438282934	19.469709440339745
1526	-11.75473192704439	33.84300747772537
1527	231.59262763301578	162.8454970439434
1528	107.837774277275	176.70189802385704
1529	24.08212168492709	73.39409944865737
1530	114.90782228129767	248.55666742804507
1531	134.64413379687934	65.54648292500293
1532	113.04070252413293	57.71363894234966
1533	135.01806909303	74.35365594677381
1534	56.34919726597869	98.3753472966012
1535	16.00781906207051	115.85310657794527
1536	133.77226087339872	226.84572499548426
1537	141.31323798205352	-86.11737003218929
1538	143.44556177759208	144.80152667759344
1539	121.65923914101106	81.09889527070422
1540	170.3837017702769	200.63336911009623
1541	110.27094069734906	67.52952415826745
1542	101.9532974280115	85.58522460116377
1543	117.33545278772584	121.77636687174734
1544	58.74000898847467	157.83883670994993
1545	124.81482423115256	-57.1094087779248
1546	105.94166101374752	-7.1338104483652245
1547	-28.10583842177347	83.31974244160808
1548	-30.079831108634934	103.03365387423838
1549	-25.06329943684871	232.4830848116085
1550	113.49886490822325	146.48864653254225
1551	134.54754593597556	157.10997531728424
1552	130.92972590187404	221.4418512712573
1553	146.4920363192565	35.323116681772234
1554	67.03665040470892	228.9936701731944
1555	156.06272229853053	262.40794257755886
1556	31.266079108518994	66.94124606508689
1557	124.11603833566578	272.6574031002416
1558	40.85589690524594	115.12754518135468
1559	238.51366199231657	261.42399396760953
1560	136.05261797246655	214.2367415998699
1561	238.73621205626017	132.5000208218884
1562	156.4816159975227	-16.666106897050227
1563	131.43633652253368	218.02285530851634
1564	31.31328817056078	210.43372578794367
1565	107.25857659129683	109.4254123820272
1566	146.26091520357812	144.51984070453037
1567	121.4319989368768	103.72997165999683
1568	186.6289965499901	119.03210458139077
1569	163.90437078684366	215.0984386228352
1570	113.53917348301805	235.09442133372684
1571	220.0799981923018	106.80385364962653
1572	-17.494834097297897	105.02031473750678
1573	-42.32984311122718	162.8826783310427
1574	38.059681256221154	115.1462190037394
1575	165.74086087859317	256.8303112743237
1576	234.8118369938189	100.55672692874283
1577	139.94063917470103	153.7101555462354
1578	235.2293434760864	142.93232262882862
1579	129.23095463004387	130.32840113674
1580	282.8560752562006	152.7789308596737
1581	237.1008361972133	-62.65842866001245
1582	130.8516287508884	271.94581627966556
1583	270.456084155432	113.97259073685144
1584	271.6727345611474	93.73390435071018
1585	28.88162602271626	222.50720041227254
1586	83.36743524851418	199.43755184048808
1587	-50.50350009833349	-30.240156369386256
1588	164.7795431353583	-9.345001029747834
1589	148.01928845550339	103.35756703086675
1590	-8.271438530273102	176.9033912187811
1591	153.53327521578854	234.31772765321816
1592	125.06603094590642	281.42237204451044
1593	154.90048901913124	195.18607350666525
1594	7.3957626708689475	93.72595757853529
1595	-20.84192954071098	84.73655343746188
1596	277.8526015259685	146.95682746762898
1597	-62.444676358936704	123.53187739814453
1598	103.92418863296176	-18.463973815206757
1599	170.3944271619295	-34.96113783575659
1600	156.29515908550286	-86.4297578189793
1601	-64.00827088025704	-45.65471561240624
1602	203.84349564726793	-65.77081564004848
1603	173.5896395851571	89.76897715272065
1604	9.966614801910197	225.81797852660227
1605	217.67210274044874	-109.23820164359424
1606	171.56077444794667	142.5108525526325
1607	112.88172461996584	163.68210107663052
1608	10.042560331945225	145.04076363657003
1609	-6.5461471961711055	184.56993163537368
1610	133.7074689493912	173.42894410315648
1611	128.73306229974608	174.93613988335107
1612	-21.00955305372679	83.94289205218585
1613	133.7871335830755	193.52488489065556
1614	66.41676623249623	131.43147897444885
1615	122.04796149130557	93.93289998010485
1616	154.26728808477773	90.28742925923848
1617	33.00405296171269	160.47776892852693
1618	117.28798135216368	100.06749786271202
1619	159.10665566862923	130.19266515443502
1620	-37.39342144900556	65.17314747697648
1621	222.70247735625372	87.85124447436394
1622	122.22725067173862	81.34771471458862
1623	220.61824847362686	116.90926917188158
1624	50.75689419120795	95.48857389079406
1625	16.956234574682355	52.60643543746181
1626	232.65785588563614	101.2569663852379
1627	141.32351696208684	42.59911294681561
1628	172.05778165541838	143.1461805206274
1629	246.1780202992873	204.48494737331674
1630	24.204449816709612	96.8824824635763
1631	115.68067931206897	170.7405719724864
1632	103.9170698935656	227.65121694565937
1633	122.39704123892425	126.33141045999004
1634	121.09639518083098	96.27129950741286
1635	173.32769990566047	80.77199669306185
1636	168.4840502234333	109.1485931321364
1637	149.5250221088617	224.50546278845746
1638	139.30441650825597	218.68388303577353
1639	11.56114933902262	232.17056467122433
1640	120.3127588996267	237.21255211904307
1641	214.29315964791994	115.95621607832821
1642	17.160460856482217	213.3638503617119
1643	145.10609642682948	139.04768085270817
1644	27.714270546286897	34.05397640931352
1645	240.6620716935039	213.26193723863145
1646	120.37915222111528	248.38636464448655
1647	34.73617247143417	34.20664807277805
1648	260.42529463831124	236.22106132076453
1649	152.35028200473516	252.4330007940994
1650	250.47936609917585	199.150988327756
1651	215.7098705817965	227.79449195376168
1652	154.50660343230314	214.29607273909943
1653	108.43382750874666	-34.32512215152033
1654	135.48185664221228	81.41387783407666
1655	14.934058491610799	216.74732577583654
1656	245.35109680334097	223.4475320828562
1657	264.13905983890913	101.56683397219675
1658	15.615537569621253	50.53869353022675
1659	259.22756637620205	221.5690803766223
1660	148.782939488568	108.08038755115028
1661	17.309799650794673	205.21045656871652
1662	90.00712388126746	198.9439221580771
1663	149.614309881047	97.20788639866501
1664	200.61356804082857	259.6512899315435
1665	-9.78920304365245	146.44999705945443
1666	224.00261355588916	136.65481373467657
1667	-10.184762450550707	201.52112655429374
1668	111.22294084443197	149.60065831181535
1669	167.34910673518246	126.19315563592174
1670	38.109247495376934	141.15445584921787
1671	-20.39491960523364	238.96311156052803
1672	143.8602982951353	110.51663650013974
1673	8.886879101083096	253.41539550160815
1674	170.23801969732037	139.3791094626053
1675	251.65641991254648	-6.077508821668545
1676	3.2479907109657375	0.8695527948804624
1677	125.91470192367524	112.58500520186088
1678	12.450037888331167	116.80587144287352
1679	165.36957879712517	130.0964388279416
1680	21.452741285865287	235.97654130881264
1681	122.22342175631954	247.36145582444814
1682	148.86946075369553	190.73415763132897
1683	-9.484780441036435	128.97826074264398
1684	20.538317301280387	145.50151824864628
1685	235.59828539724467	132.50772538114703
1686	1.9386677747989296	106.46614104130646
1687	6.503794201744228	182.95366993593103
1688	140.908724135961	113.90014584772875
1689	-16.1193031095341	126.08816454116648
1690	223.28470302197024	120.19356236771141
1691	96.82146847599581	127.38483487501328
1692	252.63415125695573	-7.138882283492222
1693	250.70062863711115	100.33644436923292
1694	1.2157786061506926	119.590789497456
1695	9.15701805977504	152.31865998606693
1696	144.97987583760263	213.817228236752
1697	8.730083339014001	122.39324583952921
1698	13.931766809062722	160.5928461468956
1699	31.585742972481057	124.05409792143087
1700	224.64063330220512	112.2726358448771
1701	5.7501389928086155	137.45605142545767
1702	-38.40420690749637	147.2300447634043
1703	155.24514752011407	73.33200024678735
1704	157.97943072096672	96.36072656026244
1705	170.34385426000475	129.08801055739318
1706	-3.6137029425746334	-9.51258766023146
1707	213.10754107264685	237.97015153547957
1708	227.8900114903064	219.81176175539093
1709	247.63320735667574	100.77902636007306
1710	5.099900198128893	137.98518607566265
1711	127.78568719034304	-23.20480091474758
1712	-7.754417231494813	118.98580313906336
1713	117.94907029520841	109.07156758784092
1714	217.60569538459913	129.0347952870841
1715	53.28893952186226	232.6305897622867
1716	111.25975415060694	86.67988667951322
1717	127.93327475761778	101.70894803098297
1718	145.23205727552136	112.80354787529782
1719	-21.674472210757344	8.35580273524451
1720	141.55660834468205	117.70222231463805
1721	141.48375145473057	72.96269387631973
1722	172.83763227650428	260.9599389211452
1723	5.74431254110776	94.54798127318132
1724	105.7970152053782	-37.670812102112365
1725	134.56730066695405	128.78601831607935
1726	150.3540303577554	93.62127703056682
1727	132.74769692375435	83.75790089381259
1728	151.5503657753072	97.24517519699606
1729	235.06344694613597	56.2412507386979
1730	120.47467509615517	12.93860837388606
1731	147.7251647510802	-19.94376759717815
1732	119.47347349446316	-23.24208311053997
1733	158.04225905847034	214.82337963549742
1734	65.63602317859338	45.324933604824494
1735	134.5474135061286	-0.9652365372603897
1736	137.02812513002482	6.793321178002663
1737	22.878771811148482	-1.5995713728340275
1738	135.23769611917308	-11.51167532239371
1739	-19.25071835642565	-23.02684542766963
1740	132.5280462584083	-30.563793969904694
1741	128.08981218127056	8.383455675523328
1742	118.67384219889448	15.220516862415584
1743	105.5009717579931	14.506544114209554
1744	218.33607937318834	-16.077723632593134
1745	252.0427418712165	-33.9206445627346
1746	116.00817911202812	-41.66739562208769
1747	103.36232247136637	-41.88837142416322
1748	120.27454722204429	-39.92678072481404
1749	139.42128760429478	-3.474301685692553
1750	99.02583445780199	-18.277154107572656
1751	112.87262884276726	5.463253730271562
1752	90.47157900607613	-15.699237466203538
1753	217.51691506877734	-5.779599914283873
1754	109.33973489319204	-16.38487468652157
1755	8.92341465274123	197.64350490633046
1756	143.8487918567206	46.76714466462696
1757	129.8705843537815	27.730640802185153
1758	-0.6842295474293678	-31.9633918382181
1759	108.60904923084988	76.68620851406598
1760	116.04764763770022	38.22381825923043
1761	227.24087494705287	135.91302293679067
1762	126.57007587622482	76.74920067521293
1763	269.1546536094334	-3.7389724738147025
1764	104.90669112925302	62.4178349185475
1765	122.65261192355975	50.00152166102685
1766	119.57152873474152	-5.144752260349526
1767	133.27139288061286	76.74323036049566
1768	112.50102270295174	69.37095029352507
1769	113.97850381300192	246.28997053433437
1770	203.72904107886984	99.27489186577971
1771	248.6568164750748	140.91393539673174
1772	122.43261435713791	75.57978598084911
1773	113.82083731950293	219.2696240921286
1774	105.15564813854583	105.83842809376661
1775	149.48079606979496	94.93682918587847
1776	111.00007508623875	143.13739300384606
1777	54.332224690636906	102.93378835564405
1778	105.4799189789496	105.12076539250351
1779	110.7772463039462	115.00478611060241
1780	151.15438348022374	119.52365439077182
1781	131.89930595269556	77.03621626608334
1782	149.72936330920714	109.16218502630522
1783	232.60681734115917	133.04306027151432
1784	119.94896091252103	120.49587761251858
1785	247.0211469893173	94.82879887321089
1786	135.91672029854038	-16.45624086704177
1787	122.18911841953248	123.86793276528765
1788	-13.474426435573037	98.08389942115733
1789	133.34876689289388	113.08068472100432
1790	148.6938953659442	111.27295806899916
1791	107.11975699146805	111.14166429484939
1792	119.77409900543782	99.1088879674265
1793	34.772705683765054	86.64653120881079
1794	35.34637494980268	240.24068142233753
1795	157.58514479162534	95.91907035997035
1796	133.0854015519518	207.14716748143297
1797	154.91654217430298	235.11456326226335
1798	250.76411978446473	210.5279949978442
1799	127.22988315785813	1.3570024326894696
1800	129.8969571937443	108.31247243399454
1801	116.30104672824497	203.92118316590165
1802	117.8380452268283	121.58606168054568
1803	16.129427154325356	-10.703780912381134
1804	8.351883566050262	-10.008455419198697
1805	141.56808008567484	-39.59312403306566
1806	157.05722694785868	200.157296203643
1807	132.29448013483116	237.83679503474272
1808	22.69342525981598	-32.52561602461212
1809	239.7113179853429	215.86033074290316
1810	120.11238713654035	211.86224033035086
1811	250.77791642974648	92.74949787120865
1812	256.6616465741833	118.33365634983993
1813	258.0755104580271	212.26011553801732
1814	199.2605423338469	200.82468956553186
1815	96.22422554076202	-14.564300983315533
1816	55.04316909352164	234.32582738410932
1817	142.31813582011816	206.69414150000284
1818	-7.032992901148589	117.87742672748648
1819	101.13202394355564	130.12962436060238
1820	7.634724173814419	223.53084296605067
1821	215.6449869276342	228.41475104167688
1822	146.1521558041011	-15.045636636620586
1823	31.209223938828302	82.01715104013488
1824	150.25962689923918	86.07739020016749
1825	-13.306537018371799	236.17843337885952
1826	51.75682851016927	95.39153307248674
1827	35.95262884580205	204.24740217170216
1828	6.254745594946286	189.24653808517397
1829	116.35991893006796	219.50308911384138
1830	121.42753994875781	224.7437490493386
1831	46.984996848608375	225.4581496291815
1832	32.59117843472106	220.39799965659893
1833	62.68720957777532	177.43970973006248
1834	150.23433447624726	-36.852841945464505
1835	260.1496604396415	243.6614307300193
1836	-23.91867924306493	216.53982089938972
1837	160.15706010925794	225.71391616645164
1838	-20.81934661015096	200.7571387071005
1839	149.13060431959485	220.84803580142517
1840	133.31222982984997	224.53146265353124
1841	100.59730837291835	213.01091147514657
1842	22.605143265138466	147.97069521025958
1843	1.047804096587754	4.398904270546339
1844	26.676325388722944	123.93556602451652
1845	43.749559377881724	100.0390160516311
1846	121.01086250258429	104.99142970398242
1847	252.56368748964732	6.392733780499583
1848	-28.390921289936998	238.90805570032992
1849	250.93553333006116	146.4788524149392
1850	128.7508544171196	102.91179251447623
1851	53.2242236505254	100.84102387466714
1852	28.484351119507693	144.5276877772838
1853	8.663277837854736	109.21353880831762
1854	153.6167897774722	226.6269023701473
1855	-3.7641371542167263	106.14782422583689
1856	47.9243536247059	230.95421008572038
1857	125.99872120412724	129.98098457193365
1858	18.984991151186406	240.27035809354902
1859	-15.952316110399394	35.497469541338006
1860	144.33751099141634	147.50590464880412
1861	20.395088501723592	230.03877143374922
1862	16.042932405176884	118.10870424645286
1863	25.56092676711704	157.2244383366222
1864	36.874000431625376	134.1118322152203
1865	17.95545681425847	125.3800379560912
1866	-32.870279973902385	6.3563424410391605
1867	133.3961420293179	18.862198002343376
1868	48.265554124039426	228.07338666084385
1869	-1.114329191022236	135.65252399065247
1870	13.190481074934354	256.3061220472272
1871	1.579650640074476	129.9681616593063
1872	160.84409337236272	86.62377408596886
1873	6.7333913126663845	116.61178911551087
1874	-5.140673794708633	126.32803722989105
1875	152.9096619664243	257.188876825864
1876	22.73282029973204	-10.946173813216518
1877	134.93413994852278	174.47442207056486
1878	62.402158158731226	137.86487720815643
1879	-19.517432147460298	143.04393366572424
1880	17.566300481097727	16.223206400177844
1881	16.963490337785217	202.55828968032412
1882	-12.674664620485828	-29.70861596611539
1883	255.94513057234158	21.28263171944755
1884	46.948379230498375	97.81436228774685
1885	146.05814949102296	114.53022101628264
1886	-4.945863505347219	262.3497212087843
1887	-0.4391056952046313	-3.4713090644070093
1888	262.2771343122854	259.91956540765733
1889	256.2775604984634	116.566056537427
1890	24.891657275832998	228.54959670930089
1891	29.74657860064957	210.07225213341448
1892	49.695087562915035	261.00652911940637
1893	133.2662486497308	-3.4271055052526123
1894	226.26845867329666	14.69792100886363
1895	114.93769167442926	121.25536886693064
1896	112.43144039208278	224.03110323117144
1897	112.60893732199169	128.4123253878846
1898	128.8646409778235	202.94962918311592
1899	101.89388556863892	212.80448562701812
1900	1.9227452453301055	264.5430248865532
1901	121.03255106050712	113.97759015682598
1902	42.31844406584014	265.2231688371952
1903	119.08247021118235	128.5244586299474
1904	49.613599016746264	204.50984476082454
1905	29.274497367275387	240.14826194196354
1906	13.875659155149819	154.2691155564759
1907	129.21746495093396	258.2058479568443
1908	160.10844778768578	143.923871084051
1909	-0.8837125239252543	110.59288744022756
1910	-33.07415157782815	137.646906570558
1911	155.75246968885884	166.62362257054897
1912	19.001817463055104	115.01696070448988
1913	35.23113613097394	243.2873316181349
1914	154.4155837168165	0.49673347848326443
1915	128.20643006952307	131.11423006589496
1916	128.94713293988372	248.02339106142577
1917	11.03412342251147	125.43950150581941
1918	121.07697617680583	155.74098831243325
1919	232.39330517151555	207.14817432305227
1920	0.8919747241632763	146.51405233968958
1921	141.92632878097396	261.4991439159437
1922	255.71779046540235	272.2780215239017
1923	260.5035003224881	18.260060879998548
1924	41.27422329620589	247.48199435508846
1925	133.33998967720925	141.95244658771617
1926	142.2503465557123	131.17125263293642
1927	242.55406778766368	127.34780795136066
1928	27.63930026385019	-0.7209116379479212
1929	147.116248971551	133.9506577844126
1930	250.80686241780543	137.6663550425436
1931	-14.058350775690911	150.29998203334137
1932	0.7258275830192531	132.0076563546178
1933	234.9130697813522	126.3258191669802
1934	129.47169124538965	116.64227020942346
1935	140.80512728982453	129.33710621617277
1936	-15.019129905367862	120.22256396550917
1937	222.60007389936686	-29.37023812411678
1938	245.83352772960055	182.77433012500848
1939	22.65255405090042	-7.5986962354660506
1940	-14.736531688098026	100.80730557721252
1941	-12.800088598289648	197.15326341743898
1942	217.35659724535097	-38.318136001532636
1943	-13.926358113099724	-20.26357126389044
1944	236.63911633214528	236.1806631362878
1945	26.116134676408166	214.84673102312465
1946	248.15872344110892	139.1075669948273
1947	121.28832195812895	-11.132479714988236
1948	281.2924850686106	-52.55996262698646
1949	144.15093279083507	143.37206772572637
1950	0.09643423787301231	191.79992489400894
1951	-8.370757233294682	187.74096655338298
1952	158.01420090045366	0.5598680820781254
1953	257.26862856971184	-22.236355651556735
1954	151.4565369732097	-24.413393374732657
1955	-34.93200683505145	-29.490198717930504
1956	-0.8271866828593915	3.3897545807870397
1957	120.82021173396689	92.14408991688707
1958	94.35946699488503	-17.456746247790253
1959	11.334076519611997	-27.673427758545607
1960	104.16973968154467	230.88978614293995
1961	126.82641082448659	16.599654435387585
1962	93.84575900666817	-33.07646943314364
1963	123.4937459027903	-21.91564407548314
1964	107.52122296543358	3.543734754616568
1965	231.09312997891018	16.102495398864917
1966	121.00516645948011	-5.601333332625347
1967	119.62214540061541	-7.582292252609071
1968	123.47874755073293	-17.162505288769793
1969	68.04169612939842	-6.520655169157619
1970	123.70455384723155	171.80289214680627
1971	101.23645229410245	253.20956439754497
1972	228.5945485810498	144.49272313789385
1973	243.76557362201808	206.62152568996547
1974	129.77749531331466	12.624787315475512
1975	278.3392539010923	115.65563583966642
1976	164.00098472419165	90.48242339565176
1977	0.6472062137805779	85.63422444966724
1978	114.15574548456914	136.90510360305376
1979	243.35827163660144	85.81946229168918
1980	109.54535685484687	109.16595856838795
1981	-18.268709293816983	85.88050346207369
1982	136.12259154719044	125.14474127497748
1983	125.25250655415815	-22.464913582281483
1984	13.443624312481617	138.9963840718644
1985	242.23064414358058	1.472797561029651
1986	0.46501780166778417	106.61103909254484
1987	-12.638023668360077	119.0563137619981
1988	117.61333975717807	117.32485378669244
1989	60.760919606106285	245.56680015849497
1990	35.7082794966899	-34.68704256705773
1991	211.81148142726624	-40.176396127516824
1992	26.884215375538858	156.79970867160054
1993	116.58583978208394	-6.264486791679104
1994	137.42862603027967	42.08154022692469
1995	61.01781503663392	23.31573946165416
1996	222.32071540041647	111.60123286033969
1997	7.546129667901539	146.27525445668851
1998	253.86176834957143	85.94814845112998
1999	44.584093701605696	229.03272303519879
2000	110.6342715735714	58.770839444867676
