Environment: LunarLander-v2
Agent: A2C
Experiment: standard_experiment
Parameter: standard
Time Taken: 2548.0659618377686 seconds
Episodes: 1116 episodes
Max Episodes: 2000 episodes
Reward threshold: 200
Episode	Train Reward	Test Reward
1	-113.37840488444577	-489.75187209752374
2	-250.86690407025202	-504.02275052843373
3	-278.55627514323317	-864.611625904974
4	-327.95668825934126	-737.7955222183384
5	-252.93836629708144	-600.8335181717423
6	-137.08496360696728	-260.5475569796455
7	-232.0234162179895	-521.855856919565
8	-151.9349725386287	-114.73014512644426
9	23.612767720465015	-115.71785846302299
10	-77.9211442152208	-103.43911794881225
11	-117.22645119589117	-139.33758525594794
12	-85.74757678052192	-124.9109013340024
13	-316.4897473771813	-136.16304885336598
14	-156.17015931486878	-127.58859858157871
15	-85.39668864139529	-158.07316840124497
16	-87.09645260509674	-76.23210568386358
17	-193.93145634140112	-186.69885395032105
18	-393.00042039412983	-332.76329000953064
19	-104.73282538052543	-256.684835279259
20	-239.09507099507886	-112.31464935890374
21	-174.93891365359957	-121.30995739478539
22	-114.90308327217244	-211.0884951359141
23	-112.73152267942659	-122.03560329353729
24	-65.41051357568334	-129.31055813857046
25	-74.5486648323694	-124.35451187323733
26	-74.94476462243924	-90.71070695380178
27	-98.36338978477376	-449.8988931721059
28	-98.84740263266652	-343.8241183935314
29	-16.126668255304466	-1390.9484745016634
30	-158.45723489016945	-610.8653187953046
31	-141.36627698986933	-536.4276228764913
32	-145.7944605932268	-1078.1688108668604
33	-83.82236480050783	-661.3864405369876
34	-154.34305743967252	-478.48842592076267
35	-145.29705745538217	-1165.5786933327674
36	-63.76115673833378	-1123.2399575980692
37	-141.90238950432553	-866.9424107520439
38	-177.78405056095434	-1020.7165826701081
39	-43.30076457707305	-408.69661796342064
40	-192.2239946644625	-1478.7300472713857
41	-66.9996095106077	-2191.4877374044772
42	-25.98559769958652	-1901.4782423285646
43	-112.47247236620557	-1886.552494355123
44	-426.78022661788737	-1228.1496479173247
45	-170.69043503699612	-730.50902575627
46	-47.56477970014206	-430.22096539953833
47	-358.05330061972734	-770.9216141620867
48	-114.89526358352879	-934.7311691374754
49	-33.50999037325798	-546.1194849269391
50	-113.3513836534699	-714.4206245486365
51	-107.70607394895464	-434.9097542543481
52	1.2876201346185354	-501.4578246606782
53	-37.28196295162081	-867.8207367138032
54	-117.17641189725389	-524.2349470037441
55	-580.2433942486077	-619.8298002365595
56	-338.32156788184125	-379.7650032027076
57	-1.462219992249885	-635.2132230847553
58	-120.12055664225872	-765.2523952300902
59	-98.18535127895814	-698.9105101246798
60	-48.86569113037555	-494.887366033287
61	-79.07314474379851	-765.2068866782685
62	-211.64855923193755	-470.9398691670351
63	-151.33328672370644	-673.8257201771023
64	-160.09874251662393	-1668.7297281993085
65	-82.323680917452	-770.488175786479
66	-102.08558587088586	-999.0473407394171
67	-86.2244227937898	-1312.0823246855525
68	-9.969246381100518	-1098.776796017407
69	-94.22716242366266	-1165.6259200243364
70	-269.7668243375807	-1018.6377766681243
71	-29.40226990596402	-955.0671921724407
72	-63.677180600333024	-1853.1486110058136
73	-124.12040542343347	-2032.2454605367163
74	-264.4632358825147	-1961.9944921626031
75	-96.74589710678764	-4220.649789981985
76	-42.4503289991662	-4199.574438269562
77	-40.83827360731294	-1692.9414027166015
78	26.371194690794667	-1689.7286194292747
79	3.8231299978018427	-925.6785853807315
80	-47.4609167315657	-1194.665926805248
81	-131.92583085170594	-840.8903629846544
82	-194.910439660176	-1353.3408207429973
83	46.90972536153947	-404.99347574509244
84	-75.60170061734752	-1333.9977544206201
85	-27.76246097669309	-3725.3044798805468
86	-100.52233244240608	-3896.543877272244
87	-59.01313172244289	-1173.9136247874042
88	-45.884664430674576	-1398.569184446628
89	-0.9110774901163978	-2598.869143024359
90	-65.80723667258142	-2951.526491609371
91	-18.066546586221047	-5683.073371477965
92	25.091183766515677	-727.2612643189424
93	-335.23017431655967	-710.7579211718358
94	67.18641211139513	-337.9916708585147
95	-225.59199819530593	-269.5028285090831
96	-48.88501728042808	-435.3928202757697
97	3.735974445038721	-223.41672449414787
98	-66.46930779401397	-198.92490484106074
99	-39.50296155856707	-244.56783299283066
100	-23.882836681075375	150.57179535589617
101	-34.56222569934204	-282.00843644442
102	-94.83731018252624	-229.73348456999764
103	-1.3127384060147165	-184.83665212520026
104	-24.917273045799192	-116.10244930605774
105	-89.18852583217733	-233.14101920422908
106	-19.659029835717178	-234.24696688807828
107	23.58006576627163	-202.78745450059967
108	63.14120191201047	-247.67880414208878
109	-82.2913112478667	-143.65105793955587
110	-40.64074902225859	-176.39071761978994
111	-20.39475835858501	-240.46042190410955
112	-57.16282077570847	-159.93946305356093
113	28.162635652651534	-214.66145820672978
114	-16.389917656979847	-248.39246837839485
115	-1.878172412374134	-152.49648888132626
116	-165.3145481291109	-250.50021687957562
117	-39.38420837865027	-281.4109670993467
118	-50.40538549053652	-282.805727111081
119	-19.50464952712757	-354.63536531451524
120	0.40299644133861534	-278.47750599214845
121	-25.476487512247715	-384.7468263518644
122	66.14707434611094	-486.19861006504124
123	42.43325577920473	-523.8421976716666
124	36.29522935655919	-592.5095124922366
125	-192.80737089380943	-552.8753423496928
126	34.99852820486056	-868.7602712518043
127	-201.25342759659998	-164.77256859160715
128	13.8665747169172	-136.587159978365
129	21.799884396709928	-76.0954868437235
130	-78.98717338610236	-95.44984481379595
131	0.9868746414897345	-115.50028989189627
132	17.181966885050105	-298.7208274878873
133	-6.51354313182099	-275.35446434930617
134	-13.628585506920984	-80.78211304457601
135	34.34410172098148	-136.89697778068543
136	19.90952835707182	-173.62383213523083
137	15.606562193433348	-203.86512616176006
138	-2.421522837763405	-187.66436671916108
139	-39.073845542272124	-84.80192861441967
140	-29.23470281950148	-173.52840810321464
141	20.707906387425382	-151.99639718480228
142	-26.242156715431506	-58.29059121138752
143	8.864749922580515	-108.04572821330552
144	-30.66874295606995	47.27070732891087
145	15.757914636551646	-113.57179465876425
146	-54.7847558796109	273.06412122924905
147	4.737876539117664	-96.75958156893182
148	27.071830830626382	-97.19382471532148
149	-57.15848921828173	133.73727235533966
150	46.09727533046771	-76.65697911524177
151	-8.913068154492535	194.8472586897738
152	52.64662255819874	-60.37705800204651
153	-9.246412690784396	64.0842832304079
154	14.626674783637228	-22.694996617643213
155	33.31948250824192	197.4139641268114
156	15.875125573850795	71.40682940593913
157	18.793449112595724	240.16453020747466
158	24.04069324790443	238.50897453041924
159	5.156874476262502	180.5750435692106
160	13.820994367823838	98.76250166125384
161	-17.25134049290196	148.3419283578447
162	54.687951824383894	142.63745007030292
163	-41.376933852605454	192.8140943680758
164	18.19688641384948	208.02456683002254
165	41.110194257181774	129.0109420067979
166	13.187071518518213	-110.93254812401396
167	34.00799783133414	-132.90351813525055
168	59.446415270565296	-185.42449478194334
169	47.05098018105566	-160.80964456277528
170	-30.375042441685608	-155.70765724888125
171	-48.96223242630478	-184.8302496138321
172	36.45716086199053	-231.46821430266084
173	-9.90414307278418	-260.3591098243252
174	-1.3285117981579422	-316.9032082177062
175	-50.30389000354111	-43.96221175177121
176	-32.445409578759424	-77.83838912157233
177	13.740418591836676	-78.96820882340509
178	-29.002267972268072	-109.67700383742972
179	-11.87416112651292	-145.83210592807845
180	14.525551777319246	-174.97747942560795
181	39.34746066848044	-318.5492831937968
182	11.3171870906244	-239.6569908274381
183	-27.005757995643943	-291.83612829856975
184	3.1014912577968654	-303.2573826165759
185	-26.337755149689386	-232.19843922203586
186	35.64812092612831	-234.04791645148777
187	59.507660088330645	-143.74608534808425
188	32.70464659761814	-125.6034337111287
189	20.503279284639298	-147.49935200471344
190	31.352031359467716	-95.12506110715628
191	30.705047826523955	13.071454336742102
192	39.64267629848887	16.26395915502489
193	26.655613820475235	12.768057644998194
194	-37.242408862639266	20.660633580192634
195	37.816754051541025	-26.624547720838088
196	53.25047703933532	-26.986498966891578
197	80.08141811519094	57.73011988052051
198	67.8278402204576	22.208271863164224
199	-14.810054090563082	-29.676313548542012
200	-75.30678895282303	15.911835327095353
201	-223.2855193344461	-73.01362788882786
202	-115.72710772583912	-67.60063081140001
203	18.772233634906204	-253.29376315672476
204	-86.79126036941959	-437.07506265546374
205	60.65782074726676	-490.8021195127295
206	-55.959063359034886	-108.10676711784613
207	59.579331677478955	-494.5327717560895
208	66.61499832084992	-590.5978958515547
209	-31.403905522035437	-909.3735722102612
210	27.45619331478672	-1062.0167156008902
211	-40.38565158079619	-1493.6597449588203
212	-18.655383459730245	-1836.5545348797555
213	-77.30774706364424	-2500.58137535661
214	-191.80973332795645	-3460.5289214713234
215	-309.9503361730664	-4620.62340042982
216	-130.27053286850955	-3645.606628493837
217	-217.01580235009243	-2392.360585627912
218	-210.80330705719393	-1907.9521298977818
219	-274.34918404762516	-1661.2135317407071
220	-173.67030566280673	-1155.7922738014147
221	-100.41249293880011	-858.7094442626221
222	-60.634457412009624	-587.8147430924544
223	-8.69947115463873	-769.778475684792
224	-26.23826520680724	-708.0649444422529
225	-118.88961561725183	-830.7972834037564
226	-96.02766521705989	-745.8675593980809
227	-4.231957373747187	-320.6281370718273
228	3.086406008876783	-546.4851977226621
229	-3.3939052432102725	-1022.3123069708761
230	-89.65969668231999	-990.3003020334116
231	-68.64820409795296	-1080.1293125233399
232	-164.81556068965153	-1105.2321115723603
233	50.44017825087274	-992.0649001273878
234	37.555578570025965	-1187.8059050216743
235	-16.399594793868097	-1893.3478542859486
236	16.588129045500576	-1975.7422832308534
237	-0.2888751584540812	-1688.5970064996695
238	3.8762370255373257	-1644.3914223587983
239	-107.70282749433441	-1542.071207403873
240	-17.178665676385656	-1192.663720226357
241	-27.996031786982773	-899.8401972960565
242	-43.02685127432435	-572.5429906019626
243	26.873711964573765	-158.43449241299282
244	80.00010744527978	-67.37200547307917
245	34.804297832055205	-24.54910696668967
246	33.21112772923481	-34.56641052991823
247	-55.69317417084231	-13.75944094408811
248	18.919500657880437	12.235621980318532
249	19.149901237040208	-211.6300470841376
250	-45.7085190577412	54.63264361431279
251	24.693652198056377	-51.30419908930374
252	-10.95571078773865	-117.48783102242976
253	-203.66429768626307	-156.07006475192557
254	8.365239264193345	192.4922265308786
255	23.743445661447893	-39.453127701322344
256	29.772122384026535	-26.850135843107353
257	48.99171984153442	-139.04585229669146
258	0.4492250634146018	-56.26889085877291
259	16.614457411681897	19.4710874647197
260	-113.15613441120237	-132.43727170432027
261	-40.460645479946564	3.6559876822358177
262	-154.041942444888	-12.67264875235297
263	-62.67821975722118	12.516354860920075
264	-38.57423105396104	26.472196786544075
265	-34.19402843238305	61.95183692154534
266	-29.937717900782843	221.82651492607312
267	-155.32548567442308	-37.94571122022765
268	-5.3575317192721315	-88.94497953050559
269	-6.106157822682491	7.171501004497557
270	-31.979084230977037	-11.533052574915288
271	-81.9777723760885	-13.172668815529676
272	-65.86855131725636	-98.42130918455189
273	-151.0382682138753	4.955079235502126
274	-167.62310898495008	9.711623537654873
275	-70.69418325227687	26.128536716948545
276	-36.40786588608917	-26.213413112639174
277	-83.99642447549707	-0.8709340244002419
278	-28.66639915648055	2.8252026079410655
279	-5.451511130118888	-81.64042077210419
280	-95.41781865032621	223.77113770226723
281	-93.50242881135954	-12.687604722873791
282	-69.62061575801822	12.710088542411413
283	-76.83731933290002	-41.35498982078241
284	-48.156335863175656	-30.27307682172956
285	-15.795381592584405	-107.92805335623565
286	-38.136616979101575	45.7926882337122
287	17.070890807201266	-156.66633609174062
288	37.2227757680229	53.97627330821004
289	5.790798727988232	166.12893436023228
290	24.02502778955723	242.82096275010883
291	-11.224509588436845	15.822394355580826
292	-3.3741587574797194	-54.48290844847043
293	-36.730538694178954	-51.094965805172166
294	37.77353407123701	27.638951651331947
295	-67.81603707167862	200.82808998004262
296	-34.205128560224324	11.13705862846271
297	1.1020477876880546	-50.897293156350784
298	32.59547922382797	-16.880351174690098
299	8.865558268686119	-40.851458634370175
300	13.13166484943686	-57.17038409935279
301	37.020068902877426	-6.002505465883036
302	28.91944181445714	-2.2441251339973576
303	-16.999139255550663	-25.26168782782598
304	39.18797766114288	186.3417195762496
305	-1.637022635862838	14.56634758499088
306	-20.485970245098347	-17.004400352888354
307	41.82361935270276	-87.00958117622255
308	1.724187450847602	-15.915340934570017
309	17.592294666992327	-25.45320594987443
310	-1.1577625673115575	-136.8727351349711
311	28.432305044842895	-35.77650994201146
312	10.139143582825522	3.828744663526396
313	34.17461249991774	16.825013576601346
314	48.13932022885069	-17.096224632566326
315	32.20069157109153	111.33663179327894
316	26.22295458284272	53.73407438951484
317	87.18674521449242	31.9558970846176
318	22.741188979344212	-8.555366113494655
319	33.7060657446369	40.16768457336259
320	25.555929911082938	-23.232582726209003
321	28.48344100386548	220.3360685705657
322	26.533441530950682	1.8710426760903927
323	70.76098910076921	57.00682746722964
324	-3.452069372119954	4.245598719416478
325	-58.70856459791233	204.33033280455004
326	-9.37229989001294	3.9322828975025512
327	-107.98420205893262	1.7330484263576458
328	-31.921532647654317	30.838782317159136
329	-4.171429393297331	-82.20674644809098
330	-9.921778335978459	30.32883991066355
331	-49.91526046147648	29.257446891512288
332	-13.576191936572041	15.583535436438552
333	6.255331222519409	-135.38334420306057
334	20.938988147603627	2.408895027673105
335	29.24963276256506	3.4658593081672118
336	66.88046725662845	45.70777999338268
337	-257.5747811480139	100.27332388023598
338	-274.50611019104986	50.46145989182165
339	-189.93449610208108	-3.223882271826228
340	-112.50588405103402	-1.3709837050373213
341	9.092214420270356	29.878392960626563
342	-184.0720106344017	-50.060038565236354
343	-100.48280431105313	-60.47360469043906
344	-55.41793545411552	-78.31769503872061
345	-9.867345959416497	-231.54802643260012
346	6.466526132966263	-367.3362590850184
347	29.94004048616109	-311.3940510943841
348	-29.668205827480364	-252.27231793096047
349	-454.6740437981909	-524.6733004400851
350	-96.039125524595	-602.8357951926895
351	-105.32061370270738	-1000.415195394864
352	19.928571471056042	-1034.4157625017283
353	-13.43823292109169	-1110.7728236654375
354	14.250415174652254	-1220.6147782911153
355	14.67455819444045	-1378.3004567754726
356	-582.407138510262	-1795.4621186276354
357	-56.19776394649014	-1679.5287698915874
358	-461.92967681576164	-1744.274158771174
359	-24.70613769332162	-1596.8391169594481
360	40.59061067898035	-1575.0070815497709
361	-295.7005673146664	-1462.45793844912
362	15.034081768387908	-1030.1964574290207
363	19.4511076639404	-879.7781080324653
364	47.36546970500537	-118.20619476624363
365	18.352175220415397	-530.9674232640972
366	-21.472461077597085	-639.3432416988697
367	40.270624881553736	-423.68894769827585
368	-290.49339422122046	-436.4886594303628
369	-760.7449084596841	-354.18167466331056
370	-8.557129745660186	-181.1452924505109
371	3.368864992019737	-199.00627952865986
372	-171.79263091831365	-140.03357598333315
373	-149.31644891824777	-78.75611449210098
374	14.267820016887715	-87.84799831373094
375	-111.76601353615271	-39.891547482035605
376	-27.745171943736285	-13.01813197079602
377	-0.5143127798522276	-3.2772078588870226
378	-17.243643111204364	29.34340905790158
379	8.820639782528632	-8.94581165603784
380	-19.27548710552034	-36.17202902710475
381	-2.794030214584154	21.216839068725953
382	-62.84421082423943	19.849564981767628
383	41.35142302613523	-31.83758811604302
384	47.860968455003196	-1.2993092188295066
385	-67.3496579106385	12.452400685938098
386	21.792471842594658	-9.993965227093653
387	-54.854921121670486	-52.16840084721393
388	52.453540084149054	-7.592172749646188
389	-30.879530983764198	30.27468345994177
390	-90.51361736813931	-27.25971338377544
391	45.19944519497476	23.02531603243681
392	34.66917433856715	108.65867007414242
393	4.0331028939263405	-26.00746943892429
394	-8.631492095763907	-28.1917285782377
395	-8.038213015104574	-6.987640367730134
396	-4.163246852299096	14.861909279348481
397	-14.970718426223133	82.09251541494038
398	27.85066168745537	-12.488895877726533
399	7.318393723667949	35.21185785166966
400	-166.16232821821643	-2.1691408934566643
401	-191.43335138647492	-3.8371725747772647
402	63.13191919883575	8.120193946227877
403	20.965678759497706	10.94213362408244
404	15.12442052125729	13.04471464778842
405	13.452057145642627	8.982789816675517
406	-14.271839937601115	-10.78482905392239
407	-11.371565249098163	-40.98493885058955
408	8.576262326274126	10.394050366715085
409	-1.9541805034219175	29.729484582726087
410	30.339919681911013	7.738132385983149
411	32.789362517185054	16.51808786270365
412	-196.75006217947262	13.80078163651344
413	3.7302059814017765	59.959039417106354
414	29.58854102463212	37.424350758801154
415	-8.962810607449928	-9.704235413848028
416	-58.95046151410494	44.06421442083195
417	4.098654630210188	3.4134432850735363
418	-194.06813176238865	0.7247277305417783
419	-15.202394802151783	-0.6918109945599245
420	33.43620182697046	19.327029120097862
421	-167.12431083514855	23.029516949817303
422	26.323137458856937	155.81045004868741
423	43.333517141927295	-237.54653432878976
424	-43.84497204728858	8.9812136614264
425	65.44410548719824	159.53967251678577
426	46.212436111002276	16.68650675948537
427	-15.329041364430514	14.662372838545
428	-22.748721437741267	45.163280491934806
429	44.43046721919114	-85.62167722645812
430	-0.1993559990812912	-16.54439821212373
431	-119.51157700916552	21.333980777702223
432	-40.34078496302109	-3.559686708969309
433	8.731175033656584	5.810302478162544
434	2.405546388307032	-18.115304304069216
435	31.945832229066994	25.274449934782304
436	56.13140540417109	10.200375752287272
437	25.08916806262512	-18.794981925431834
438	54.050438631105436	30.435255889915588
439	61.170612534250786	11.719633127170196
440	-17.537457351187925	32.18531972612163
441	-20.71461935687537	-44.78165829035238
442	-7.692262115787565	24.42993778918383
443	14.109134282771945	-19.063142079603008
444	-4.1733624789767125	-4.620360825150525
445	45.93590672318271	-51.722669281283146
446	13.352730189551519	-6.160668508004565
447	5.5821895131317625	0.5018083345537023
448	6.251409421416649	2.5057897332825254
449	12.230916377666066	-31.623804666573363
450	39.06625851968012	-43.68017388100412
451	41.868489441440516	-41.31881467240212
452	26.024766214497443	-1.8294128663086617
453	70.98257148439544	-55.00646897688357
454	45.78616029085075	-1.693761432398222
455	54.976746234498236	-18.662160017086507
456	23.029156466518366	-41.86726658443587
457	-8.958255256938386	-28.300020801014472
458	-29.65064404373698	-34.93649462187771
459	48.01562873539589	-14.790046450802773
460	56.61349641193413	-26.818868106705988
461	7.776598372365308	-5.791919005198418
462	51.41259943351443	-40.345005716889176
463	4.012889725230787	-32.491877967969934
464	15.10604317272617	-12.341171223465045
465	3.0854198845024037	-19.45849464226206
466	16.292922997493072	-21.66836313103816
467	36.13369685899496	-29.452233396974115
468	-15.08798890367523	-53.007343376448304
469	32.005591893859155	-17.137057148642185
470	-28.73589429026508	-18.964304758189545
471	-6.998340645558322	-92.02684328384252
472	41.995673027681974	-49.525981751983124
473	4.950266440691905	-68.25670177614438
474	12.235034964711295	-69.57446636943583
475	6.032566530981322	3.4848137051625017
476	44.485865025644024	-40.968900008660704
477	-37.564296581216	-65.35265233547352
478	-15.719161410103077	-49.605641681175676
479	27.70138643425441	2.19832486261992
480	8.857850103944797	-47.556272990664304
481	-17.71417863940121	-28.456169168660765
482	7.018003487337964	-7.457840648150178
483	-0.2608726524141278	-79.05798732194903
484	-31.748061211957495	-2.0315532486009453
485	10.15671857267695	-30.546299145597573
486	-18.796928227180143	-72.59555355443649
487	-18.400059074536646	-51.5870931001565
488	18.91872500798732	2.2082701582776743
489	13.193233185500894	2.0687774271676096
490	26.528385982540374	-14.666369471204534
491	8.137264216893584	10.814724685008319
492	21.863538409144255	-23.195908875235144
493	41.059656381002625	-44.53924987020963
494	40.125095149926075	-66.10125894046375
495	21.864004183368667	17.895662215330937
496	39.031557887948864	1.1387740701840214
497	11.439707311018385	0.9813213844132416
498	7.275799823311279	-15.126552764537056
499	-137.24346561918338	24.090297274849128
500	-223.2188993711818	-2.3807326744106843
501	2.1532211387311833	-19.80310972323596
502	41.41405682677342	-26.841455788279962
503	-66.98897917300533	7.496901033434192
504	10.691427440429631	34.350230901050274
505	5.969002322955753	22.820157306311078
506	-19.66772977863716	-29.613728495978993
507	163.85477630231168	-2.82308389638375
508	-30.21143645195598	38.773316539314855
509	-7.0681859174861215	18.75875961852699
510	-3.508686704688266	-25.215077933786
511	-66.0823571880327	-48.04815316756509
512	-45.67555421585331	198.1645338243385
513	-0.35515759005244885	52.688677366048175
514	-4.549697051461526	29.260442452821714
515	-55.83536262198733	8.95656785827356
516	-72.60332157597485	243.94916581546988
517	32.63986178088754	33.60665910974618
518	13.38421042142258	11.075202417566373
519	-10.422670673890693	-26.612085716636273
520	60.67104132748662	10.010340663276551
521	-62.043178460449326	-3.4808548056575894
522	-33.824952861562025	-140.36972578175357
523	10.60258831687608	-11.238741883683609
524	-51.08783151753658	-39.10259052866573
525	23.52808578716669	54.02052400014222
526	24.125957177849905	-36.46282948605453
527	-21.582030321831148	-10.442373351347424
528	53.125919703655605	-19.38103244894569
529	-7.306713991207957	5.890446709411762
530	8.723655953678332	161.63479212589812
531	-3.981153166718797	4.686767206678459
532	-2.907854063805468	35.667310569135935
533	-57.83471666306059	33.69714350386684
534	6.700857955026488	-28.980468765789695
535	-2.303555033920702	8.745124666295794
536	-0.32589487590289345	156.32981372948603
537	18.838565649311523	0.8444776299424319
538	40.22708779996587	-306.64783042640255
539	75.56488457297162	10.740769974314858
540	1.774919794441082	29.363374125625427
541	-126.83687530999897	-6.497625599576093
542	11.929043840164331	158.25108932236083
543	43.4954675002611	-6.484558821452587
544	-43.913740672609705	-1.5492845229208916
545	5.943555410309764	135.94512494724938
546	7.369192638094063	18.60244300480107
547	17.177370419349586	7.211182835375246
548	9.58508899417349	40.7096931362174
549	39.56300667615717	-1.2436436418705838
550	7.017866604924172	-4.145987910678664
551	-15.705091332379633	138.07506721422442
552	73.39124467579987	-56.24627363992097
553	-47.3978864710589	188.45828541779403
554	55.973849336082	38.16685851546123
555	-3.4408366568114674	5.590142534136836
556	59.386976954628665	16.70794471627022
557	40.99715736029599	20.29079116584966
558	24.157987813655538	-19.974987383377574
559	36.46009528432003	18.952243976229106
560	9.852981727552091	21.090976827685427
561	61.369687731519164	-45.98404977330159
562	-223.83967086931233	-1.2261905148345127
563	13.944904353010998	-32.90432250786446
564	-15.766097363607221	-27.316515207059794
565	-17.27097178182285	-28.249163533276352
566	12.406544918108922	33.45239831046359
567	-18.10183932823007	8.645709213462892
568	35.62340648650016	23.597996103227757
569	-26.289788699934213	11.110347641844754
570	27.437416255653474	-35.24712637490788
571	16.34927811272675	-0.853425107898039
572	6.295501610949788	-12.924485200342668
573	-36.398051854268076	175.86874818243098
574	20.04211051142607	11.710124618880574
575	-48.456610824211225	-46.91160001224942
576	36.360534278412615	-11.879702259422587
577	3.672310766382428	71.07043305290858
578	31.609662362183983	175.8835541173935
579	-36.83007107627945	-24.655155056328685
580	6.706408732431571	-22.93587361642168
581	20.356744663241997	32.51067228856523
582	45.69374724969492	19.802796978241012
583	32.765296682987625	-9.198485531797658
584	164.96036223940638	-3.220830107242306
585	33.71737094565422	-79.96724242459368
586	37.14851722382913	59.069493091274964
587	61.133380473820985	-10.873841541829346
588	9.932630119595077	-1.419824175795638
589	-158.61210746922612	-11.688149978563246
590	20.457546519597603	-72.54463746240947
591	13.751693886701299	14.110597487794362
592	45.53869158485068	-0.6424568141398783
593	40.793313228741745	28.01799528587974
594	143.02709902706926	3.3306788997374968
595	20.223682574310118	227.9049781180595
596	38.43100874587547	-41.73470757305263
597	36.99986740243267	172.58312715302844
598	157.56755166301875	58.914209450662426
599	55.958342489485176	-43.51675734798183
600	29.280617434106343	5.981235577496229
601	-6.673661303036539	-44.04817914033909
602	16.23074260104765	-18.133718804074007
603	22.255792872339217	146.0504220572943
604	78.79990227941387	26.12797254689454
605	235.88450693682634	40.70312354219032
606	34.95472707581001	51.35921361923427
607	45.59155459499266	-9.217557845961354
608	26.72320882212408	20.669074739994638
609	22.129944356630155	178.40324650862274
610	-26.79575509729355	-13.965954576560529
611	51.59345769373079	237.23365656257025
612	40.96070218122185	181.96017906384355
613	8.410164512519088	-30.808727431563128
614	136.9571619718149	21.443425914090753
615	56.9786749555624	231.4179891237616
616	12.354809447383829	218.80192223500086
617	12.35614793690841	247.22436141659347
618	-12.710049351670875	-37.743932366061614
619	107.45489692919273	-8.59227332930584
620	186.0036128104951	56.627388301920234
621	11.627218889390022	-46.73916712934491
622	86.02085134487254	202.66855393143626
623	63.60703772112141	96.82746577294226
624	67.02921536299215	101.89157105804546
625	-1.5123825451774877	-5.561697513093369
626	80.76795191756857	-19.6535355107995
627	81.88625489898978	133.0710296165301
628	-9.082226687809808	179.11535363101876
629	31.741644326087062	-5.066067292387982
630	60.70130261917693	2.3914637740991145
631	80.27205669155119	3.7683673563394002
632	-27.213804990677417	147.05812378292532
633	47.6419733873235	13.338009858271356
634	28.182431383744927	223.31724942535556
635	51.91174710168947	4.845663512643667
636	63.94841373064	-36.34147873240545
637	63.90912878346422	37.661808559844985
638	39.76665926083812	211.36844075580143
639	68.39875817546815	-4.4577154056161685
640	28.33074765054691	-26.18336811904692
641	61.63208202493976	-24.29538152678452
642	78.11821961393974	-15.476005418538886
643	45.33505560604557	-47.63755705904642
644	77.9515966602486	42.0310999450708
645	189.80522323443432	8.135095325723723
646	123.27285468096939	-55.12857611973564
647	217.10220295483956	183.30075319823754
648	-45.920771173174984	207.7335271998918
649	-54.774304690945684	27.25588618949729
650	17.199887374902502	36.145678573730805
651	27.23605305562323	22.592293946457033
652	-42.011119121639595	242.07772742102972
653	-16.76035590111273	-14.508576722821914
654	51.86338202906043	4.047129225887559
655	16.563415508271177	31.480962367664063
656	-66.95248233370673	38.324534736137025
657	-51.485233985596636	6.4306945289649065
658	-54.79327567582119	-22.89501040027848
659	-19.906652133528496	20.25322994675672
660	38.31606091181186	-29.619266370458803
661	100.85398016490583	-27.80135638047122
662	-0.266308735196219	-8.699761217501589
663	-3.812272719235665	-1.602302056138896
664	-31.362949384922274	18.220129112262356
665	13.106496761469074	-9.296178258006009
666	-69.08459398185407	-49.33229047695832
667	14.818048759576769	1.9298648536051672
668	-35.975020322132636	-30.099159079939554
669	-38.09306508295302	51.567259645053525
670	-18.70692330088889	76.09635742703173
671	-66.63150763185836	18.85476126090012
672	277.40573543783717	-3.3827038346513802
673	-37.128620794790294	-17.926938210928228
674	-14.346141135748226	-10.642277419720415
675	-1.9459556613650335	30.35480599234026
676	46.93448731400639	39.42377093784137
677	0.38561070475523707	-19.054538188152506
678	-8.494437357163136	-21.024911192159223
679	142.87702856513175	-5.726889213560199
680	18.779804114698166	20.695140227635648
681	6.489126341943106	-1.239933172679926
682	-46.602470343712724	-7.34893871817674
683	8.195272546556893	-45.10654517788731
684	-25.440554232608832	-15.221310532672888
685	-35.86226387098823	-17.93334483397875
686	-33.52119247353281	-16.992278640484372
687	43.22459619985153	4.458035719277817
688	-47.49276045337052	-31.441002267934863
689	-1.1493258114341671	3.169847355680105
690	-22.741575925911803	-5.879537730533414
691	226.22232633831402	-25.174169225795836
692	8.423008638382868	18.9940538986165
693	-8.34048405588426	-3.55885835726572
694	-13.241824749853208	100.16852517763648
695	28.795346196847305	-6.797042861585339
696	-11.648167985950778	224.2884022048295
697	10.604280948298936	20.351337319206593
698	151.73649664239986	181.8090722834713
699	46.64119313287938	231.55718388073555
700	-27.60144487643433	218.8106474181141
701	-5.307093825355665	100.58786058627125
702	110.71816280357592	247.67247066853994
703	41.28124324801385	190.73293419955004
704	145.03239833606705	202.46824139965855
705	-23.791049805165088	279.30263827891133
706	158.0656398044024	175.42975658802533
707	176.66348306295285	71.46084620502202
708	106.71388040457356	157.35215755487053
709	105.51894517844204	166.60598499360404
710	65.241259736979	-25.786395070762385
711	98.37519460099085	9.146346403988492
712	64.0271739604899	149.08596479197828
713	74.58034978807775	-58.8659051825464
714	87.39922526288159	-27.492790694152436
715	106.21371557359764	-12.255362111542073
716	115.3033717580203	11.654500654905718
717	260.50286973291276	-0.6002357000566345
718	106.82600323931322	-51.09018162503983
719	114.8302076718661	194.67271058948302
720	82.09375710289218	159.59493844965277
721	122.37702839381565	181.90623221057766
722	121.59981252407789	218.47627928720982
723	125.80211018638127	191.42045456404497
724	221.24689190410533	246.53684879525966
725	226.1112854866135	237.38626335192822
726	246.35328468678452	-8.294386130135138
727	17.604210602158787	45.98692554122229
728	-16.266104318737177	-10.76721227587555
729	239.48671767462682	27.244373453391148
730	-14.333963615760211	50.28510143188544
731	7.414105359929181	59.400420051165185
732	263.18650285638535	17.434564924366256
733	20.99756134451445	5.376265412325765
734	13.066483407563851	43.00448602151752
735	-5.770195448555427	-83.90279343506086
736	-5.156366778365879	-108.85003351913062
737	-34.73175161748483	-4.961516362932159
738	16.853590059573875	-3.1012072094335394
739	-55.45275544157416	-66.23290444611413
740	-10.120847982874508	-23.286518673413184
741	1.6841419630774652	-18.486351644395143
742	-8.117493437544468	-5.186893142147895
743	-12.78659357231102	-94.12907449566893
744	-8.237695092771673	-51.99507020007374
745	-6.938356323326971	2.4506509605528635
746	-37.66497711745434	-95.58842481948977
747	-55.3323665640807	-29.776450319756776
748	-20.289728025112083	-16.890541249362528
749	-50.52358476540597	-78.50832258533872
750	-16.26811179984442	-7.110924658711625
751	16.60812508785483	-78.07793190233836
752	-5.286004351325161	-34.5257337119599
753	-29.852931041820227	81.61272278154433
754	-21.287619110045313	-94.6026188843876
755	16.52875346049558	-69.94585034774923
756	-17.786706799491157	8.18600958069024
757	-24.12268876893043	77.9762200964276
758	22.20829773474682	-9.388091011443677
759	21.811960643484554	31.961755105296163
760	-41.53485391019191	-7.891504740125157
761	129.73706182156857	14.987122296135837
762	-1.7488953115563959	24.953701430532576
763	276.4524585293659	-9.7344296087076
764	-6.16372088577225	19.19418809581569
765	-13.922242067996166	46.785504298414594
766	-3.1324964529393213	5.138460790847148
767	246.24048985969233	14.766838041994049
768	-0.38826011016240614	12.371402091850143
769	5.438604465881724	40.360489599519696
770	267.9023996706917	18.278552685042456
771	17.67911285056502	26.712495279661496
772	66.85208593364018	2.8061389847050293
773	-19.68095721513353	50.884474973141096
774	211.33237886802038	277.81782499151507
775	234.73382651691006	55.432279377113616
776	-59.22357628882665	31.129682397913854
777	66.86841083769156	-19.616293551359007
778	53.55484943480843	36.726190525874244
779	39.328734291607645	252.57127896766985
780	1.5727169728880455	22.564654311575993
781	267.7550552412306	228.8769038600834
782	244.72396723354157	42.27951436711311
783	20.050199483061277	284.7520333452263
784	213.27384115492498	46.89729264933612
785	253.88266729867001	28.005793171346482
786	309.18756316349084	249.39404212298348
787	211.60344059092415	219.5453091597887
788	280.3880020216129	229.00800931783937
789	-30.26080800054595	244.83342699558762
790	-34.31651424040227	265.8287713879155
791	36.305322031946616	250.07350147103034
792	13.417315158407547	231.79237569108741
793	222.8241374913991	33.38522463545206
794	2.497752660477758	10.795141399931055
795	246.6291117082181	220.88179196855424
796	-4.30953825457982	1.7037102391380756
797	189.607904769518	268.95771230629185
798	237.39534612923575	265.40371149710916
799	269.0262654960487	233.61298654613904
800	277.238983147373	48.672260904763476
801	-17.343978549302577	35.29051521156143
802	49.71144519380039	256.533653690406
803	9.889355300783961	210.22520335567586
804	230.4860981334476	230.18797662368715
805	283.549981606763	145.7573814941654
806	208.88630484695727	18.768819878683686
807	252.6702336914894	15.603925067276762
808	241.50436730739244	6.035365946720333
809	206.23770300548364	6.293713380628105
810	257.18316531493156	48.85371494755293
811	-46.32827546982152	56.63406343667589
812	281.72139893169026	15.616700299264068
813	-26.03667319328636	60.58601644628993
814	294.66961625856567	259.3265627123294
815	143.2045597237539	13.07911615830048
816	199.17309607683802	19.196248231295172
817	155.02334965872032	237.70782484297757
818	43.29338295773786	277.5214619712442
819	-5.39671422801392	20.6533660557252
820	227.44916132076446	285.1327904975336
821	249.47597456305792	1.8390639740431993
822	299.216274943597	6.972305045552986
823	158.21888246600224	19.618397076411554
824	235.49259609258968	58.41250311004657
825	279.6659626543459	-32.97634329913072
826	269.3113848163315	45.28614666986138
827	27.60151548748631	-22.556410166715636
828	233.4020939972531	252.39070259735126
829	231.01376612766285	60.3795129460222
830	45.466932895072006	28.48496443664274
831	250.85654404518112	8.54904034420673
832	16.606623025846574	17.87834799566761
833	39.64494682562818	53.8103206106251
834	-13.647039911155971	14.668667966399681
835	30.938775946598952	24.156330223815274
836	238.53822159532228	34.94471836996195
837	252.70117131097612	-29.713736463305125
838	-34.59250533283638	51.2975690986236
839	280.5733302660868	35.00562849721044
840	276.0557746715343	43.17404094454088
841	246.0396527509584	65.03053137386854
842	-6.421551070578133	296.6940852683232
843	54.358304796074435	21.08141805037775
844	-10.767458581773326	0.917287429813328
845	279.0340709450219	15.62168864723013
846	-35.276874696298336	21.578694164102203
847	41.429493645546415	285.90173051891725
848	0.6811816538287019	252.61832711675726
849	-21.081018479714942	303.64997860455964
850	241.5278396503715	75.87892804123265
851	249.92900405090478	75.96621176846529
852	22.013595141884068	282.6437671788657
853	10.965081819012596	63.50861797546153
854	243.61127419706114	51.36581651131522
855	230.47169381221363	274.8123996873263
856	28.562652277364776	11.077311755919098
857	52.87178958695151	-42.024254173351395
858	-2.9928618814264922	24.726484715125125
859	26.317510112881592	-15.444358026346677
860	237.6525811373517	28.639197903054367
861	6.600872773224722	-85.32154766147255
862	46.36877514846077	263.77924477795494
863	59.43200936118427	-0.09292529298471663
864	-22.793856210019285	-17.669228358676335
865	270.9342297892132	-30.890937000049462
866	-16.386703886004995	-20.371726783391765
867	10.015449236339165	8.787811675723034
868	-10.047434741979984	5.759220093313004
869	239.22713969607375	232.9665250460787
870	0.4467381376657187	272.4147220313606
871	26.690457086161572	-16.974729790696912
872	-7.354486019201062	-17.67995344527222
873	18.14605938122685	152.78013310897157
874	64.12121448067157	25.365395622236647
875	242.1011588342405	-13.106072385512448
876	228.45325552406092	144.55342833596342
877	222.50484174906052	-67.63241640718995
878	-60.05216203830382	19.550707133480827
879	-33.59179694114002	229.8390255831888
880	205.76833586343267	-9.917515345965754
881	248.2349539256281	255.3676048797636
882	181.4183754235722	267.09453868959724
883	227.97671420248426	219.47705886659935
884	-130.04624998133505	220.75018256960738
885	289.49232014701647	248.03762522794767
886	246.99753872816774	289.70911931123055
887	262.6763281384929	267.6943888946563
888	231.75618111883296	267.9183511332177
889	232.21753875202876	126.30287280240624
890	-23.02967960339305	251.1204813546105
891	220.0266122040443	283.2487091750073
892	266.8701982790634	216.77779174606047
893	64.50310281456193	254.70276132572025
894	217.37044560048025	245.51896220714008
895	159.86324063488746	143.29761523161525
896	206.25059169621025	220.43707408256483
897	239.3391417517887	188.36707299224997
898	232.43317105642865	-33.137498849847404
899	221.4289065523331	240.63731708562048
900	-73.26803564611495	-45.98996642262581
901	268.97948196893356	253.55101377317905
902	241.67701094381707	16.248351496082975
903	-26.078527510763905	198.21736702443985
904	212.44693323630497	141.93750730704699
905	25.597808843260722	213.03565604948233
906	224.56937029183985	131.1437086683825
907	35.597600752132536	-32.67991407407693
908	231.0153664211092	180.1250306817912
909	-8.620515566999643	12.276847494126386
910	267.72010569801733	221.3494306747863
911	-34.86599478926617	-32.55126483700707
912	143.34033869666263	290.07104671584756
913	5.556750419697636	210.36450070479896
914	271.8605829847209	238.7073519703451
915	242.7031133505845	9.078742510062696
916	213.03051738660707	7.059140192171768
917	-27.13188173157478	-68.04040351296696
918	228.1580590124301	211.18046119238124
919	-64.24585558913918	227.31497184691057
920	-58.580061007465844	-19.0255271139046
921	210.3162312036548	-3.859468693366125
922	240.47742790558365	-7.9286655722468
923	15.10082302235449	-38.47264397540093
924	70.61641307535734	114.35792770854799
925	50.866210039458	121.27604288891835
926	251.64579286067212	23.98501113709412
927	1.877706361104572	-7.199853540421444
928	251.8861304741101	114.2246900074065
929	244.0414810556869	251.85334574739736
930	244.75538376907366	283.2799921848606
931	185.588887889963	254.34706066993732
932	-5.874172845309602	-29.613301385004718
933	44.26704856031404	-10.614222032064774
934	278.9664476675292	-23.4172939076295
935	0.9664142005607772	-25.318974094154868
936	11.29803130570555	20.02969807259727
937	1.7074914504602248	132.74796232680845
938	247.11273672749442	214.41993858520507
939	247.67620683072442	68.09872167661558
940	237.59349594611058	-56.02561933105743
941	42.789106580238496	-20.900546013957964
942	204.857847617069	-42.39533925275366
943	226.81099748152127	-4.135751936448784
944	300.21387444302775	235.3996167051388
945	266.70506367190313	222.01102600068242
946	-27.745781596609675	12.305704013545451
947	22.09143921297006	3.927098226382199
948	254.30126867108777	63.74980813482375
949	250.68034777836607	278.0466884661197
950	313.0494789243407	73.17648680580518
951	228.13131161897317	-49.03517496382861
952	194.0141020557177	-8.447099526943987
953	209.43912451849852	-8.981860273309863
954	9.720130409436223	270.5357791426267
955	-5.232802712469805	261.97586937292886
956	211.96599260998073	45.329531512137095
957	49.01783781418242	281.49581963504926
958	113.43744552588437	-38.89900297010606
959	-3.971173975220779	-20.72262502974489
960	-32.64451042487137	250.52316952066576
961	204.63300022251605	237.94908670398252
962	48.7836665583435	301.7920759220556
963	290.7335314520469	13.412717220731352
964	245.8314205637837	236.39853828098774
965	14.5553886706752	271.40617232674555
966	142.531247606651	109.10418816745204
967	254.50160350937145	53.265734853887665
968	300.80740582442434	57.177929046758635
969	69.09789145953667	233.63305785108372
970	215.13742759132046	52.95714604773919
971	234.5494640181138	101.95423924629529
972	250.13931035929693	212.57632011225843
973	212.37337181818418	248.53616232845005
974	259.2970992411498	145.53763229491418
975	241.68075532681655	219.26450912014673
976	-37.383555817303474	269.83578874915906
977	288.33777311073845	252.03039375020145
978	220.89862002080963	209.5912439740098
979	244.9194734288424	237.531292723558
980	243.45091381756168	157.47372469760498
981	281.39008800660224	207.7925334893959
982	200.8344720295488	261.70098908671594
983	92.84256710848148	260.9529378886543
984	247.74649269428065	203.04302377773803
985	186.22610149435116	230.89677125713
986	254.08865433868712	217.48683599094744
987	199.88610313430064	93.40676793130737
988	207.52511248521876	244.01954158386002
989	232.4175356051307	247.01905853188322
990	248.11604992252393	253.0455251201731
991	-30.801661466450383	217.44489413663257
992	294.31889841583234	129.5717808930472
993	245.02131993852748	2.7575951469898854
994	47.91009773020596	162.36092485409168
995	242.56718488727586	-34.0708064215693
996	191.22018762753368	-46.804564616715666
997	259.3249633292429	-48.12794909762539
998	243.22893457983903	250.9812600154192
999	273.9800193159532	-9.739005930127888
1000	250.40115184345558	219.11172481338514
1001	294.185052181649	26.965992273586437
1002	239.5442032648254	-30.968074944509254
1003	-74.25393244046496	-52.21461398871057
1004	-20.847208631051743	285.0442336507025
1005	236.22981359116582	-39.123587813231026
1006	-41.55131628657245	242.26852022461475
1007	-6.508139014535374	-13.31317128088179
1008	0.6453319682707388	215.5475694940761
1009	235.01918239936808	-49.83466171977663
1010	-37.1691196051253	115.60474564759625
1011	-22.142415716198272	249.6889218779977
1012	158.47741939205127	184.80122513419428
1013	214.51749481177637	231.42335021390494
1014	238.65719736572288	243.2547140775193
1015	138.01673750088173	176.3272465677399
1016	-15.716852120141994	-47.06757748428694
1017	223.88012692114117	-16.824968891941694
1018	195.68114444939073	30.979672934651887
1019	34.181082534451605	173.96616893808715
1020	133.35620316431812	256.0838342377938
1021	215.37267256883808	130.19166153266303
1022	-26.88908872425769	210.0658634156254
1023	204.3382320338448	-70.94115424625782
1024	248.45432122704483	148.86866262829807
1025	202.6059094778356	220.9897059367192
1026	254.44481936783694	154.8248208738209
1027	18.359623532346106	172.19411744296426
1028	-78.80028220007708	171.5979245850948
1029	216.79539276739735	24.80906558473278
1030	176.6005748729932	163.15966001356622
1031	186.91340314736343	154.6588958043656
1032	222.6969955753107	161.9459757120688
1033	182.75833650528722	34.22412452619977
1034	186.61441970410658	169.80370947931496
1035	209.08700655899577	134.73946860820473
1036	169.09732064144237	146.19847903561768
1037	223.52266950144946	-4.993292294119709
1038	211.2674335371908	123.04651634747779
1039	224.25025163540957	157.1270054326198
1040	195.89927088558395	109.6667811258837
1041	219.35429929234	143.01566281552766
1042	195.5820735095491	152.42783816113212
1043	208.1693767621636	176.9445374326785
1044	242.24600714697004	204.0350931063449
1045	237.84798112238207	212.13926119698772
1046	245.85468854669693	238.91683959440408
1047	270.3069105110288	213.4386614842899
1048	237.1911962646575	233.69637662870468
1049	226.76015031964315	215.8685402216541
1050	194.59028986037742	261.05332720812555
1051	216.8047665216514	234.07918112401563
1052	236.3593240006201	172.3887617144313
1053	268.91913393391224	206.05831604066574
1054	198.99569091342502	193.67879775852754
1055	273.1694286501179	211.33115029093358
1056	261.84283668154745	172.01101418676035
1057	228.3865064835806	218.0249367191726
1058	230.668859266992	218.9087067120324
1059	183.10796473180397	223.92019424923353
1060	208.24396729034208	217.5486010455532
1061	193.25154770795476	192.0704019184483
1062	210.04823015235112	202.0426113018451
1063	221.26572063313864	228.34113679125528
1064	173.74447764737988	199.57728904726926
1065	192.664605562961	204.14640488677975
1066	225.26932480496487	172.92911464545347
1067	206.46475909717174	182.88792075599014
1068	219.81097175938947	182.05801807990775
1069	192.9929001365606	240.76922972898575
1070	249.52499012405056	223.12585209760067
1071	213.57258952360172	193.85569895037352
1072	250.93848928052478	200.4202456022482
1073	221.65491410633032	238.54908831713135
1074	206.34156700021381	163.22790700068026
1075	211.07529824838156	267.66585395854656
1076	225.68988501569663	55.743985244650354
1077	189.827208130018	266.1019185533519
1078	191.16665082986077	24.19388584559192
1079	238.75215850353314	256.1750440607508
1080	207.14977596382874	223.29357755523188
1081	215.6628233251207	232.55154326301923
1082	238.2540090559412	271.6067826554332
1083	192.45791748611714	196.09019441118585
1084	194.76948276214247	257.36001039787953
1085	222.68194725901242	217.2735727780707
1086	191.3268686535714	230.94107027907825
1087	237.36671672279175	237.99556031381226
1088	251.96688100578007	203.23095061269643
1089	222.5297618348778	187.08782470943277
1090	230.00363900936048	254.3645993005232
1091	206.50766499072512	274.94442170884975
1092	225.05596937618333	229.32314896370212
1093	199.88032571637785	276.2302761273322
1094	192.81038354771505	255.3091982256659
1095	225.72756199621773	240.095179998836
1096	270.0330265820499	262.3182744010701
1097	223.03211960326902	254.46420577275484
1098	219.43888424570036	222.31220202600724
1099	243.28661969953535	288.66897729731477
1100	209.73683210846696	228.46630985427214
1101	224.75468515713283	272.11163104502316
1102	256.67092470734826	242.48856906926352
1103	268.5828725672035	295.4671973913503
1104	206.1706593539492	296.087828235134
1105	246.2781820581221	286.49632130014356
1106	262.1378450221705	219.81409462561916
1107	224.85652756072218	264.62032988609286
1108	233.84276521913466	269.0047386213035
1109	270.15562886882014	214.70184586106427
1110	182.8608977333875	294.7262987848022
1111	237.33575131783567	300.2968102727145
1112	275.66259741765566	251.47999973495243
1113	228.0768715966499	256.65880220025747
1114	192.5237237712965	245.82536004442872
1115	286.5212989107193	225.889509071111
1116	255.55752331519716	289.6595159032471
