Environment: LunarLander-v2
Agent: A2C
Experiment: standard_experiment
Parameter: standard
Time Taken: 1919.0622961521149 seconds
Episodes: 2000 episodes
Max Episodes: 2000 episodes
Reward threshold: None
Episode	Train Reward	Test Reward
1	-426.6990572391389	-828.4080272041964
2	-182.7333103556445	-1131.6498101959746
3	-418.0151254285916	-757.7534307645406
4	-317.6174571050855	-456.7753428390749
5	-88.9652268798391	-603.1880240721241
6	-94.33353310011017	-707.4240797527975
7	-314.0129421140021	-559.1074545897588
8	-243.60718438227937	-540.6618191926873
9	-306.5018408026351	-951.8630800521328
10	-175.77890560961265	-480.750217465764
11	-47.8005306586588	-599.7740199466936
12	-282.6079719140861	-2130.100231787789
13	-224.91896335313143	-537.3763810688597
14	-205.88641945374502	-368.85141849454936
15	-58.97369883634657	-530.3172183222414
16	-383.023372536242	-407.46659337356243
17	-308.4435085187275	-687.237337898536
18	-91.14212163664439	-526.9547832945764
19	-233.89561142320434	-339.50137976349976
20	-203.65760210163498	-417.9067106157294
21	-89.64020178492956	-407.9008200689671
22	-247.4358641038507	-534.449631185572
23	-268.7152134711872	-431.97873585499786
24	-199.81561070394187	-478.444282284945
25	-358.55067579655105	-368.59988315046127
26	-3.545424058009786	-638.359238181878
27	-471.4001524648823	-468.0790464598203
28	-121.68398989000762	-252.67608655482147
29	-118.83990794332274	-516.6148020533537
30	-50.9889507450185	-381.9972929266994
31	-69.40258258886664	-455.59978490547866
32	-11.538716562689629	-367.5650850957651
33	-237.8475877821205	-433.64739417102504
34	-200.49654276321382	-296.1293385587228
35	0.8002401651438618	-330.9927989594056
36	-107.5185205846798	-350.3639314671135
37	-59.43404488064505	-344.33321546312055
38	-187.00656131691503	-350.0770308203605
39	-155.96094175605896	-320.8526982675106
40	-63.82385189836752	-401.58102113516287
41	-181.1485699589107	-398.20262788432984
42	-90.82742212006576	-353.3626293662509
43	-370.4424703680255	-183.89209814221044
44	-35.10345965163502	-418.39787192831443
45	-0.46132664335085316	-613.1554772704327
46	-56.623243238182866	-303.4154873112664
47	-294.1836957761009	-177.39944049945368
48	-258.6527041398996	-304.9597216601441
49	-129.92487942747135	-803.2490082023037
50	-198.1836066510203	-468.06712907703394
51	-52.260244584174224	-242.56148009871347
52	-17.046030160853732	-338.254881094187
53	-153.1626474101601	-1115.3647591703525
54	-298.5835708589167	-325.50456424635047
55	-450.57013791229724	-238.19678454686857
56	-485.27070543704843	-276.5396860610073
57	-167.20020451628227	-248.04187490410112
58	-345.69024919631505	-212.28933353552742
59	-486.4481310011973	-296.3675668981506
60	-22.21140722791992	-375.80219425510654
61	-421.9754051156048	-128.32357994553337
62	-449.38033654663207	-286.13693119989523
63	-100.66606309554008	-649.247526883046
64	-62.01685851641667	-234.14530335060743
65	-300.9077978752099	-143.88406038481185
66	-60.96174980349252	-280.72957300287237
67	-42.44551930698491	-99.3929334910814
68	-0.7964369894652208	-295.6251531818216
69	34.21860098064164	-719.1035099550844
70	-24.04786107539711	-135.48344698935995
71	-108.98594741649553	-378.622632655542
72	40.23248834179472	-574.24029536243
73	16.647161937627487	-708.2783810770468
74	-24.626779411877877	-221.7672081632699
75	46.86084504921211	-1046.9950596956178
76	-178.3121728542456	-664.1707892930784
77	-112.70208071880502	-742.3931608886453
78	-205.8560188007711	-1293.157804535209
79	-7.789728706365167	-1644.7762292303485
80	-74.03109490786582	-1218.6228088486866
81	6.0692128871094795	-1424.4548662722448
82	-288.42144646087274	-1743.1152183158497
83	-124.23524861691236	-1305.4049321839707
84	-47.24810635820234	-1069.6780547497642
85	62.8553668679696	-2422.9243782702474
86	-56.63498927114726	-1174.9395192576746
87	0.42873197078689884	-1545.048821902195
88	13.96865528520128	-1768.0043549894333
89	-264.0134302038608	-1601.3870037977924
90	-1.6549703927137074	-1468.487823777793
91	-21.845030890936158	-1584.3524918380479
92	-64.58006093880502	-235.51841219044107
93	28.624047958844812	-44.80481483729031
94	-72.01678992746031	-589.889879771202
95	-31.25397770897183	-549.0285768897621
96	-78.29871467583789	-123.07734031091022
97	-23.20425600590724	-98.51549317514261
98	-122.05167249436468	-101.94626906918121
99	118.62652812442424	-61.73589881506547
100	-28.551053957842896	-160.72620383499773
101	-14.914388333212898	-258.09618435314644
102	-43.72978268908459	-269.5234587605158
103	1.3660496570001044	-30.157241425887648
104	-106.65511156354046	-348.60312467220376
105	101.72587991335777	-388.41246441140066
106	-125.40095878938473	-53.28856409675603
107	3.943127775485536	-179.4135307359901
108	-224.38373867609482	-114.63932788907455
109	37.235585549263334	-92.43230618901396
110	-26.78477930609806	-95.49556430193729
111	-45.50930359797695	-15.667111218539915
112	-27.816423671907827	-33.90833309422648
113	126.89467341480517	-63.757799146257646
114	-30.334092797990493	-102.93743270415843
115	-49.760488469570504	-5.69249247410832
116	-64.41206560548088	-7.393008435798734
117	32.018712927434166	-48.734549397436325
118	57.725851272747946	74.77769406783901
119	17.8995974992945	164.70000048867675
120	-29.153166942029742	-111.04541061795138
121	-2.106281027551418	-30.92619555474616
122	113.84846975566143	-155.85513544522425
123	69.75570535234075	-572.8629581948896
124	112.55434541153805	-285.3724013262429
125	-46.89781794604916	-311.03239822237623
126	64.27360991702584	-101.55204397997814
127	19.745653078101952	-212.52758001335812
128	6.497019081890528	-175.3250124088707
129	104.6528747969759	-75.35656635370545
130	-79.54583644911403	-200.32864529539376
131	-4.342542895636768	-129.520826917758
132	-38.97621537316505	-143.90183268419884
133	-70.08364750521193	-113.41374310750334
134	-54.2645860500254	-203.5174342511593
135	-56.967021800395656	-234.022024445857
136	-51.042402012811635	-359.734770722422
137	-88.4371793387203	-433.6779508412686
138	-7.187056868412128	-274.2401978866792
139	-33.52444722885839	-243.2169017828895
140	-10.835083004849977	-546.9750541162687
141	87.8197399716856	-592.7410090195222
142	-162.45336127448138	-420.28051604553997
143	11.176525175317181	-1198.3056191133742
144	76.47504331945794	-1262.3080176026037
145	28.84467055222358	-1230.2457397795342
146	-31.011158763730982	-1358.648937652909
147	42.90506882244466	-1232.1627106062376
148	100.55631848565251	-479.69313435507183
149	-47.938011500703055	-538.8596497459719
150	33.091594042524385	-653.9865358796844
151	-49.649809920854935	-385.22597272067384
152	67.57139573960464	-172.8780645349225
153	-37.70957990533926	-665.0453630830127
154	-18.056839877567754	-786.5901647604043
155	94.96704121543418	-627.9173819207699
156	59.93007544455654	-890.9824732980824
157	-28.833615072062074	-488.47783300646324
158	-71.85958366163284	-757.7959128398065
159	-41.66252587025717	-1005.5049668641898
160	172.36262851111735	-167.88054083991904
161	64.23929868325781	-507.1998552228473
162	110.0140538413644	-8.152719789076015
163	-19.223162595089164	-74.60301775485448
164	-45.02674861009142	-231.18701377499852
165	20.796126478235507	-176.20844039659818
166	-41.44643861498122	-169.03617964733442
167	51.255600982207284	-3.102968719922643
168	-37.49455482193939	-171.66504657106827
169	228.22515234749457	192.33728681665383
170	-66.06297062596651	-131.80286537469874
171	-114.19351734967984	-192.4658831583535
172	-59.51117486189911	-293.9589375543284
173	-89.3573111018096	-276.52034667920896
174	-60.37038763865189	-366.27479174640115
175	-18.417486177460006	-172.1112574370793
176	215.14588872714688	-450.21705417005404
177	-12.577472257391264	-416.05596498095014
178	-115.61465408952034	-475.03650416959084
179	-134.6395564322812	-447.5543088277203
180	-136.27301499840522	-645.0763951923223
181	-155.927212354758	-693.9784471571883
182	39.15294644795814	-477.91523542517893
183	224.2915444344561	-20.99483992866114
184	13.557758625467756	165.02749852392998
185	49.95787029398937	137.44532242690912
186	-63.71469883028655	-35.805464812683994
187	-33.03290522216799	-94.68101652186705
188	159.70726933586332	151.59163932995423
189	142.74548237075868	115.77346123724146
190	28.022500204355055	-112.98735978403576
191	-23.15112185833057	-65.320262469233
192	6.858771454097428	-83.25573037270749
193	164.11390685840425	131.47685161897243
194	16.203818609896246	-105.53192142249273
195	33.65485278899975	-69.53565111203538
196	-343.431181872709	-119.50457188814063
197	51.682475754329715	-29.46626689444966
198	203.31337368261495	53.73151496655592
199	193.30881639135526	-90.97593772959638
200	177.00906731107574	96.82156021347596
201	5.012593373705855	0.7858723937841603
202	13.108484733630291	-43.35576690534626
203	209.48364906139702	-0.4346172624823197
204	172.24470351771353	127.03503807680492
205	121.0890673538177	230.09600793741316
206	201.07141893127934	163.3891623450714
207	228.95430465144656	83.30732243239855
208	241.9507818119477	230.44747683907465
209	32.42782376714129	112.64551606910412
210	149.59446085297608	246.92310241579327
211	36.373257088258725	27.828065013290498
212	119.94520955725598	29.272818111253912
213	198.25175592548555	267.26942570121093
214	121.62704027167858	231.7972850044632
215	205.39921243006546	145.9567091396145
216	241.32926169096544	225.73112479110614
217	-55.74589215168558	99.71214969675479
218	227.58987462140334	100.64446181349797
219	177.48711077050734	165.04427437673525
220	139.6462370338511	211.18620583253784
221	36.67597670600058	174.93409746354297
222	213.8529691580601	64.81941690494756
223	49.21585752233202	78.87868635620848
224	-11.149371484980044	145.47476895171653
225	86.50069323447141	151.91298563325347
226	97.0865226792883	170.9460638497681
227	108.78330986694752	213.3087014989376
228	69.96804107136359	235.64387689039884
229	28.72486222779978	-16.29347582321807
230	12.233384227875705	-91.90594851704373
231	-15.936574531801334	66.67400111896166
232	-60.143326130139265	120.17872351491961
233	-61.39847118748264	104.14067579838797
234	-15.838278269972104	-50.51021764279365
235	-277.80099504250745	189.38795937063225
236	-156.81086566415343	16.498545087628216
237	-8.96369409077164	179.24003071511314
238	-23.66886961283558	169.26125375855918
239	185.87516281220132	130.55865459193598
240	37.87158019063003	151.07404780437543
241	197.36104529111037	47.8713876300142
242	167.41796138830637	182.9120568248057
243	-262.4844572574873	2.7147877323952088
244	-192.81497179986803	27.86524544043418
245	36.72955754205279	19.52682976970405
246	23.644483111321236	13.350222600978938
247	194.20800020321545	24.00279032023856
248	22.172100527893917	24.20332717042257
249	36.56697395349107	173.1081327551804
250	5.047643534250753	41.4541060339875
251	20.282044255234283	50.61800046339161
252	159.6708309150793	45.019243450531235
253	11.72425247771295	22.074483531618952
254	23.50866098611563	52.91636081588095
255	25.79062354657208	229.38344369051276
256	-123.68763159176893	46.656025062888176
257	-206.91272528134013	12.129529271847915
258	217.26278397310978	-13.762590131714347
259	-33.25444675362699	24.119358378361326
260	1.6757573019517418	153.82810278276193
261	-68.08021867597459	268.97455264588837
262	-3.0964422696321634	6.444118528975238
263	218.99724792629362	169.43890756134297
264	148.35422235068512	24.102615173827928
265	126.2584148084435	242.1456445467122
266	140.70657828568744	-91.39160444839084
267	-97.49329330682065	-3.385139714672249
268	78.98257959375579	129.56349801936574
269	48.929363849653555	223.22725914901724
270	-153.1981749402359	-5.961312336076858
271	-182.86757619562832	25.799605316959628
272	164.93597156039382	211.40948745461088
273	-104.95922910066938	187.25994370086732
274	228.77381391339046	-12.555152742750494
275	34.616174271980356	-62.02766767948785
276	211.67940779033248	-4.135265517301207
277	204.99233237407648	-23.27829066785864
278	258.89999058122	10.477131242516776
279	-32.70187753887372	-48.96001104236434
280	212.0537877144431	-18.037507924926345
281	160.2353666179514	183.67204460689243
282	-258.6564701424297	-103.81063992250492
283	101.60385656944506	-19.841497388054833
284	105.94965488139978	189.0419307985287
285	198.53708238201665	-4.7498506306533415
286	38.722366684521866	-13.440329362288423
287	-31.561652091785962	234.07737413163937
288	232.16142713901533	27.740034192889183
289	202.9680212034438	208.23641749958077
290	-115.08872649132894	224.03769826553133
291	90.51263772388783	237.8819853413819
292	-174.16948308448323	3.707766062978223
293	221.40131440410894	-7.439156726205155
294	87.21239809320873	228.45378872084325
295	114.53647306006961	212.8177706869045
296	107.07790835777432	49.82492586087824
297	134.14474219229487	218.14907242238982
298	115.82676276873751	57.125238769525566
299	82.48817910028455	221.21639146254307
300	113.84214266348712	181.12483081729079
301	147.18972209422853	111.60331558055296
302	63.63059336361076	203.31519882287404
303	121.82366874944411	234.00952211714417
304	110.477400838185	106.66627580785695
305	56.759607385750265	234.06227331938967
306	100.78492322421356	170.78394313265724
307	125.20529364752163	-18.636699729385697
308	63.52620538460884	211.62602174557776
309	57.32620977332672	167.23521762971433
310	99.19126555598045	-78.19549945832118
311	114.6762710855729	167.53361258630065
312	112.72563875078434	202.37635775758173
313	-131.21936022002546	219.49269732746006
314	85.7086996323974	-72.30074196353205
315	-8.20050856698171	-38.76394491847728
316	93.23248343301731	-138.74113344986662
317	-86.9226495184979	138.47202579213058
318	32.312148581917306	23.31361860529306
319	99.95397088234803	-43.12590502209899
320	108.79820535622198	-64.71087376511991
321	-17.856519449345484	-0.052665348806471
322	200.74565619282163	-30.188524186041818
323	-33.90994953574487	-12.765713123530617
324	36.08022995606248	-11.852465971279699
325	-49.71617107917079	14.170668171831991
326	166.83400769829572	9.892017696321886
327	94.76285826778079	230.10770234625986
328	-66.15792159635444	-47.52139604000527
329	21.34768657799114	-27.135036938011638
330	-76.71607652268774	236.84046197677955
331	77.72236496671596	-14.801636979659392
332	8.521148885425035	-10.93925894743181
333	95.00235910586561	-29.940055987222124
334	149.4270924687701	64.19370163218903
335	114.35587247055598	40.04110131740504
336	189.30141508064105	200.72360739664484
337	109.73458724735964	-9.946312710039976
338	117.64161703656171	258.4116198181624
339	149.32652534796333	290.4682103176398
340	125.22523077184033	206.63851492163502
341	99.35817169391034	209.32827581227588
342	77.3233757620638	243.26321963018344
343	41.72621093522977	171.9992396159816
344	159.0034642336704	183.9016794656937
345	103.06879991881432	276.8244637397692
346	127.56922781101267	213.84515665608373
347	105.54875755090045	292.9717498189665
348	203.67338227428303	223.18847141945258
349	130.43237355660293	59.21453813870323
350	192.21588577542582	57.90940650950927
351	150.25666121698202	40.04509400886454
352	15.891063109704774	280.15455056350953
353	235.46266332404974	254.3140010938334
354	89.24420520312047	270.6469117260898
355	105.1989588603212	63.68493680547141
356	276.2138471800971	184.13084911130687
357	258.74238144788546	34.87792190595826
358	280.81048788597457	36.024094506371654
359	68.67595426358352	53.22711344418673
360	66.89567257902488	24.58010717424733
361	236.6403165710953	288.7308563121583
362	258.33148084085894	-76.71494585290175
363	33.16185217760014	37.733069373418346
364	250.1831193332078	-85.11656631950878
365	277.2605288842959	75.91977708592972
366	241.60304541077153	53.167211822036194
367	260.6759419217294	25.231282725174964
368	203.97092508313528	279.2771730145252
369	216.5856372999325	267.7553357725043
370	275.3815442710647	32.61554830684281
371	27.78113226892802	46.31018250242707
372	240.70945015476687	4.037840941336881
373	289.1221058769206	263.4783781299201
374	17.836109642152508	242.5985294804854
375	24.877567818583685	24.31332269579964
376	238.24296892962565	274.91581233701527
377	249.2498523607179	42.23870556342075
378	223.3248953139027	-7.162723553862037
379	260.5265070102562	-19.00779190827842
380	-28.224969485094547	243.82668554498653
381	198.6088697010656	260.4189659183162
382	220.4764037973235	34.13393231528326
383	229.0609992361337	8.267558856035691
384	232.23932254325894	267.1684525703131
385	193.77987212738967	34.020026428660685
386	217.69778363455043	9.25377334578485
387	281.2943032203341	210.23530311133464
388	265.3578881417833	238.29202639226557
389	178.93323296499804	25.748220317860685
390	218.61363336858614	242.06554353192888
391	217.5833931236641	247.0069165173875
392	242.13330875619064	261.6013232948663
393	255.11047362453118	218.97605215776656
394	176.41270308352256	-4.869685136453256
395	190.5399285162916	257.9639867484687
396	260.9525192108056	40.46942372385877
397	262.3494882441718	-56.20002263618696
398	257.98177151754544	35.36042462201797
399	-0.8320318693331359	3.019054553755481
400	267.99196685119347	-127.27160850068883
401	236.26040741926008	35.64301979710899
402	-28.878972576803918	21.15952124081585
403	233.86519454052467	258.1186321104045
404	299.7411671884844	52.84837411431033
405	30.398944802809922	3.5347760554557794
406	243.97184098670658	28.190135086175786
407	-19.321829831466403	-19.369039379401485
408	15.26907385729669	21.66943920529191
409	253.0726091383064	3.803053745585757
410	-32.36078716462319	-30.209859040963266
411	-12.18247777303938	-4.989578368310788
412	10.552777515866353	23.69670756395817
413	47.10506044087188	21.768810293704405
414	-156.47922115220626	35.292242416654744
415	-121.32442907783448	11.185589280486326
416	-43.93303842765208	-26.671724104098786
417	30.74013913221333	2.39305075025041
418	2.413628943699223	-9.15952146919065
419	-93.05205519194544	-12.258297489388312
420	-28.21739608614925	25.04598779772971
421	-217.92039905185024	-33.0641102188135
422	223.28211470084415	27.49311966914452
423	255.73770708345626	-246.6075620806274
424	-5.7308244254789	22.716864323677058
425	44.28990630060375	-9.841288998765037
426	18.87848096585259	-40.734068113731
427	-14.966377742743873	5.00206288789721
428	249.1141600160379	-114.20330371234475
429	-5.827042339425461	7.284553017157762
430	24.19294482925818	-176.0505091381388
431	13.224476938186342	13.41518229611242
432	1.98785133723419	-97.30872272230678
433	-82.72444025975891	19.92122592315451
434	-21.006800621076707	230.25896109255973
435	52.167904671853705	-39.38081085626045
436	-64.2553727221811	-2.094464818498267
437	-17.50782004299083	230.36295979455736
438	-183.54309209503805	-8.43352877750867
439	-81.8313091676498	31.270631598599522
440	-164.37566157752084	-53.17248232169595
441	316.665370698547	-275.1177392464251
442	215.6048419799459	-10.446661992824644
443	-104.72682788043855	-27.08791217180392
444	190.90060570521422	-7.979101254421295
445	-85.45017756579165	229.59126304195777
446	-32.74571748125709	11.127086190908571
447	253.10988834439215	254.34289723445164
448	227.40924288579305	-28.495643292947932
449	12.067695246605709	-34.32161169975201
450	256.1459941798854	-6.432072156220016
451	24.13678749905904	-0.9094050351507406
452	-216.30195237796363	-25.529464607642268
453	271.34752521425787	206.13165076293487
454	-162.73808659586845	-32.24626426454206
455	14.995079054398943	-4.632624994258691
456	-232.37029693832346	179.59919902695748
457	-227.96598390277887	13.954614618888968
458	-80.13025425962252	-19.328892893245467
459	-148.08410291858542	-3.8317828126563995
460	-90.91546136484004	210.54953467894597
461	-0.057447800730670906	-21.186955983307314
462	-24.474345102253267	228.22027151444377
463	231.62400526146124	-61.34861426699554
464	202.6291082299399	229.1359547277098
465	-51.747068049934995	-76.89601994292103
466	-56.25225577560901	-88.57385943912193
467	-144.7674529624023	-41.3962775873692
468	-45.40004955493751	-83.70695419935576
469	185.59395351883933	-21.887519287371404
470	-218.5831589772973	-100.68016136467854
471	218.4225962067122	-15.868063850793874
472	-2.8945677750419065	-49.07937861262231
473	5.230410733119868	-43.35137712769719
474	265.6380575522355	-71.21157772635455
475	-57.69398610243097	224.06299412380156
476	-36.77732567496315	-50.636067394312974
477	-39.63409085692665	209.48310197638764
478	267.40301143358386	194.1097492025279
479	185.53598613158078	148.80031187474793
480	41.043439450763174	-12.940541556462506
481	30.900873017253616	192.17341168143406
482	251.9333177553146	-2.003213455694066
483	207.29104442889923	200.7823690440119
484	19.272538383366467	197.93083375246238
485	-22.836710113767623	178.30901193097205
486	271.4423811976836	207.27033838039807
487	165.4187383484068	-34.786659244313896
488	-24.352592606549067	-55.90616736341569
489	-81.16306651314356	157.7582884646413
490	172.88966766536115	183.00573976834283
491	-55.46447585957656	131.8712645362334
492	223.5106219539561	-96.38588169042684
493	247.836485024085	-100.614793748016
494	185.11829709120866	-64.57814467086286
495	142.77831725110102	-20.22851134842611
496	179.96760919899918	12.087808999600178
497	231.3681117543092	27.161549985646655
498	166.5283335703178	-36.74244881945084
499	170.28265036656887	-43.273421357384
500	-201.82087377771722	-5.163315668397523
501	130.27906616492288	-14.580920433161964
502	225.7111499840807	9.468314396858853
503	200.25746716921716	-3.3092890299433204
504	172.33227537957504	136.81746719900335
505	20.134032302337662	145.09290853978175
506	195.14027491037865	148.8437807356301
507	294.51137169354564	181.8365611969524
508	158.23172939573294	-234.14010020413986
509	163.91461151273003	142.5917569703132
510	208.62689851403127	-118.33362995601036
511	170.68392533735351	-101.08094071378281
512	170.63645243156083	-115.49239104678121
513	230.5505631201401	-87.29562855662007
514	183.13328571570293	184.05377683591018
515	181.91384619899938	201.65047903297432
516	145.8928926519036	-76.98647635159115
517	193.2019335462502	163.80951359813383
518	172.5170512031085	132.99646602473786
519	165.97275904306156	141.7997172422583
520	209.42464959096446	-61.439590087365666
521	182.72988119800453	-72.7309027014979
522	224.33200002000777	-27.856776255917964
523	-66.51308382030547	167.49361781775542
524	-74.58710586465308	145.04376060956204
525	147.4148488217113	-142.2990500663819
526	139.6612722592415	106.26706804840424
527	146.17729074134695	-141.8911293917671
528	152.04255344449194	-202.07148109339616
529	133.03870950961266	-546.4268565887145
530	20.02087832858381	-668.3760112165411
531	9.217798629076777	-946.1542718541125
532	187.82024454331747	-1105.9365728628459
533	-16.926905749715743	-1351.734334638826
534	147.20365716097882	-1647.0680425306825
535	-20.50214028702642	-1499.0166210957373
536	-32.30350813799909	-1426.0035898581777
537	168.36417091138702	-953.4018868032073
538	-27.926081044811042	-523.3778608826324
539	101.11414419529498	-250.66466207784387
540	145.01754784302983	-209.51450624895003
541	134.52644274845275	-75.4692346246324
542	174.35492760307042	-103.37615308607226
543	231.42626016204179	-53.0373567007373
544	159.44714373160298	-77.91869173232789
545	-6.639025505999015	22.815149954489783
546	202.753660129302	286.98853282339235
547	205.9942187184804	10.019161151099727
548	190.59274071670558	27.751573205257166
549	216.56719001682092	185.87370853032849
550	289.8487257887811	165.4547852957014
551	237.57094372922992	171.17183172393163
552	199.0835014233631	167.33198292258493
553	259.59287906859214	55.28087072194838
554	219.24659737668938	165.31355895528853
555	234.9620500843173	171.1751611664763
556	198.1130470439983	192.7092716801915
557	283.2366697696642	183.44425118023938
558	170.7773580510471	199.71496700658116
559	215.3024181901068	-19.881590865187974
560	250.54806169376	192.83697529681766
561	261.08855488066035	46.14716355369353
562	14.994672038674395	235.5493190372855
563	11.827997391781821	269.0924519011325
564	209.65846659062825	231.95721691699728
565	224.28921257475275	258.49766516821626
566	60.086084343134445	254.32069185365302
567	212.80695640369902	254.68901689991065
568	239.10961552345765	230.57284165852155
569	284.83915263399837	217.12655963751203
570	3.5250300355094737	-6.8256734064501074
571	238.19602886085465	252.15694445562374
572	40.75853179667632	235.38292860355244
573	264.35856573059914	40.687611243509025
574	286.0550681998392	227.4849236240384
575	251.67505341467938	250.84278891874837
576	227.89824974293361	42.63315158315564
577	219.90882237192642	247.4379192669679
578	256.99572404483877	240.0827768627991
579	238.90627169418053	260.0023598824506
580	9.182845053199685	247.23412656864423
581	260.4864688842348	268.32046386820826
582	75.69534900428494	259.94223616919555
583	260.25898174241945	267.58735787572346
584	260.1263135514711	9.455208168950307
585	254.99283239288593	281.561491343061
586	259.39333882005565	13.506268532530356
587	210.4151959217123	253.8385629258559
588	246.75010117497783	-34.64112701337646
589	241.5044005631682	262.64891400196717
590	268.60040926592933	261.73603686895126
591	-71.94191543908926	267.0923259525542
592	46.60816098698214	30.565980051462702
593	263.1272164911037	230.64276576052214
594	-1.5840712330374345	72.70001595576548
595	215.15526656064625	269.46375964369247
596	214.00090927401024	32.82752643416433
597	247.04398257013995	256.0046076103756
598	277.4966055954178	37.02897893709928
599	264.41102368022166	265.0425652936207
600	223.6526298172776	258.41920358156426
601	-47.54247800758968	63.67701881905012
602	35.88352473426116	251.09562475702216
603	257.33962629973445	221.39443988822848
604	232.84863410533896	6.124079649188317
605	229.10503393200582	243.06780866784294
606	221.07654256395043	41.67329703093495
607	238.19339419352258	-55.23419092678931
608	243.68137703001813	254.0801219240485
609	63.00338840784099	56.14185438372135
610	-26.33495482446125	38.21904920513239
611	257.5890082090956	26.3974066458088
612	234.14252219406416	60.57395806847694
613	267.57118373471894	39.95897082463884
614	75.06016013525453	251.70832511376665
615	275.1135247924268	25.028727395243976
616	-31.892734113900303	48.41479890084628
617	49.71576938228307	51.987467940269255
618	276.89289777207875	12.66330492741281
619	249.43337251757904	55.056553447666744
620	273.01338690238464	46.182145507434285
621	242.4878728403172	44.93030190209768
622	279.611286021071	-12.291439775953918
623	231.12491956603338	-6.75144045235794
624	252.3327775878998	-14.855180272259204
625	44.99048352361149	20.866132202591416
626	259.3153188471589	17.29399134122417
627	30.680896291978343	25.183605237779318
628	233.2293408083244	250.33153495139643
629	240.11662715792156	48.684983220408185
630	221.7239491612586	58.75378752398797
631	-25.50642776247858	38.624549620067484
632	-20.75189381002791	29.611978350824387
633	-22.783577835539887	10.422905074471629
634	241.8908788573725	-24.188175960043623
635	253.94510158606164	39.62077450571374
636	215.3872153482705	36.12827861134963
637	244.0920627711005	10.453637699087864
638	236.8108425028141	20.79816648521343
639	215.35939198951013	38.39138632051527
640	252.47967043928878	-12.00734909803748
641	1.3594394989157905	21.174870878899327
642	242.4248631656379	27.71724094198929
643	31.360632659334243	240.55786730913252
644	237.06828391586464	-16.602823245137614
645	11.2886129792645	-24.305262733738786
646	-105.93725545383704	-49.568292899108826
647	6.335174614522771	-28.884361703574854
648	-38.95055963939272	226.58957722485474
649	28.62876609903526	220.96176091886636
650	17.468522640357023	-18.446566107411996
651	262.96235160310323	262.9610467262328
652	191.3630259829497	-34.88792649391267
653	20.425861251675897	-39.82911990326066
654	202.81837741437738	178.32592272779593
655	248.95961121487517	-93.9937132281305
656	215.80317719082402	212.74934724856757
657	218.3801956534599	-57.4441850223518
658	-25.305542936846777	-76.24705663889418
659	-19.43354944116743	-93.69209727232538
660	-48.13510494726131	185.26408025138696
661	-24.98476594614337	177.79042636195032
662	-46.406649750359705	14.223286321592028
663	-185.0295346300722	-25.734040832942654
664	248.03615203132756	176.51926638858518
665	-5.210982364872379	96.20655405220151
666	186.16348869573966	184.2524689464961
667	-25.238940267116533	-68.4981338241431
668	212.34208317523343	187.10901137941093
669	221.26412716223837	180.40141244074988
670	-36.04956279231453	215.97174887303882
671	-7.1495854947951045	198.61659725006274
672	18.09156542191127	9.061805812465963
673	266.45741672491886	106.872809019424
674	229.19498504745945	206.59569057940115
675	204.19818849978165	-36.30433880586811
676	269.6319240949672	204.2562686155972
677	44.427087405450294	-1.4201847342314409
678	191.74116351100872	218.8657138053068
679	250.9433648740679	244.47326335425367
680	216.60288281816742	178.81196207875135
681	196.91207249409592	5.324967571305237
682	182.34209087699543	224.7009921804313
683	205.94963606007394	196.4358734502324
684	258.36368907887504	3.861549985440149
685	237.81058048883602	-2.7371453962006598
686	236.17811651564023	208.55243378939988
687	42.539901810664674	270.41166817674184
688	192.76612032274164	212.08510628808745
689	221.99925441361495	41.24568814234769
690	238.05211714857583	-40.73876577138617
691	22.42272113719862	23.689971932740747
692	259.89911915798086	224.79531889316038
693	258.4617790566867	241.40751592192657
694	-2.275191780822638	243.78421906308193
695	231.04993830892647	270.98278225097204
696	208.99911862925165	255.81359058050555
697	253.32564171603516	249.20201241949465
698	261.35170932290976	14.48537108900652
699	238.73116857872378	234.07921848152756
700	228.38723991196835	58.95383425683747
701	244.72555099433163	220.23225279155378
702	209.81785867787312	215.2800536932364
703	42.885368459982345	21.69125820469654
704	188.07324767493168	3.541768923055571
705	264.1423335597883	218.48440814851807
706	234.12186023228108	245.50731754763714
707	247.67750194995423	10.420388719369953
708	272.8334891082508	214.24932649409098
709	220.02553669420666	236.26755381932017
710	200.01067634350983	22.636840580530873
711	213.13253878012313	53.262711688121186
712	229.5235397411016	38.24186410147638
713	260.5328371296828	62.72968207174853
714	286.64279086560043	41.36274722149997
715	70.68803400253722	57.51754593616073
716	217.64135914075464	24.642253367863987
717	17.847059839465174	50.054576622099006
718	233.44467806017002	49.40611799991518
719	268.9711861984981	39.725251379831576
720	266.39205837696005	35.21370769692618
721	40.31753662648484	3.315956218344269
722	233.99470360370586	-9.155817954425373
723	22.63476239493042	25.044277888729567
724	49.3702119185692	21.282709834077423
725	21.152716409685155	-89.72264185652917
726	286.38510985118216	-4.75123239326274
727	266.7303600352589	0.5391317251724956
728	19.787554414629454	1.661087474379002
729	264.0341630627414	-2.605304765396113
730	55.28003289200399	-1.4906058531543351
731	251.8461026505057	16.31916246907403
732	248.24984484222514	46.87260493295855
733	256.53160950470954	27.846289464259
734	242.38674461089363	25.621707495674315
735	45.327400745941816	28.936639769475022
736	63.10767530836901	25.674461212636686
737	264.50640064726235	-182.2254607701645
738	53.98646049483682	-22.482119540917694
739	252.6062617356086	29.140418193574675
740	0.1874250890762852	20.574385683717125
741	55.38479563587089	9.636615521185604
742	30.944381799282837	14.4414499492013
743	270.47359203312567	39.25891187123048
744	226.68704446606827	-32.13679042011887
745	260.99389206505134	-27.667392630815073
746	262.38405149583105	-2.688533359904696
747	286.27028795570686	0.42912140035635105
748	248.62612540688713	14.07975218227
749	262.4823140336187	37.07588566410641
750	242.54308940604253	49.205036617517635
751	-47.940489050171706	40.81035634692452
752	247.90496690685535	24.216060762371313
753	256.9825156658047	26.673595961034636
754	38.79416151654357	44.951937603414535
755	59.21369404369153	20.142342950714237
756	51.790908055654654	31.255279219831664
757	-31.093187705469205	14.117381638857438
758	-2.4684664298680303	41.74642103168637
759	277.9363486632849	14.560342283108056
760	29.45734948121418	14.332299879952899
761	18.30225290083429	4.575485289254445
762	267.531995398669	37.883694657240596
763	8.369906469951147	-78.66115414073502
764	52.776133975831954	-0.4266691695877256
765	247.1211814686239	-44.842279017858004
766	39.30265804305978	-164.52669004870876
767	28.46696943915336	42.14321431281161
768	266.2221560112964	18.783742377924895
769	233.89020151384895	36.547388013269966
770	-85.98078635484687	-4.7897372444436
771	272.74565857182023	35.47440797075848
772	301.1554664011786	16.559846479219743
773	244.32491364328075	12.323153151585501
774	281.30121478001934	10.40055495296302
775	285.43995059125064	26.707235142707816
776	239.99609756415364	29.24823274092367
777	29.748602452780347	19.500853770664833
778	254.23442698709755	-167.51429011859244
779	244.9289121558184	8.14301840016411
780	224.38536135973362	64.13494824015885
781	266.6897711092337	8.84830064575398
782	256.15416393723416	-51.13383645783217
783	255.3473013074161	11.20047072496861
784	261.37608708618654	-10.000156126709825
785	252.14070700580902	23.175895760859035
786	49.18195003337246	38.18231183057736
787	248.78983300938523	36.39709592819122
788	40.7804325351666	33.58429949800626
789	30.73095715577307	20.509889516623147
790	256.91505289219424	26.577084315875737
791	-156.4043879854508	12.055542495534297
792	273.5231673388346	-153.23745615972388
793	262.6810087831437	-10.240714406379581
794	212.31859054625528	-197.48419703921758
795	275.73323739847297	14.928254717273887
796	247.71514383630864	-6.123099141254116
797	244.35583912283653	0.6036886949760714
798	231.04020793077234	21.830641482357578
799	16.773135328133492	-17.519134329260737
800	64.45594688411771	13.925839385827004
801	286.43837653837	34.14508950069239
802	35.2753388812813	8.910402399332668
803	-104.0576239487164	20.645796712428606
804	21.233915490240264	-15.858452299975
805	9.55612736227097	19.066953086366738
806	233.71293990449433	-24.88012850352608
807	181.6317629450469	6.152463277282948
808	253.2067305201827	17.70956743450236
809	23.700225398585218	27.132432684234644
810	260.1817558512886	31.651775725876973
811	31.66673456701605	12.343293740169017
812	-116.54628296933271	6.21116744375243
813	26.664104788009624	36.18147741411414
814	20.402104754802025	-167.43491457622704
815	244.75770015297616	27.429550608964817
816	31.88830047865528	10.894778534282395
817	6.040651790366866	-73.5546902244798
818	266.02827789652974	-155.62808250384205
819	8.550064213613666	-158.26983041918373
820	257.24602840041416	-66.08708738404894
821	239.00604882022236	-191.75510151352782
822	12.296663775146712	2.2441950595094795
823	21.142620758161357	13.400312655769682
824	239.66163247501726	4.236403511041345
825	49.74602529278533	-7.944527156810167
826	-198.7719071746774	-8.302382047670704
827	-164.16022684876387	-22.67073017130869
828	15.10005643087834	-28.27117721715706
829	-4.502935244273928	28.91754336850599
830	7.9595326976253915	15.539528082331458
831	246.2022221763026	8.237123090222369
832	-137.18537726051443	18.338635643483826
833	263.8712540542641	26.191814012802183
834	227.95210700094597	-172.31661081340215
835	-21.640187878816974	16.196208644931787
836	29.852251937552012	-54.389177631638525
837	262.2966156015714	7.370786444221707
838	127.78030692704749	-86.6439402362008
839	-91.55222875285358	-91.5495025566216
840	259.8681533373775	18.206593367590955
841	198.99028819168976	18.157634677966357
842	248.98769782733584	-100.8558706511338
843	-1.684876075517849	-147.2035445423448
844	-1.1864120697527056	4.217556154025743
845	-133.14177201331788	25.803868520831173
846	256.498411358834	29.77988240387151
847	-3.4282911695819394	5.093216179199203
848	13.90369413832613	40.910666076928294
849	261.35242326636364	-9.206152976027994
850	21.084038047446654	-154.15652497064252
851	-146.70267473273174	-122.1723762873238
852	26.347667050275746	-118.96359214758343
853	34.44341836581822	44.29509108509296
854	179.20588194141797	-71.85006804976746
855	235.1605153154009	2.165574980781571
856	-105.39316199665514	12.710563353709091
857	9.098459299170301	263.3627076647042
858	-7.344939698226099	27.66272493269159
859	231.85564930985393	8.207415360164362
860	244.75305527659114	45.815772165375705
861	-109.15349580620801	12.528383781322887
862	45.04267202819014	45.59697903389923
863	26.330180354601453	42.48256791031696
864	232.14027703331772	42.30242883933161
865	251.78475322688178	28.460373689641585
866	287.750199985633	31.60489695188278
867	-162.21372487658698	-18.073019957961407
868	233.19725928572373	0.30977609125817196
869	110.67012228961636	46.730744561373825
870	232.70650243334873	5.5574710289824765
871	253.5064707955396	22.473504821126227
872	232.92642579659912	34.623776233922456
873	279.12252289235005	29.301786630865223
874	251.2714890782281	-99.80484491313793
875	238.32025606674438	46.261684614943306
876	225.87525658980624	43.45043701975766
877	36.26747252496179	288.4775763236744
878	16.976744947178773	46.273917595964434
879	235.85824895244306	4.999492122007865
880	196.7901721415427	24.92768177276831
881	235.57842251326224	50.39231152374953
882	232.2617722191378	31.776359029208948
883	-104.73566652054487	44.804497842953936
884	56.39248115295652	17.22515547954815
885	235.26788563124572	-188.15616779442934
886	234.50545393294777	-168.57530058378364
887	229.27141548859362	33.923190206280054
888	241.5495040629495	-12.84404178997299
889	284.1781003843495	31.169057348770934
890	36.58704797548853	-31.03888835831907
891	56.50699452603993	-3.8298382420770167
892	-4.054336507194577	38.3415203219582
893	270.41377010751177	27.07417138676425
894	241.1491889043602	-57.26489569120726
895	222.5474201316061	-57.74949125003686
896	237.7982661121019	18.843586392833004
897	19.886016114359336	-36.14937225303725
898	27.300286300950688	52.00308943928266
899	-162.04248195199165	-33.38687236663307
900	209.47773616856983	-74.33898944952062
901	230.6785115443683	-74.52592269644838
902	-21.12023158048477	223.68706538925306
903	244.47121488465623	15.466743510251575
904	5.510896997465366	-62.28497492160191
905	233.37831769099373	-161.29079170826392
906	26.9606742817013	-81.77620684040467
907	272.83832962080567	-101.98357306266826
908	47.518836951546604	53.629142866197185
909	49.22803541542521	-119.57498492546081
910	-36.146721077859624	-24.455244601041727
911	45.91180886869111	26.16217282859327
912	34.739366313464416	-31.897087018291174
913	254.51490914511135	51.644589219084594
914	51.11773100175367	229.14179000537118
915	254.12947557398522	-85.6702089056861
916	204.62127674093426	-54.03114452410716
917	199.5399269263918	-61.71073384709368
918	-25.65505326938488	25.491548536698787
919	261.13042543279244	44.46643384655124
920	222.41705937327103	-66.94178527530141
921	32.725936817456784	-25.581765076524903
922	225.34822662222481	-87.66524420987326
923	232.57890373514465	44.6979497201782
924	231.09611079473797	40.35219208659876
925	4.534252672357823	-33.220943364076234
926	260.99173352335816	18.048047014779968
927	273.93947864076165	-25.371333578354637
928	257.1932584886433	54.97032577162477
929	11.068543446811645	-18.31280325488592
930	221.79057099761087	23.348810842752385
931	229.68290246593932	14.1707723270885
932	67.19029530188965	-38.447398238090955
933	48.4327234795428	6.811446864966015
934	73.2100328858709	-50.293920057367984
935	247.44948458592387	-11.804581350713406
936	255.50042522420404	60.656771184286924
937	248.27479480482245	36.02938064336382
938	37.6394624658779	-5.321989587199454
939	229.2063861685335	38.97027144610652
940	246.83866939311454	-62.14587434922717
941	46.05631417178586	26.205563785829327
942	49.53540648420167	39.617618930937795
943	255.46129696673864	-15.77301418276376
944	243.03549805799173	-45.90137601632186
945	20.702440001446035	-15.27834101795041
946	49.678387446714396	-33.570756498220476
947	226.0435104293652	-46.4201452370673
948	224.97106533854358	35.35299955475824
949	245.118108128449	-13.949225384342157
950	228.806337642561	-5.426075426454545
951	264.523295248261	-137.65134881790118
952	245.88783812895488	-140.1851199910075
953	239.39271672647683	24.510324625135667
954	228.6399770513901	-32.70415711618418
955	252.395384132214	30.40472139505576
956	-88.29885064270636	-149.8561455120086
957	258.20482464894474	42.99034076108373
958	273.26662203974627	6.589149291070569
959	243.68319304715567	-133.15526261853523
960	38.47628257645118	-129.0883210112152
961	29.462591888064736	-162.69004099290368
962	-121.92224411980976	18.494092957757417
963	221.70630420675997	-86.9711472587978
964	-25.38471677082333	-123.40815322285886
965	15.05212490074291	-130.21947583165917
966	255.2350744412931	-37.55496142736948
967	30.45411940247581	-178.0723853748462
968	5.158666135729234	-156.0214370053377
969	-2.8163990385423716	-129.07640553559673
970	266.24926505381234	-151.89038676933092
971	-131.44519154417102	-84.28790548603338
972	41.24385294312222	-305.1932647691923
973	-91.62628699753014	-105.51034885182594
974	40.4060757604785	-96.16385560056622
975	237.20560024104833	-131.6954750675988
976	29.089676379968324	-130.93950931448
977	-46.26789417101123	-159.0640783139628
978	-38.56986712857449	-153.4619386273906
979	-142.17320813834962	-116.57396865526702
980	8.355115304694763	-184.7394675189662
981	-17.189790157629588	17.351589860231513
982	-41.398898888709695	-125.87392050415644
983	-195.7767931916941	-164.07477632838933
984	211.44696428686052	-77.62913419654274
985	-37.06509120383466	-44.80547900937819
986	248.79306126877367	-45.47339179090244
987	228.40313165667988	-112.04678707705881
988	13.917230184480971	-124.58112578751744
989	268.8958771378372	13.079134543453776
990	251.33850333776883	-123.36255090986765
991	249.44376346635616	31.129756804071008
992	228.90527527763703	-62.40176508314008
993	287.91141151630126	-103.45043790108014
994	276.27982565945797	-18.675501158297465
995	225.3613716754101	-32.05214642006541
996	266.57651628212096	-126.5467623347163
997	-12.836030950760204	-35.92588438482922
998	7.9459694811495325	-131.92472945311528
999	36.056306168636354	-131.3413571165697
1000	2.2327674992598077	-138.53717282197226
1001	263.97840812362574	-35.342161397054724
1002	-51.618981544696595	-12.71525318967386
1003	30.054175894943512	-5.728583473715659
1004	21.05094230320654	-33.53804033882227
1005	287.89848727895196	-15.209849834284825
1006	41.4912296523342	-150.28076365995187
1007	-2.946778092475043	-170.5626122155187
1008	0.5078316452893716	-150.80851549295338
1009	-49.76901677207807	-28.80025376862295
1010	28.04997669024297	-3.7106670464177824
1011	-66.97213307538121	-159.46302607671592
1012	277.6918274938871	-11.464501269078255
1013	242.70020125214785	-162.31970439315035
1014	12.805932477201495	23.815624545617595
1015	-12.934509905383749	11.414525284088512
1016	-133.51645138269643	-163.33370004828402
1017	10.7957548693674	-145.50579928606447
1018	35.70930065568831	0.26892209203522555
1019	37.61105337947333	-162.03791657652405
1020	281.4412841939395	-1.512999811736762
1021	-20.183003725886323	-6.533823785214366
1022	7.6519622636279365	9.009881720096317
1023	32.61246361699281	20.266338444427078
1024	-2.325273682155867	14.260655285224047
1025	-30.571005391907832	24.135881570381542
1026	267.28979544436123	-37.37566438140129
1027	-48.922414172450445	-175.08753897054714
1028	292.36167329397824	-7.372459975520556
1029	38.96705381638381	-145.31188389071505
1030	-0.8896483990401549	21.437816783312797
1031	65.70670160276535	32.465333624306425
1032	49.44686693442088	31.453933190438704
1033	-91.35311710965985	10.205374603302374
1034	274.46967690821646	-6.843106933697513
1035	273.46411057213663	1.0684461406473247
1036	220.5866394853739	4.9100457746136925
1037	51.617296326843245	-21.170570069254296
1038	240.08378073791278	-198.31005866396774
1039	273.5846269222625	46.9562616563328
1040	32.34467540304303	-6.590206653189284
1041	248.64507092773889	22.78376597269896
1042	246.1793876110621	50.43649476407194
1043	260.4940668922284	-45.68487385164719
1044	268.95821704652406	-425.0102030942961
1045	247.37110666580568	24.002022160354798
1046	38.621661764793004	34.7015740044086
1047	222.03378379654572	47.01733276350552
1048	26.454433029406758	-90.19618922268002
1049	18.338623281961276	-183.94697244881291
1050	254.11492163867672	13.85468941303175
1051	241.38931209613736	3.049523537524763
1052	-11.388034309228061	-163.02076711650955
1053	28.075268719449213	9.294879401924334
1054	281.7221795046511	25.370744678139275
1055	263.1053321666318	-17.01811123443386
1056	281.61311936273967	9.460191198559556
1057	38.802032352785545	15.143816285098723
1058	246.1932423168331	38.72664257157305
1059	257.9717294974498	-202.8939164699852
1060	-31.9619301246847	39.70223742959203
1061	-126.87154853096915	-28.708951411683557
1062	22.569074707081526	-2.5567825583064234
1063	240.97936512971427	-120.92276973136366
1064	295.70490898443643	-48.65314947793442
1065	-13.291152173420244	59.22353901906877
1066	53.97678860987614	2.8492130446164907
1067	232.14654977029195	16.43788406832786
1068	60.01198943358736	3.49760900009025
1069	278.4538209410674	17.70916567172489
1070	268.94838516656483	24.970961186169532
1071	33.76871880040321	-30.928529789092266
1072	270.1036854979868	-14.382633705242
1073	233.5216257735763	21.112548776998963
1074	233.18093864330814	9.672580537374358
1075	268.89920576132323	-3.5996510023210107
1076	186.40367451981248	44.572804677941065
1077	256.3484562667136	54.26532936922368
1078	29.2133396030697	53.01906580312493
1079	256.6697625882922	16.196640843817903
1080	242.48054906566907	22.33057995079355
1081	249.42382275642026	25.135180028390323
1082	249.53954081390197	23.136000933242514
1083	222.89842060089333	281.46072907641167
1084	267.1710505708511	17.699894394286815
1085	248.02959201175932	30.515858137831856
1086	246.06820779402813	35.29571360438922
1087	268.2801271542975	65.36191440865483
1088	9.675851030883706	74.07880910185196
1089	45.61361906537368	47.414873559890594
1090	274.29252343012877	-13.655587850489397
1091	271.36002836139323	248.93114222791982
1092	254.67402277217283	77.36378409089946
1093	218.85498809041007	-6.696172378276103
1094	270.40637908986406	272.58069361977266
1095	234.3966108676014	264.38081087931806
1096	289.0388760064276	268.8355333796576
1097	225.18706039845705	276.5218746949471
1098	258.05741984879626	274.3446755130324
1099	220.03089585578692	270.3064796202653
1100	269.855545495975	25.390081223815713
1101	286.6944214000707	280.66087547865925
1102	191.76412728795572	270.1377322013759
1103	228.44172177630853	24.31347923776896
1104	265.15239707772184	282.8228847434723
1105	237.91989817469863	297.6346102166647
1106	174.70644655176324	260.6464815254926
1107	293.8013778703986	34.11557347533537
1108	243.95836592229546	-46.79326626192059
1109	236.38070646075863	-23.839549152471008
1110	240.26582764765794	249.4204592384736
1111	270.7426528035231	17.544384239800465
1112	0.7936796148481875	9.411387606341734
1113	258.9387880440195	-96.80712253341802
1114	31.75221152192347	-25.17915590144449
1115	203.8501255460288	0.8262231801243018
1116	-20.909439552355508	-42.13031342919043
1117	10.00805008113936	15.09179220069096
1118	-34.25200241571342	-50.2861686839351
1119	34.85431002004492	-10.645974263697084
1120	-52.14370257681989	-66.77955925658236
1121	-14.848450863056627	-50.861520941751266
1122	208.16645217137454	-53.28165978571121
1123	14.620961596395986	-53.9380766352692
1124	-7.6712742070786675	-4.448076052098159
1125	15.02414310797377	-19.97126243875249
1126	-22.31039052019233	-63.433374740520755
1127	-29.762026423063872	-84.99971449608213
1128	62.66683460811089	-32.7796604359237
1129	-9.974188764250414	-11.054808767028561
1130	10.831596125581868	-34.421331801859935
1131	32.56869632892071	15.976212067844784
1132	25.699993460874893	36.70938792331893
1133	-26.117129066618034	-70.21013566649725
1134	10.20544119807873	-29.208301933045448
1135	0.4837864134418908	-61.8657214305652
1136	1.2244642818019145	-88.31646743342502
1137	-23.059858539698908	14.408510053126037
1138	0.9315712265779865	-9.911830426727008
1139	14.141458139140454	-70.19154804252545
1140	28.893306666894517	-63.96231119519885
1141	-0.10079556437912629	-14.783711708003722
1142	10.130637861882064	-9.406584276529784
1143	22.390067711720533	10.621074580228296
1144	6.5482916882209565	-68.37436313420642
1145	17.622106499235798	-45.19343549512432
1146	-47.187352274394314	-49.87174886377517
1147	28.443566304762243	-27.35537132894676
1148	257.80274118100675	-58.91913034077176
1149	-42.83792372075979	-53.92544750925672
1150	8.077707297653077	-1.023370945046949
1151	67.99305542726526	-66.42118091892627
1152	12.812878987826295	-6.426746240718657
1153	10.085271859610486	-15.005568288060374
1154	267.36175644013633	-33.48053351377666
1155	-21.755626386382943	-39.82305517730617
1156	-3.5626729381515077	-20.998101488156593
1157	-20.190199813781476	-14.79272057382586
1158	58.23521389497395	-23.45612714459412
1159	239.8138921776381	5.123921690712834
1160	-28.99347157761821	-1.125333636843763
1161	-11.486138491492568	-33.2599593207749
1162	46.91408869523744	-5.584257347068402
1163	1.5659059885352349	-32.623084929560946
1164	249.33946498163616	-30.982732221701156
1165	247.41636091570135	-37.40527577104474
1166	46.95423015881349	-47.55621468919442
1167	19.32004385390816	22.09495429429026
1168	56.92845636992803	-39.29330877652512
1169	214.03303085609906	3.397594159815384
1170	211.5018297449322	-28.349817225972927
1171	284.0018046964875	50.73103451033191
1172	-8.124038366008108	46.48825326948753
1173	245.4427132180645	28.782000630152396
1174	49.480357061038575	5.1402027036980655
1175	294.58018979982	38.218131295742694
1176	276.8600241699102	-25.481906381157984
1177	287.8891181888738	19.90490616260989
1178	244.89757689650716	43.94759475689352
1179	216.00591187203815	9.70200596474001
1180	269.0851523275729	-9.303499930512828
1181	54.18513935970273	52.20553560158976
1182	228.45760889578827	-17.814056021150947
1183	253.8568821492289	20.8643322294388
1184	230.89931311368247	0.5988946268310684
1185	275.3683225680633	-4.145424969959265
1186	294.7258054966517	28.017851434497828
1187	261.7010121283531	8.41361128489524
1188	252.31457490406083	21.862545145048614
1189	277.3921259719966	-4.1401290551714
1190	201.33596282790566	53.796921102244255
1191	244.38908653269675	37.51809636768991
1192	298.21113820882886	5.764099879762739
1193	286.53534685112595	40.92155888015253
1194	204.41034160829466	235.06758583783375
1195	283.56153668346576	61.14204889792828
1196	260.0073974097809	72.39555625485195
1197	239.90531925038619	281.8255538039733
1198	227.5264118729201	58.58086457998658
1199	245.01618748121626	27.548422313378296
1200	-206.23396273160364	47.29383074445744
1201	226.8161853466598	44.986390622925995
1202	216.6401969589609	33.111993230314795
1203	278.58756348137274	237.1529137422693
1204	229.80509895523699	-9.258861646895184
1205	253.57544147953683	42.00251451795987
1206	238.17391705282787	55.27952515401316
1207	260.7895654239553	41.5882904815212
1208	225.71732584949922	34.760276684040235
1209	215.19753729624398	40.58852241552012
1210	241.88414572840404	39.777813100595324
1211	254.01335960423717	83.34245967838055
1212	276.4376265217197	54.83770135747838
1213	253.5546134510094	38.86639583704175
1214	231.75383246260142	248.78189408149564
1215	228.61842385129026	51.0080379908284
1216	260.94788675491105	271.03464976465006
1217	229.0502763226352	49.21236762124832
1218	236.4142615468673	41.89116137356078
1219	226.3720608884537	3.350780766642856
1220	244.23731073776543	238.2063969479397
1221	215.59784234548	40.03280091706648
1222	18.17240248023961	298.7615238071771
1223	35.95266082510969	239.08400866347523
1224	15.89427232019085	49.746771062973494
1225	15.977065433574055	31.26729700266432
1226	224.2785042455617	55.87113850350144
1227	264.0333534905289	62.17431122337072
1228	230.0926611993987	60.93851967564791
1229	285.9119497783945	27.667302188421587
1230	48.280841010006554	73.55246233276048
1231	59.34890945512032	39.21964127905619
1232	239.23142050884803	28.575102472729725
1233	287.99328687914317	133.47304893616797
1234	211.90681009611302	41.08690519870578
1235	226.09027254805983	2.659680707615763
1236	213.00442161340442	238.5083733842982
1237	267.0349255157131	23.209327991815442
1238	277.9427300014336	49.85662666965476
1239	18.10606126487197	24.938678585555664
1240	36.46949993266253	-5.735616003737604
1241	31.35767821680244	262.7814549599087
1242	257.36415415591375	6.936333610257762
1243	237.11294530116027	-35.259673348292424
1244	14.392892018970656	24.144143419007733
1245	21.98173715842671	15.074528311093445
1246	17.313436291439643	28.294829871214176
1247	11.284470244075536	3.2938961434937255
1248	261.47759849179005	-33.666674609529395
1249	44.77954415615082	-22.914360968871677
1250	-10.308966708879183	3.1125823416164735
1251	5.255730293520884	19.60058379333296
1252	252.4271623091607	-34.35746565623421
1253	27.509044923489043	31.621887846333607
1254	244.1646889609641	9.335825393084093
1255	-41.50393984388632	18.81182309076324
1256	-3.1414378766118887	21.372501171297472
1257	22.71149532793399	-4.380640198101503
1258	3.849703623279339	-25.117409862018405
1259	33.591684360651385	-21.51863360462815
1260	-9.979787830987334	-3.911751288302227
1261	19.719174620548742	-9.736945653052913
1262	9.851404211270122	-23.1284387015468
1263	257.6394215815982	-15.398325801295854
1264	-24.34304204925411	-13.583690373379213
1265	-26.096269101168076	-24.165292772848503
1266	244.58371349632765	-34.37352612465094
1267	3.7619021523739633	-18.98499771366494
1268	-14.038186123443012	-26.245964693126822
1269	-50.16137648943942	-234.3258728801821
1270	-8.404969216599909	-31.280260197156608
1271	235.74284714476684	-205.71534776362327
1272	-1.5671592964867784	-16.640771012281263
1273	-14.335288378988977	-52.59333975776115
1274	-26.10910051702406	201.14756257548692
1275	-20.13830226735476	9.11650205002995
1276	212.51343597240174	-76.55988815869085
1277	-112.41311974105537	-39.57236474559356
1278	-41.623086076289894	-12.341772709978414
1279	227.60945627885383	-69.83619513715786
1280	-36.444542327994114	-21.795777755065544
1281	-73.95162215582337	-54.787315974022505
1282	213.79855809567488	-35.64604344518783
1283	-112.72601729532843	-72.93987671357318
1284	-36.04439177143216	28.976524532555686
1285	-22.21868815993345	-53.102792809311055
1286	-151.61751733779337	162.47858195958383
1287	-31.93752946094405	1.531079144234127
1288	-17.233174568867142	-79.03262111617448
1289	-80.38667473381953	-38.106144782953834
1290	-84.22201342367796	-65.89811781034042
1291	-22.986409603178203	202.52022812302803
1292	-65.68560858152608	-109.72657710814858
1293	18.409802431337923	-30.24618605660895
1294	-49.63756546665434	195.35543976447818
1295	-51.42126352578866	-147.85599356502502
1296	-36.3983885531363	-71.72183869287952
1297	-78.68487749088166	-82.16025291243781
1298	-41.72718046166128	-123.26865919812401
1299	-36.677529095638434	-146.9273859676142
1300	-79.39249124034613	127.03483958021862
1301	-80.05049302971761	126.53026981800242
1302	-73.36196059781531	133.04574113329764
1303	-32.95042942169779	-156.8682066508731
1304	220.46025645853302	126.36097235100715
1305	-110.1583819424459	147.79098275210572
1306	-77.77231231896391	-68.28654937253918
1307	22.81197207597927	222.11434258449927
1308	-50.87837727958977	202.34076668131377
1309	197.02461050750657	-106.84031747358064
1310	-53.70983181639454	165.52677119650087
1311	-26.668538569621177	183.70477793841448
1312	237.74973692210432	-111.20581642822145
1313	29.603532511177036	218.8170058303661
1314	-25.951221272987553	28.7871948945998
1315	25.977720824915572	85.48187565842395
1316	233.52645673537788	222.7568795191719
1317	229.2266170694133	217.44553399835402
1318	239.58919592438286	97.51709804187779
1319	185.56656883311229	111.17382255997799
1320	269.5322910145915	225.88727832653478
1321	163.60591071620138	141.01282756694658
1322	176.94486916784206	263.5547624414477
1323	169.72736413867585	110.33104006091664
1324	191.02422577162582	192.61650816703946
1325	155.1154902677598	178.00730561960427
1326	162.72641662176068	-62.90658503207885
1327	242.742499856097	32.68545159993772
1328	225.44527350459308	-32.92346786797687
1329	163.0841437804832	-41.68588007941641
1330	201.22638143643388	206.50272186346945
1331	260.888213681852	24.824818433856166
1332	278.2017573042755	12.966054613601514
1333	263.81952201901186	237.84302033159116
1334	253.69018548423486	-4.759092476540161
1335	211.58014838687444	24.755629869312656
1336	209.90038314917584	68.9990175845787
1337	193.8981090413952	-31.086414808575896
1338	145.94367054710688	-24.920591839549488
1339	234.30120817924137	-64.75465230877148
1340	283.29753749283424	-84.53486224493496
1341	255.7763341382368	-16.09927475221555
1342	211.45837199114524	-1.7086639031527397
1343	217.4620776034917	-64.6689133348936
1344	165.99080828944864	-7.200337714885734
1345	260.47286250711534	-11.314008752318202
1346	220.2254392541966	-61.50959524172386
1347	206.93060719851815	-20.775474873704056
1348	185.36328850767785	-9.711883900265349
1349	200.028470953799	-45.74330838898132
1350	201.26188172406736	5.458583983225793
1351	204.75893971197098	2.1576048091059903
1352	191.2873268209297	-96.2764311845612
1353	241.65873510390622	-6.098542806368997
1354	197.6220564030737	-21.430973487651812
1355	243.39295205526065	-99.72871108665521
1356	22.784313652785784	-41.71939527167629
1357	259.99973954819984	-65.24925828136021
1358	261.09656885086474	-35.43959923253013
1359	216.92812863770115	-52.44043419114526
1360	-1.863364166914394	-34.04345669606704
1361	-41.47942704974808	-55.79393579000647
1362	195.6460369817641	-67.93812694595019
1363	224.73177319795215	-59.892249617061765
1364	200.1080231822686	-38.90615120017107
1365	217.39709950841274	-11.768225021177287
1366	-38.18087367633454	-94.83183964442954
1367	-1.5581398610130037	-83.14214980990982
1368	218.95310949683022	-57.2389529055483
1369	235.48471593050255	7.915283257158464
1370	229.30608191195552	-62.40576628371535
1371	237.56621244818032	-34.138064450318055
1372	260.38057927576995	-111.21562176803188
1373	27.539199732220894	-42.890879812781336
1374	-21.315886311370818	-64.57578557106814
1375	-40.3612176214299	-77.3260818163374
1376	226.90662825001277	-44.42617526649846
1377	-22.688415390306773	-64.27945957550452
1378	223.96856348130126	-60.75809968386237
1379	245.52103220352078	-81.59077925958917
1380	207.23575736352214	-55.570607983890405
1381	230.65818381764575	-94.31688771830535
1382	17.373643112398923	-22.71890393561192
1383	-45.07453058243648	-55.442853912862404
1384	251.86155632130914	-47.08566166573901
1385	239.90762469152452	-51.46097760335131
1386	206.28610228689212	-52.141860335438466
1387	-89.47241015567127	-41.300667162499835
1388	206.30459330006488	-45.99799136504123
1389	217.25005441598563	-42.646022549082204
1390	143.58687745897365	-86.28481006768618
1391	7.441582729927717	-53.29143493830348
1392	190.02551804435888	-18.673777808856542
1393	223.51813053081383	-44.14094101890295
1394	261.18353011210667	-16.454698126038977
1395	58.56910665945583	-73.06334162781512
1396	-18.591998567029904	-63.75151795525494
1397	13.726490704555744	-47.93696551329698
1398	-24.88674888745365	-53.81004576280847
1399	-11.036016806653478	-49.97663249312575
1400	-13.552129443867557	-8.753218278493975
1401	273.8349536272756	-12.381877133548585
1402	241.27322738645714	-67.68472847106442
1403	219.55991624586423	-20.154414337561562
1404	-54.5054283631911	-9.727703219466107
1405	-4.572595655951972	-53.84643569977581
1406	204.81166485971195	-8.247875344931927
1407	215.9114746327274	41.519456479324475
1408	245.37012717099125	-36.15985605668526
1409	208.3760738469225	-33.3596121756928
1410	21.688991193450974	-14.566797512440303
1411	-122.05570856571629	-6.734444045540542
1412	20.66876211491318	-80.24007296080335
1413	240.79674342348633	-71.3885879096884
1414	-28.26528769108711	-32.94597607662871
1415	26.692347328269733	-10.653274238674555
1416	-26.75096505150789	43.216833968370366
1417	212.64192867052333	-17.825791052164433
1418	39.032560240595046	43.334746973439906
1419	264.5237132475728	-38.137473456078496
1420	22.30989638100789	-14.855214190355142
1421	232.54057015185361	-28.247514004703135
1422	258.12699344023514	-52.000509237893
1423	239.3630412807246	-47.98085647355953
1424	13.355695240125385	0.1640102451199823
1425	48.66178084433727	30.97814080175459
1426	31.677584898343326	14.804114716371998
1427	279.0191459785831	-34.88364750877241
1428	-12.109743462594707	-31.752083879848158
1429	250.63522609741267	4.114912546333386
1430	11.41241941796396	-12.99392450811203
1431	61.6709460405651	-0.5050851302402322
1432	29.647073036512012	12.242919006109858
1433	15.251941084146523	-1.5137725048921453
1434	3.7230009298383635	33.7917084940739
1435	246.43409035748013	27.53097647680869
1436	-5.540582410790634	-27.850003623625497
1437	246.96333964733998	-25.50402318504291
1438	18.017330011811794	-4.13488293467519
1439	31.75928735492471	-9.610037014315012
1440	0.20312903523037562	-22.408277912840873
1441	246.4838298070395	-35.108401772308554
1442	268.8910905392521	-48.365954010383845
1443	1.4023526095745922	-3.3496919469021833
1444	260.6784591450088	10.109087444271523
1445	265.1013238460255	15.007274926859608
1446	51.499850948222104	-16.591603900160493
1447	-19.532527350460256	-66.43489554612009
1448	27.128627348435472	20.121285010492116
1449	-83.56359591667787	21.15725565053306
1450	15.488726585044859	11.655660013434343
1451	-38.956310383254596	-72.02122049530541
1452	13.0944539752836	-104.01890762609112
1453	-60.28967964379023	12.860710546438
1454	-39.479125174437556	-46.83619875524697
1455	6.570233968939817	-12.152954136340725
1456	37.23958744657949	-78.17430515322951
1457	7.569842681529778	-124.39106667997072
1458	19.835530560121	-24.43460836203684
1459	14.384916671267916	-9.618184228606637
1460	17.31105459049202	-57.11735397715696
1461	6.765138965269358	-25.8700614511217
1462	-34.03171474212024	-39.552253849604256
1463	240.6254167820128	-15.511620808374104
1464	17.15299018022708	-39.609212161059034
1465	-9.415106664294768	-3.279039820484897
1466	-36.39308874453738	-48.044315990269126
1467	230.74342591071812	3.1888183078931007
1468	-40.96158850173799	12.885028139181216
1469	-16.39342401778923	-19.32745603393738
1470	45.37494237676492	-30.561839202440552
1471	16.875150884707466	18.025924944081837
1472	50.59654451409813	10.71202929125188
1473	256.317868066586	-7.277509174706111
1474	14.558418197226302	-22.642163388245194
1475	28.02497098799543	14.37448872551326
1476	13.635786987899351	1.3916960120812547
1477	-16.79718147021849	20.15794692557084
1478	13.24297201785555	12.19985309020855
1479	235.4025901509265	0.5765197941637012
1480	-12.239448604754372	22.71879346066902
1481	241.87630662834545	8.504017483474342
1482	4.63845067553396	-63.19895194890191
1483	236.39073065227512	27.558105132579357
1484	274.88502994893634	31.287958080574413
1485	234.98767737263688	-40.66841503173386
1486	253.29343114961287	15.291264348538533
1487	-29.63337414342422	33.86700119672486
1488	0.5032692579669487	43.819380492134314
1489	243.420909237342	-22.33677838483979
1490	240.9680491260956	50.14319038224099
1491	260.38777657938505	-21.97889583915328
1492	-7.791063771721483	35.582720907654135
1493	18.415733232847145	-15.350180177568049
1494	301.8053814783826	18.064374169946134
1495	181.40424440622687	-9.939914078306202
1496	238.26357117634802	20.94347927270445
1497	302.68225637571925	36.215424031293026
1498	-14.19321651277636	-7.8120092191655175
1499	26.414188019721138	5.035016884189474
1500	301.6801014436919	-61.50630457511171
1501	244.76547032148306	11.44285678791654
1502	83.49918659277705	24.255650681387408
1503	279.95464416921976	33.053730818468665
1504	30.589919633907215	-1.379831467963399
1505	30.131105267750343	31.15298460781628
1506	259.9350026826126	51.3444896741037
1507	256.93894920593175	20.019801098013005
1508	283.8155201217083	22.983939895621916
1509	241.56948929016477	45.226273171433206
1510	22.837136021625298	37.12916350329138
1511	279.8679036582703	52.16850092488113
1512	276.2740405580297	48.94191608253928
1513	258.00765171300105	45.69786901777172
1514	255.31316261503252	-57.464651575629865
1515	249.64891507518223	-2.7283324930068744
1516	225.68655128369505	1.1953956805959507
1517	211.35004747724878	66.11740536108712
1518	247.8082592629167	36.318896527944446
1519	281.83192766536956	47.78700995700808
1520	232.81251450662919	47.21941080265549
1521	229.70753389591468	51.62011096436626
1522	217.46233878744113	44.85747088303819
1523	71.62795270349713	-2.079224769737621
1524	268.93508275730386	-7.7568539984881255
1525	276.86436773528715	51.015755314955925
1526	-15.34668629213104	64.7293397095882
1527	-0.8571172137498309	14.059925297237243
1528	14.007763546320149	31.054153910500986
1529	295.46419384964565	44.85052343723581
1530	-9.199686288935439	51.56478554071134
1531	256.76819730141347	51.392188758810335
1532	284.20133227526117	23.94712205986096
1533	259.608261605826	20.546816458356616
1534	15.460074770511198	36.721928176544424
1535	265.6922048180809	63.0982251807624
1536	291.92897476050723	-3.5291039399065767
1537	256.36260823819146	36.248044378761165
1538	242.47540613187135	19.138922724108383
1539	259.92404679438994	25.975437070335857
1540	275.36679652084547	36.35353405645242
1541	269.86338898607374	8.310145951309408
1542	269.7485474224369	34.838907243058856
1543	252.31149503686692	35.514708746210374
1544	296.0906160591086	25.77265426562728
1545	232.34108010943618	10.68688953970414
1546	285.5621670339001	20.917154528683255
1547	212.45989187125875	46.10964577180272
1548	267.844900105825	-11.715053826592552
1549	23.367221270311006	61.49268514543013
1550	239.1451791921994	36.9643384196055
1551	242.1086346648481	-0.09648684731425305
1552	244.0985460782362	21.199983543126535
1553	266.7128382144955	18.51233528315744
1554	41.4453766576849	32.552185972484835
1555	268.18517584926053	5.834086526956213
1556	69.47668432490516	-33.608878525619275
1557	208.3679008849719	49.52451637920572
1558	249.92921988716276	19.86934358691724
1559	-71.59188806819363	29.681080596646012
1560	237.09905294269632	24.515278417776983
1561	275.2642913432179	-103.08813849289751
1562	246.20271028003046	13.659833972738028
1563	218.60632820464002	32.176711353543254
1564	57.506003863111175	14.489031590840426
1565	245.56560906926867	53.040739439585764
1566	292.0135469518804	20.08029762903581
1567	277.4244504267655	9.399979395138203
1568	40.21820696068792	31.437077272296392
1569	212.4397739504089	33.38935183578792
1570	267.21814062051305	42.28673537551674
1571	206.69482898695367	28.906656836146226
1572	266.0647527193949	46.34897536567763
1573	236.0798081284326	34.38880140709256
1574	241.80295605391865	4.14744812013511
1575	225.2697119841602	36.49610771574379
1576	235.35119398126648	31.049106527934214
1577	260.007674275665	1.5134475014529443
1578	237.14362863380723	72.42732628824419
1579	54.13930998502042	5.644939283238344
1580	260.4836990803953	59.23169831310602
1581	197.34489022286897	14.238534797020122
1582	256.7304124022437	16.1698366049406
1583	215.2100128728781	65.38276741702322
1584	244.6344358413706	33.887115256357276
1585	295.5246636043291	55.31836842863876
1586	227.94633707892524	39.74999587443472
1587	258.2970883005488	6.583076193360313
1588	247.2458330957931	27.291318054450414
1589	271.0136975598129	66.08250145360671
1590	248.93731455059552	37.21665242857421
1591	58.80592203083711	37.42565691685277
1592	220.2711300520167	47.7688201193572
1593	299.78960729966764	54.25865676612318
1594	79.4775747468239	274.0924921169658
1595	243.06694741727716	57.74202818987678
1596	269.55899965637127	31.608895287345717
1597	233.7683084345482	41.98918780046682
1598	253.09813314102922	36.90485180057752
1599	50.90415475355098	19.471552191171696
1600	262.0566864071235	47.316650913821945
1601	237.81737195178212	44.23200836032956
1602	203.3433242557288	24.895592552027694
1603	43.055688322999856	20.84366615432971
1604	46.49293396097133	47.32753561306879
1605	209.07519642912533	30.152170504179907
1606	292.83291623984434	3.060305738320068
1607	248.7751550240181	273.13436454240997
1608	-53.1738573661452	28.06492327527488
1609	229.2980869946415	25.202517114458942
1610	212.86014694491706	39.35355682193813
1611	6.839224471768418	-25.04656057662079
1612	236.39423857033614	0.770286841267648
1613	221.2697761395872	-66.95588701397
1614	230.19370690802864	239.19359139380848
1615	213.41403967760573	-6.3946004800432235
1616	-35.976701216423535	-20.611540583636426
1617	-42.11016178950214	291.7257699533934
1618	257.8827470921072	-24.22252467076092
1619	230.17195176913748	-99.74449143583998
1620	250.82803632750813	-44.69718313652182
1621	247.16353297596035	-0.40068897174944595
1622	237.93110422983517	33.34876148158253
1623	225.59589745972227	-26.76501493128596
1624	-2.0728281423430417	-127.51698779548678
1625	181.80588754032607	-37.975075958412916
1626	6.924978007631637	-46.96009671865909
1627	-23.68936479808886	-108.94112419126127
1628	-29.64939512346463	21.993718026102115
1629	4.698029880241762	3.2432481885448823
1630	17.376179960436346	20.209123993385077
1631	237.2902582140709	-180.61364417931054
1632	-48.732814905194076	13.606889460009313
1633	25.327514958223006	7.4899724685216995
1634	-5.988438275744841	-39.633560433725194
1635	-13.104911127301023	-3.606722268160013
1636	15.204825662956793	-75.19653122750637
1637	33.26011131852175	238.99747196114612
1638	-45.68991617785291	-41.13094240482714
1639	265.34642379651075	-48.24730177802937
1640	19.867514681589213	11.476396642828604
1641	-112.78342037379167	-39.01581949385965
1642	-2.988353405947649	-22.656934816296925
1643	246.81789700485152	234.65030909551845
1644	-4.775855817269161	12.797599223094778
1645	-43.999974693830836	-36.965946422406375
1646	230.40675380722013	16.781565736824746
1647	25.09516524483128	206.8291192210048
1648	225.69223316206492	30.573556374591362
1649	265.5082465748394	-105.25623364420093
1650	-18.04812832586846	-63.540322217955364
1651	10.043357024976771	-24.68794572611229
1652	22.1371042038098	-61.46891548869782
1653	-17.831983223031358	-4.9470080103059075
1654	-90.20853126907691	-78.48325033928977
1655	-143.95136089117074	-22.381185321714227
1656	-38.95246728627805	207.92545785606126
1657	53.68691919007378	5.533011367695821
1658	-32.339069607935485	196.8666175157824
1659	-4.8599638480311	-1.3439452899262108
1660	-57.73720322674037	232.16028948648793
1661	-16.617634498202563	-44.712649360931536
1662	260.942035789518	2.658306841569612
1663	-130.31330552172741	-50.20646573695754
1664	-19.218855764551634	-31.185558530327967
1665	-9.75078313068822	209.01561794373424
1666	205.75742797682753	-55.61836168085496
1667	-3.9076130904949764	203.66414444796396
1668	-18.53894999314187	-57.72004998975325
1669	-74.17383787794813	186.55455985276683
1670	-74.07627491083818	-55.33417221775977
1671	-75.1982830891794	-65.04423038887882
1672	242.87639910623244	-85.57499432084335
1673	49.03675034504823	-67.38317425144216
1674	31.997950404303054	232.1442308205316
1675	250.8550526781522	-254.8197542257409
1676	-34.91431013935784	-68.73308469580331
1677	-48.64550343907276	-70.19802872987233
1678	257.9112548168599	-85.67977005444638
1679	169.32412849449318	117.46920046779931
1680	270.4421686705856	182.25789155504611
1681	229.71715086523736	-47.88720481717405
1682	271.33692058774477	193.32663786098698
1683	243.1778577162098	194.1504891916174
1684	223.02642926928377	201.8891690955181
1685	-7.47254910498377	200.94100422176163
1686	241.19069257705294	184.74648427164183
1687	269.96478976498366	-6.495042800215003
1688	196.6016221082546	-213.00946110598423
1689	23.84381505847972	163.73547323275346
1690	-11.158045156120835	105.71206983601145
1691	228.90553605779954	176.8897604952883
1692	258.38257142664463	193.56486691385112
1693	226.3924012576952	-237.39874644740556
1694	252.40369072361085	235.38668057377043
1695	226.97953347169027	183.79159525607884
1696	251.20841228295708	137.7602161913773
1697	218.73977063577257	265.92799288260244
1698	-51.86614601983145	179.7451150124914
1699	290.86881537795307	229.7449712792048
1700	216.8010599478372	-128.21859065533664
1701	230.56160032932613	-216.5269257505514
1702	-89.02499132248818	-21.085471409679812
1703	283.6733254258636	126.02603160078814
1704	219.4342878700661	-135.8494521811864
1705	255.14316393446416	189.1956114998613
1706	242.28641544124605	187.96839020170455
1707	202.32449617950982	209.34984562085015
1708	231.3566450013434	-52.66489877361465
1709	251.44113310953117	192.852689721788
1710	248.09839664744584	-26.232360912881177
1711	201.06195340788574	248.93351990865048
1712	228.71864985740925	224.59740772011503
1713	253.32359466773835	231.57066351951556
1714	228.25577491590175	270.7649164218963
1715	290.6480398252585	38.38567680525989
1716	238.07612830593035	248.49855822093673
1717	236.11584966888697	288.8141812251438
1718	293.1308509560653	34.12951483770786
1719	64.28151676505243	259.9025414361855
1720	271.9226744609414	41.191159902509014
1721	227.913367474195	66.03718197866976
1722	246.25371029440774	235.6527919527192
1723	228.0280610275423	18.682361392939015
1724	281.7853351304558	274.68691931592923
1725	225.484888378237	238.5158930536072
1726	52.60611293484658	236.44765216330035
1727	278.53517289338726	36.87205716249923
1728	286.3468667076572	250.7853992513493
1729	291.86346384767666	36.6181449691083
1730	278.5617167400825	37.21836692554933
1731	52.467080105567504	31.210973383310687
1732	215.1071563344935	42.650235836322025
1733	242.5568152171125	17.504068385581007
1734	212.6103377743282	186.45162455106328
1735	240.51065621121634	259.3944028268998
1736	226.98926868732062	14.24228165590219
1737	233.31794468318247	48.49968260577026
1738	244.67166739115945	259.13022395975145
1739	244.75942174418415	35.1900938375511
1740	257.1856357493641	267.5548560360118
1741	249.63260991679113	55.83729671230253
1742	212.6872743595419	42.57047292524615
1743	247.2252270908533	250.06746884843756
1744	260.20953107126087	286.83455128421554
1745	270.6832111991811	57.397106438604226
1746	296.0352422265163	252.8084670288979
1747	291.8788095477032	66.54142569564286
1748	260.7521581991216	253.90429058267586
1749	293.9612509940008	256.9406415387041
1750	240.1383382878676	23.750024542720766
1751	31.30842253790007	36.30048033792576
1752	66.48463376442817	260.0415418134179
1753	304.9121385758265	53.31834247562384
1754	256.94558760887713	250.87368454639397
1755	273.22146474044405	48.31702498974846
1756	284.00775313125956	56.52724502246423
1757	245.2117677495663	7.16162524762575
1758	262.86545678008486	58.02475233417664
1759	281.96472452718217	32.89354028863494
1760	-1.794080344244847	27.850765525588386
1761	19.023084162519027	275.21080364816714
1762	282.2555636891352	32.49017036542665
1763	3.1753542740891874	20.157373662193578
1764	274.99304076312967	35.73012208408164
1765	299.63101839843114	39.134487977136814
1766	244.76224202724006	-10.028768127295209
1767	51.306334722203246	36.83634255262393
1768	268.1497695844839	267.73059410624097
1769	-24.038302874208455	162.9224850813073
1770	-18.208283973628298	20.52578185624293
1771	262.49738549229636	282.0824318950163
1772	248.11779181255397	-13.108859722726294
1773	-49.80128168358686	-121.3422312854311
1774	35.32933819739415	278.84763349444904
1775	22.278337627880603	36.12307979377027
1776	255.18421336193362	28.379133482528516
1777	-42.40823253335195	255.11171150219798
1778	-4.512790802010869	19.84945357070859
1779	233.24360612331986	17.805123940256806
1780	-35.233798063422995	-28.707340313005744
1781	21.960316699233218	-40.43099378208545
1782	125.5919231697595	235.85769738107862
1783	-27.283277502737704	-31.825802286913643
1784	3.3476618341973534	265.2251742166387
1785	12.799322873153557	44.59893200829998
1786	-31.937836957993383	18.25811028054278
1787	285.5578068956153	24.21218451522995
1788	253.57113326420128	244.30375664452342
1789	38.915153817697245	224.6898657997995
1790	20.782881379334896	30.95716503540558
1791	245.9684981891596	-83.30836111251135
1792	-13.446922729832522	-94.1888651335527
1793	4.737589563846228	-5.317834395392708
1794	-24.54843416336405	28.24859171837349
1795	215.45060180191993	310.8608466044683
1796	29.021586735452757	20.609988934656513
1797	232.64495733482087	281.2772236358688
1798	273.9307814037411	2.2886998038087256
1799	15.857515255599267	-19.87596201081736
1800	3.9264234392233703	-39.56948831070973
1801	235.39842229219684	6.124798111771852
1802	314.6473320944236	-23.439333188906517
1803	29.32542405915433	-110.97345104031493
1804	239.20990787773977	-87.97947424822362
1805	14.974030314798085	-2.189552664077894
1806	289.3096225794326	258.8192037977448
1807	33.16930174012728	-9.571652199906595
1808	-5.175609921955825	243.37117688009894
1809	266.3608786464132	13.992441395228454
1810	-24.000452732356905	266.1827092730739
1811	308.39107300148606	23.99355639306181
1812	254.21971928602497	266.6836187712339
1813	-30.776289686150818	277.18557357066055
1814	244.0468133181655	281.0292962663483
1815	254.8282564181596	24.32474590802333
1816	-0.9356835443435614	0.03552992008962974
1817	256.95579675257574	16.8605245563445
1818	16.601724156080223	232.04881632172268
1819	282.99650335181025	56.57823865525364
1820	238.5373343060301	252.4265012345352
1821	264.89455474506093	282.06279748083193
1822	280.13277140015316	9.454422734654614
1823	258.6995546030371	271.2347910192685
1824	-32.092504030641734	270.7025298012014
1825	253.91293777551633	241.44019824073476
1826	250.3751001062415	168.92012567344122
1827	298.100625503587	258.089622282224
1828	278.77433723043754	289.3614473071118
1829	260.6055055623268	289.1832634464423
1830	283.8918930442039	273.85675630612513
1831	280.9527281764384	302.94875807626715
1832	221.47129849646336	282.3844453157971
1833	226.34302400638637	44.45050451886755
1834	252.9958676081537	250.5927371886634
1835	268.94827275556145	27.506161651467295
1836	284.68684367744765	302.4176142355237
1837	243.66891398669463	270.8817447451174
1838	49.10779686601751	263.84963425333274
1839	262.80761359393375	267.4951017970386
1840	-83.64991173728788	322.1442782194879
1841	252.35715418574208	12.410075430567375
1842	230.2420835589447	66.92960670790788
1843	273.5531251761646	249.02928520605212
1844	298.92062623136144	277.2740182263044
1845	304.2759069610193	-99.35573545343603
1846	234.8915330089668	259.3524330619613
1847	214.1326091186973	259.8967635601706
1848	255.67204493290157	253.7424888434573
1849	238.60400856782735	293.39074435290445
1850	7.389321201698962	-28.674994690505756
1851	282.71637978457767	297.47153111586954
1852	-20.988121417456725	270.6903515395037
1853	258.18870024038927	270.69348572884667
1854	297.22871143129163	-76.82757842173636
1855	287.7940171070224	-72.06668229322264
1856	-31.120453003382266	272.21173586773494
1857	281.15456153372554	272.61149266985495
1858	293.6214347800068	30.09084539643277
1859	256.1308138086893	45.01956147683245
1860	304.72020587760045	-95.45268992730335
1861	297.227170718308	246.04533110075272
1862	-46.782544621960895	313.40027306206485
1863	296.8658918789559	263.24567014381194
1864	274.70026986003336	266.7937057904944
1865	232.47259411594735	21.124127241493497
1866	268.7178472822122	-25.810238639059804
1867	265.17982262559985	271.8770266823075
1868	238.8781559381378	257.7871833583429
1869	279.1224496766619	29.82575198379402
1870	281.95965430973155	316.0187841867405
1871	239.64678241418395	-24.148369680013218
1872	234.6966877298232	249.45837426813767
1873	246.07446519865144	257.87734678390785
1874	200.76656456526007	-102.92102970710725
1875	264.7459754995666	256.56836011622573
1876	228.4099800629592	267.2079066113361
1877	253.69368905241043	-5.699801088900202
1878	247.3191354662514	241.7191432973722
1879	275.9204941577881	292.09824321657743
1880	253.3365419103751	295.9436226223153
1881	-60.661682573720874	46.989005136045705
1882	240.74121984771156	241.7328024209823
1883	267.86686127883985	48.56616145056719
1884	243.6602945734587	4.033995484877138
1885	8.605837240588741	22.316623925524468
1886	246.5782755470688	243.4102771617481
1887	227.053356883149	-69.25384972342525
1888	59.488465180505784	255.6889183672171
1889	232.82191107161748	262.6430921085058
1890	247.52121334185995	24.23614417780314
1891	236.44007988092238	294.9027281634682
1892	281.8958263695562	8.622868545691887
1893	238.53993503052203	-44.44291310924534
1894	-22.13430695659595	23.086087585774493
1895	29.079915148731033	277.7056383924497
1896	15.660827849245507	10.064278889970225
1897	135.70987466127352	-104.363399639778
1898	32.89864384244447	134.757628276275
1899	23.811309427242733	278.3571238158505
1900	30.284981778112382	173.52589922443127
1901	230.16362540174924	21.527106681073903
1902	237.81356998763476	9.889978411443579
1903	270.7586326264003	-8.503183868773903
1904	286.81033029568476	7.757115298263031
1905	-80.84699348139071	268.77540910104653
1906	285.1341789985278	245.64642880713455
1907	265.53964502061183	237.66216523255562
1908	257.75189149466405	5.745654794125073
1909	220.92145645126664	1.8897833979068963
1910	265.15337266980873	36.49634458612775
1911	236.7691182428072	280.66253330124033
1912	268.62082306062905	260.20269477141665
1913	267.27355306590306	264.0457722283711
1914	260.42514920908536	50.38362582274854
1915	304.29090486988315	21.631995774744667
1916	271.79011229636666	293.70980195435527
1917	293.9383284881591	-56.383630282576895
1918	29.45602333803282	19.819776515364097
1919	24.779671330105472	167.1982187426373
1920	283.35759541135195	27.108220949098197
1921	244.92571850358007	39.26434435122192
1922	287.4770963580412	38.219703149228394
1923	264.2629259387292	256.40635650164256
1924	-20.718126278303743	36.816342808033454
1925	249.02704950461444	282.4655526515862
1926	299.7585007771721	259.2794170197285
1927	308.53826656639603	246.77709714118268
1928	274.16572137919934	-88.41382847138586
1929	-29.85097299367179	14.595641507346087
1930	270.8117633370001	11.100709605913266
1931	293.2036491522229	151.1601188718389
1932	260.8215374980481	300.38614645249373
1933	47.05180890677073	13.230454160639184
1934	237.9178917686785	58.181533180367865
1935	228.73646880317654	-33.72955703462131
1936	255.66790516752587	24.733375765564134
1937	266.2632078911606	255.22259017680597
1938	278.50661652391955	290.8415175744268
1939	271.5210780483553	20.09822526784876
1940	306.31366265247675	280.7919539958785
1941	-4.508436136036053	18.172559749358854
1942	242.1896590042656	276.87039474993423
1943	-11.533638397279788	44.98435495112628
1944	256.8945894369094	253.5562251284238
1945	263.4161599647357	38.14906668447085
1946	39.853980064761004	253.72285487723929
1947	1.5174953168936867	-80.5575370106285
1948	1.70429458091796	5.541831522396677
1949	-41.867762226875726	-54.158556021081495
1950	280.2603680918861	46.7391623401615
1951	240.09011064706414	-21.957672273891873
1952	-11.376070800787147	279.12568394682194
1953	31.531969296789583	257.6988883100281
1954	256.99884231305134	-35.534850948239935
1955	287.3942794613034	261.0473566181381
1956	39.70678302822151	-19.113025388563543
1957	273.14705770244836	271.0731691863522
1958	19.874891352501777	18.975573071197346
1959	4.190307344338038	14.570992602503068
1960	265.6463773492534	-48.76163965024536
1961	280.31775242076054	-8.332622407945351
1962	244.3343350164717	-11.898554200525467
1963	273.9582503242241	-6.669823773276946
1964	19.111111703384253	259.87685710428866
1965	301.89597621684777	24.365809775883804
1966	18.928278030412955	298.69897569310695
1967	249.08870338930515	273.59745196447307
1968	22.804731751403253	22.088240498164893
1969	230.23003918298352	220.33170399488102
1970	267.0357587911667	265.17324695474645
1971	270.96548843301457	267.2984114450464
1972	257.6955503024144	45.94419711511284
1973	249.02766634394763	20.935933192761624
1974	58.21730887656682	-88.40346314571704
1975	300.95197654623337	54.67486986335442
1976	-12.642789781390618	254.2174165461185
1977	32.106858211480045	256.41759710969933
1978	259.2209810094903	35.959917392220746
1979	-0.2139439273077386	43.17728977660923
1980	29.8153250203398	22.64883203917489
1981	36.51432165588142	48.891550991816246
1982	11.66132423495246	-79.24797265563825
1983	-16.78674493570128	-19.431244994617884
1984	19.951923346038782	55.918723287068474
1985	273.6789031843375	300.80879786399623
1986	270.43366343740456	261.2510577790981
1987	9.66736321799992	57.71877625798953
1988	282.6822611984902	3.4686817378438093
1989	271.2586767339777	-97.54898551858152
1990	25.24116146365742	65.84269037121692
1991	238.6741279425234	59.23269768740582
1992	-6.132078645532275	56.9629492310963
1993	35.02143819484732	25.985952148562035
1994	237.4822302627552	-28.968649837561372
1995	34.31264903434351	51.46875386914212
1996	285.7041746552872	55.36575629546863
1997	174.54267233298728	51.97977327087088
1998	126.52404980389689	12.755377431353992
1999	257.2369789709973	55.63121221746056
2000	-29.897901298680566	13.783684056650117
