Environment: LunarLander-v2
Agent: A2C
Experiment: gravity_experiment
Parameter: Gravity = -1
Time Taken: 2295.370215177536 seconds
Episodes: 2000 episodes
Max Episodes: 2000 episodes
Reward threshold: None
Episode	Train Reward	Test Reward
1	-214.34695427714706	-646.9493230813549
2	-133.924457436234	-398.21358473368923
3	-116.06174349151497	-666.2582147556698
4	-181.8818892394524	-565.2456039052356
5	-104.923887092936	-387.5540273278415
6	-111.82080321534875	-535.0841507230109
7	-13.14807751833159	-708.8843414627925
8	-334.15375778839257	-655.9059268192033
9	-96.72389590551111	-547.9921989936512
10	-76.29202300025453	-536.2604924468178
11	-283.61137431377057	-542.7845247648454
12	-387.75034890093707	-296.7723833593642
13	-303.90305571090545	-387.4905758359139
14	-161.02971543427884	-467.9369239029456
15	-313.1720840004597	-344.90822280983315
16	-153.89025778047696	-471.1068103284531
17	-199.44956616646175	-446.8437181033483
18	-174.68687396873264	-740.5539935770521
19	-234.58609168347616	-778.6121273365395
20	-158.20332611026208	-496.49342648787797
21	-72.50680571797571	-466.6674940912183
22	-103.21659950900226	-722.4832891796739
23	-422.4183772615696	-460.74823998778936
24	-197.48188678383178	-482.6886047581435
25	-183.06284217278773	-463.7702245749231
26	-323.96896611411836	-115.15669896841369
27	-309.67117740228844	-99.12506226341681
28	-93.08304163828927	-25.792351873580202
29	-108.82855315579101	-42.71285782046161
30	-148.26303118669213	-311.0458378845585
31	-109.39645991349478	-17.57816427522006
32	-144.4828460123898	3.571352214143758
33	-130.13020539309832	-479.10238869916697
34	-86.8200645014882	-610.1061085735519
35	-156.26745649408613	-351.0944729606384
36	-85.573814779124	-287.62006215201393
37	-388.9192598441805	-828.1661439807781
38	-93.07483082145883	-759.4665476907824
39	-103.81811738790877	-288.5470481725558
40	-110.41542381202662	-714.0868656016492
41	-42.0513194268579	-602.9684688521772
42	-352.2692483305882	-389.7629242486073
43	-209.07433498291226	-710.3882647268923
44	-88.27763315934602	-894.2561462783497
45	-177.8261208164928	-345.8867921647442
46	-230.0107223142084	-783.3426023621255
47	-78.24902100017647	-630.6204733295481
48	-249.97143585356784	-717.1294728636216
49	-57.61981662917235	-662.2349585797223
50	-137.1790044337236	-546.9066500001481
51	-206.50751196091937	-508.73452902664144
52	-114.1881289395514	-656.5779885169485
53	-88.867080173369	-820.1760908007193
54	-124.31460406989443	-649.2070992084942
55	-86.99473110408613	-473.7915972682704
56	-338.0666493813104	-686.9540105493907
57	-371.4269392521634	-598.9846894864223
58	-177.51546710135443	-553.6762755551424
59	-182.31837969943984	-608.7096668454737
60	-79.43913855163086	-639.2723087182493
61	-131.9264165074798	-626.2200449547922
62	-380.6601220129603	-633.8638594247809
63	-310.76697575095466	-887.2198362819562
64	-100.89073948955044	-675.4269217193097
65	-216.42332096119674	-687.0994268433891
66	-212.28653979762376	-374.0792075355026
67	-197.18552990665967	-712.7929257941527
68	-233.48339550686106	-77.48471894568345
69	-159.5452249817446	-765.5037301188453
70	-109.6081299556227	-596.4463890038595
71	-130.8962765498584	-843.1206137146664
72	-18.259898002635467	-868.3303115754073
73	-74.3871301927326	-2269.649998895856
74	-280.89891426684835	-427.22772633104444
75	-130.8297373995446	-777.2784943147904
76	-77.52522444285658	-977.6617220648834
77	-84.98689369586504	-179.70064147382652
78	-239.810256005771	-738.7784518909737
79	-148.34605400959606	-1219.4760465209583
80	-159.01682490805143	-1650.4335180211433
81	-112.46305679860589	-627.8416667807321
82	-133.30007619252672	-705.0353027727406
83	-100.12304571428422	-1041.515583389276
84	-147.44114541192477	-533.5411385131281
85	-114.18885837434422	-1152.2086828517542
86	-129.34532275315485	-677.5503368657236
87	-316.55581095438606	-1303.640824834256
88	-290.63456075922227	-1026.2084841045194
89	-114.74932090287638	-950.1012633094863
90	-39.132313421766845	-1697.0471480616213
91	-74.45449625714267	-1165.4518565920184
92	-243.31262767067366	-1504.1525813397457
93	-223.70635718619798	-798.8497940033736
94	-181.19295522620655	-1166.5041591401991
95	-206.68960058680983	-1127.283320967489
96	-84.16805381655303	-1057.0538361274257
97	70.06988424806812	-1601.3054783215118
98	-92.49120192277385	-1902.6454796856376
99	-166.81946488439723	-1063.0463395142383
100	-422.616621152587	-1409.6628047059673
101	-80.90642219773267	-402.1655425532804
102	-48.70330550941035	-507.00144281230473
103	-105.20951575129516	-885.793508188618
104	-63.8287699457407	-452.0887615460408
105	-329.44430257800354	-955.0272490865458
106	-78.5621599382913	-941.1486332353145
107	-244.53906197370986	-1088.9946072871528
108	-197.84109654732413	-1380.2686774415204
109	-114.67058694627373	-1230.0170207222905
110	-100.34157920242501	-983.3270027584089
111	-434.322154075514	-1450.8018939593953
112	-339.3480790580832	-901.8880048539069
113	-95.1970129333223	-1375.226957016162
114	-51.849339318638066	-739.6365804812806
115	-57.97521545454965	-327.26831344464046
116	-71.6156450844999	-436.1337343675878
117	33.639739025108724	-613.2606223793891
118	-38.70537627383773	-234.86227069086846
119	-60.95617553653144	-187.9429975317786
120	-208.94692053014364	-220.09634165972295
121	-66.85166252020426	-295.2829693949757
122	0.524598998975307	-278.34672561438697
123	-80.03657427288415	-331.96861045647654
124	-232.74882580981713	-140.71188414490396
125	-179.95742301273992	-265.80287298851636
126	-72.835075113855	-11.794911799100731
127	-68.23539439728717	-313.5875637038488
128	-157.121453044316	-325.9116649869359
129	-71.86190401295087	-239.05542302076407
130	-69.85810623808557	-314.9936003275178
131	-128.97554924792507	-248.8364722035617
132	-65.36284935254663	-348.5660389399634
133	-107.65914254205623	-448.48088847470353
134	-181.57060599984095	-233.58874699955896
135	-48.7311999528136	-917.2415020648184
136	-106.34365585949347	-893.4963029952092
137	-121.79878877816589	-909.7484369816486
138	-83.06714325754999	-966.4547417838022
139	-295.3278423861151	-957.466999942351
140	-66.50371076028281	-1078.668275028925
141	-265.1141788939647	-1165.7556717103066
142	-31.907601309605454	-1250.778099907691
143	-129.93938898311876	-1267.2316265225743
144	-89.92205792820133	-1267.290568338269
145	-26.37911763696391	-1453.0080753917582
146	-91.43195833274012	-1495.4069326553836
147	-231.77797201605483	-1668.0282333115192
148	-89.04429859297814	-1447.9406771093923
149	-80.62537040482553	-1687.769904586319
150	-72.23762528302773	-1832.6172479367524
151	-249.8158125829109	-691.223936384046
152	-108.14075935962893	-1493.920098393874
153	-156.83274315045435	-1369.4488679555775
154	-211.3730298528606	-736.8956907667911
155	-107.39660712876174	-1164.7937678043118
156	-75.44120660887674	-1482.8574124787826
157	-12.005217565275586	-1616.304090319374
158	-97.05850987817027	-1081.8312451664924
159	-86.50493647706075	-702.381980495335
160	-41.61706012462234	-844.5934586846042
161	-48.35720537440982	-673.4298161857508
162	-101.75353991986829	-1103.363215338126
163	-30.419784788277866	-1204.6291868667706
164	-49.61520357131963	-1101.1133843553553
165	-327.60629815229447	-954.9820946591644
166	-319.3088221195734	-1199.4661358652609
167	-2.9893001461424547	-667.6113182392946
168	-179.14120144114548	-1051.8312624330824
169	-103.4763961509746	-782.8798054633708
170	-36.37687054902442	-897.1445322714445
171	-259.14835601978297	-429.7813884134061
172	-205.66876411364981	-1059.0665689749376
173	-86.68670910097174	-623.5522489101213
174	-210.94666523896467	-985.7210800908963
175	-17.80215778343478	-697.1525985831883
176	-184.3078044399641	-705.7817145052717
177	-412.84828631573157	-904.5174659866499
178	-320.89954280181894	-631.4372875533345
179	-368.96547953530455	-427.5141314836496
180	-271.06012973847055	-558.8387360518224
181	-30.41184866154525	-496.62656355417136
182	-74.29106244690209	-685.1488421086227
183	-461.2487660906912	-418.1342044296334
184	-160.37615576225363	-398.861908449539
185	2.676845484906039	-433.8907958319914
186	-279.3526948095214	-397.44775801240564
187	-75.00464296940436	-709.877719387431
188	-240.1883077729006	-816.7716762928479
189	-271.81716806734096	-717.5729586896772
190	-251.05597332564827	-442.61731810167646
191	-33.326945721933924	-485.14351707169703
192	-124.57030805550497	-604.4853044377544
193	-170.85340279355137	-448.7964207098765
194	-327.0219234704706	-873.6808429144869
195	-64.17049453006405	-620.063015008651
196	-303.386063921138	-452.2356834636723
197	-62.69990727061727	-515.4080061559739
198	42.17641186496401	-860.0648754484889
199	-59.3059684487568	-930.0804910754786
200	-73.32658132475846	-465.09042505739495
201	-41.409489540176494	-682.5476512967973
202	-40.42607548847782	-431.6552271505415
203	-329.3282219956084	-605.4113237752672
204	-213.5469069509921	-749.4223327843455
205	-458.605847638031	-689.0771911256726
206	13.345589937394253	-740.4663639853779
207	-354.2041381604244	-652.9353360613806
208	-42.62597784040025	-658.7209607601036
209	-112.58826658844954	-532.1111885965665
210	-57.930581497698626	-745.439777750378
211	-163.34483381005572	-590.2189273709489
212	-67.35783331091031	-720.4655582780072
213	-415.25076107454015	-629.5943406410888
214	-47.23511487930398	-729.6595908836703
215	-19.521005988593615	-636.7819141128069
216	-202.3719869439691	-737.8114829053015
217	-75.69136766105235	-708.6636802511371
218	-124.84746238680306	-666.5726185823119
219	12.25817096833083	-644.8330875482646
220	-440.6666511193416	-589.1851524325715
221	-246.41203925734695	-581.2592129782633
222	-174.33080784944121	-548.7566883872419
223	-35.639452802492684	-583.9705089704977
224	-241.11771692794926	-167.53122858872544
225	-77.80937572149	-48.36718732522469
226	-63.60124139218547	-41.604937449191766
227	-55.183829652592266	-116.81946327607395
228	-47.87968212955556	-78.72741904193441
229	-77.18475627295292	-55.09511127766596
230	-76.1783484850787	-40.064069253837914
231	-107.89632117258232	-118.01972597043874
232	-73.58367409931182	-110.43410111473618
233	-40.16086703293229	-236.10850941940444
234	-125.08992835629414	-77.86362316351236
235	-81.15714951412671	-157.0496717601785
236	-132.9853004994731	-16.167251261296883
237	7.396488811225353	-6.970520532775211
238	-16.160568584164835	-152.79275555718837
239	-159.1961599321006	-86.55595080441444
240	-74.42512384608867	-85.16204955421045
241	-143.94563586935982	-45.27264796110314
242	-53.966945011491305	-189.24768336015035
243	-191.01002540034764	-91.47545298353009
244	-102.7054915091164	-54.93938630216442
245	-33.31604395183611	-83.89532641859684
246	27.516239839149534	-24.92242369372687
247	-106.09873151221235	-112.27277219892817
248	-101.51630270199084	-62.12026186435432
249	-144.94495239942583	-76.59648373543146
250	-86.60187355426828	-72.93240237790235
251	-106.59777914926838	-115.79988965034228
252	-41.046114304287244	-109.73076045522487
253	-77.21180596678113	-125.92166576625705
254	-58.632674983330375	-36.60129980935153
255	-42.093787680583944	-151.0993117355698
256	-60.06753139114383	-177.0686417471449
257	-70.43595565651535	-120.32622238210304
258	25.972275771227487	-168.1686651512647
259	-25.835927341429425	-166.3944730196988
260	6.542511617542061	-226.3270523025809
261	-230.08869337651916	-183.65627392953903
262	-47.95579959652413	-216.79834609585174
263	-173.30920800208565	-254.71963020433344
264	-255.31415764111912	-417.0253579322375
265	-51.355380564477514	-245.45389745222246
266	-335.656201522454	-626.5447308693435
267	-6.165093130405609	-333.31573896895867
268	-250.98623575064525	-582.772220942283
269	-30.50661154838177	-630.7814035133773
270	-160.540177704786	-667.6626141167995
271	-241.8656425985339	-506.88999871326894
272	-127.02644616756176	-721.7778834949557
273	29.11183937886487	-684.2302547577171
274	20.075922249996324	-346.434658642746
275	-292.4403453676589	-640.7408047777745
276	-362.8548298557992	-709.9521726824734
277	-224.49440102542144	-964.1627375829755
278	-313.8371773146015	-943.2229498953112
279	-263.15581667257584	-1108.5264874076665
280	-304.47142476697786	-997.0406679097139
281	-499.5602234230706	-865.1205712400056
282	-245.39693951453825	-1120.1736045206717
283	-12.50842771277794	-879.4546777614423
284	-250.08155455331666	-743.4731440210426
285	-302.443919446727	-534.402403151309
286	-315.9520782730112	-467.4071535123048
287	-71.7712390230218	-565.2750522371264
288	-20.268951846742638	-506.6898582865594
289	-322.70936437637306	-451.0604762353371
290	-241.77610029323705	-281.39928672320445
291	-217.84255151765592	-255.3669386395619
292	-39.27214452260553	-439.14545123457214
293	27.789932102713394	-307.3347248619564
294	-73.13577506589357	-106.26452452685062
295	-10.564821726691022	-295.07051403004766
296	-56.55174032278219	-227.05077060488605
297	11.634053533936367	-306.16498456262605
298	-30.152038320582776	-90.18862018785428
299	-9.207681414953939	-189.73017262585194
300	-25.41504860581219	-206.0203483117707
301	-45.329724292920574	-110.55018712285084
302	-24.44503550196714	-102.01508576026235
303	-42.77876262791291	-215.01537301856052
304	33.3246289837754	-174.07484479945438
305	-76.0833608767564	-142.1398760575217
306	-19.04644118290119	-146.72316027082158
307	-6.971190488587183	-152.521306977239
308	25.601317521999306	-121.72032491353598
309	-126.53659686368712	-129.20040878615063
310	48.36075473923822	-94.40128061969087
311	-61.967373616238135	-163.9158556733488
312	-87.70365367902869	-136.82104274348583
313	-27.405395411632483	-172.94833524724515
314	16.13934864990489	-140.1011596801364
315	-57.88739310176449	-153.68086129846404
316	-88.23735064749523	-188.2965942754858
317	74.35993808873732	-126.2796950148489
318	-71.08524345774543	-160.34580581825435
319	26.171316740893545	-171.7045746285737
320	-42.92487421422723	-197.0936317348523
321	-122.99024845600748	-164.3509150885845
322	-79.89524672647494	-190.66808550471438
323	-47.65651218959991	-108.32077699139585
324	-88.17613489471609	-184.59813912630196
325	-81.9401677375489	-195.42205637638244
326	-20.308295265448507	-188.91733597129485
327	-218.33621488398114	-252.83422235072217
328	-124.94513803950446	-279.89637057357163
329	13.603979096028437	-294.28009195969975
330	-6.081997763097334	-363.7795839485202
331	-163.55053842436536	-159.22639715332858
332	-31.61778691513669	-152.24483815702197
333	-495.2722313935722	-213.24490096126237
334	10.300418745315739	-269.52273773661034
335	13.530270950954062	-459.52100833986793
336	-183.08679458822598	-411.9001049213212
337	-94.13023354972107	-123.99561996062386
338	-7.339771206954779	-351.2846786254909
339	-37.78430468466365	-127.65073691542219
340	-183.33071732854813	-202.86468977300098
341	-42.57047813216394	-161.6665210946384
342	-161.1135864794794	-399.327095936335
343	-26.955506521429655	-423.78183868336436
344	145.00811073323405	-207.1720926436405
345	-98.26187959068784	-262.033441790824
346	-101.26901646845647	-223.8858569452388
347	33.19695031835653	-186.81661154056155
348	-70.69898558954183	-79.71927236335453
349	83.44682955167342	-372.88068216674947
350	5.531408225563624	-251.32996807847695
351	-40.909760830517115	53.170310332153065
352	6.994390164949522	-175.5320320362059
353	44.73294268304382	125.23978216568099
354	4.829748020129429	-119.17956137270446
355	35.99081307946523	199.78473046444267
356	-27.103914807733545	-95.78873627794293
357	-46.7484113990251	-210.25599216639125
358	-105.85508111257833	-340.64668250710656
359	0.5829786977477625	-281.3986609463771
360	-3.712214393110486	-379.6185103290696
361	-119.97028481888653	-95.25194974182675
362	30.4627513725612	-73.51736784076876
363	-34.27734813394872	-173.13705868069147
364	-146.9791906250215	-221.606182591892
365	-0.5471797293565004	-143.98616538923713
366	29.77291651919242	-262.11618850264483
367	-25.5726706595664	-156.24573429123438
368	-3.7566555107074606	-178.9224985596374
369	-7.282062172915232	-182.75853674165535
370	-35.141389701879845	-179.40671743270838
371	-82.43002324810377	-287.41881660202546
372	-49.84892417948503	-151.21048052628197
373	-95.56567270781981	-135.0885607091031
374	-85.03186257512613	-253.04403877880395
375	-137.18161861680306	-147.6172122481652
376	-21.28651382342892	-226.49280114153504
377	-124.59276946417182	-172.93208213116912
378	-10.807593092264128	-266.623584793591
379	28.6599862032254	-285.36502901681945
380	-194.82187364147165	-333.92746667061675
381	-106.81632517565693	-372.36277428585845
382	-140.58037086884457	-338.2127862826974
383	-141.74385936937216	-272.1186290811999
384	-164.8684739509684	-424.1583992554943
385	-186.9141103819096	-448.77943257523185
386	-124.10763779978825	-685.7820987323905
387	-150.35320317751587	-617.6528383663555
388	-271.63793923955683	-661.0656038636649
389	-247.4915686841551	-991.1131704657554
390	-368.39473877140364	-703.0336477086272
391	-327.18069926051714	-455.632168559745
392	-331.41930581044585	-474.49422035143147
393	-242.3202709636233	-573.7010652539803
394	-167.1858949631832	-347.18977713936897
395	-222.72027099243056	-521.1309626037615
396	-181.12808230308423	-321.01627979301793
397	-175.33777376187766	-245.205044712222
398	-163.96465559398814	-370.61500276820055
399	-275.74498216118536	-269.77124107283737
400	-176.50441015132674	-195.84066808337215
401	-114.23560238702427	-219.25969666880437
402	29.756498893026073	-158.39617979292706
403	-219.37786886177113	-236.40776155570262
404	-25.45933556394624	-201.52516377313407
405	21.781672313478555	-179.47452504713004
406	-193.19559231721973	-154.47536058838682
407	86.11730010086801	-87.6436806318151
408	-0.15050726232647094	-161.26271408241365
409	41.67732752732596	-177.63166282212381
410	111.0145373394905	-109.7716064823883
411	48.06577247696393	-123.32911962587599
412	-18.493528547820176	-106.46889768249025
413	18.899737716003386	-95.52018229704541
414	-54.758787461174315	-66.05461568253337
415	-38.960780906263466	-146.41940185740933
416	71.19663328941355	-131.62537693498533
417	-45.91635484617831	-108.57401431781122
418	-60.68052937437923	-160.8171888680963
419	37.08987580824129	-78.84695018767059
420	-31.659296107509036	-115.84421311243247
421	68.77010245913675	-65.16080583592134
422	112.92751011243281	-215.5526418513926
423	-24.421471679357595	-105.43937780031202
424	-39.02980414480601	-134.0954146192144
425	10.574665742461576	-79.33264208584134
426	138.96309915977682	-137.0192519906905
427	53.16906369753792	-88.91522051524392
428	11.182474452532261	-170.0874987226166
429	-15.355963429157441	-27.00789416362258
430	29.1589907111709	-114.03402512688984
431	122.53791079511258	-88.80018643563915
432	-37.1428705491593	-48.479298231060056
433	22.04406692093808	-130.72226654693648
434	13.62355905183614	-49.46264121930427
435	3.8840777241722293	-156.6500569627344
436	98.1253091381523	-62.065461690958436
437	67.22887139754958	-127.48923391011986
438	5.649012101767795	-124.69904253740768
439	-57.65647443036896	-66.0868725566473
440	85.84477898655231	-59.77178256464089
441	78.39474598749179	-170.25460319760683
442	-49.00566549604332	-156.96268516329005
443	120.42691961917062	-227.65873112254167
444	12.964201669783426	-70.6432623472635
445	103.31078706590965	-237.0331328989281
446	-3.6665940095795784	-89.52904452655159
447	-46.33689197907189	-64.2014395795093
448	110.37747512790945	-80.42995212944716
449	58.32746870760074	-215.6409273447444
450	-65.63534640794046	-85.87629522790586
451	53.29287014803202	-22.452827455100838
452	-13.092727208772132	-18.41168124016845
453	53.50272218735253	-206.31230234207072
454	152.0604420292791	-227.88995422685406
455	-29.72631543601578	-129.45907180279778
456	-19.162050061146502	-155.41331578988425
457	-47.78683650955779	-184.94510919412244
458	-63.13280659214003	169.61299430906345
459	-178.05236009128697	-113.21027107077543
460	-8.26084004665212	-63.98151015115922
461	56.98952049484619	6.172801717810614
462	-161.00114489111635	-159.6042968716726
463	-31.739331764741777	-170.48084357750406
464	-136.36701423016095	-83.36127784376441
465	31.99661990420026	-177.10882013306917
466	164.730159456735	146.38778224014578
467	68.0920934648623	-113.02188946717499
468	200.64892513025512	-46.88166457173649
469	-5.858794997897277	-162.89507937360108
470	-82.61325198363315	-147.69904667789916
471	-65.31804305112172	-120.72851117363052
472	-19.036335870650746	126.36803905163157
473	78.02644951749507	-101.68068618005186
474	154.54812467045554	150.91883772956007
475	-36.14588919225234	-145.54252489788254
476	24.885139333690802	-151.61438248492556
477	170.88273575070207	-247.21233571431495
478	197.97286482528102	-152.01099983707505
479	248.65233489661713	-135.59272593413206
480	79.40106219042332	125.62563305269066
481	-32.682186968865835	-81.25233962395396
482	102.02723719038133	105.42804594439801
483	115.46795415622444	-11.169227195182172
484	-10.359607067696999	-30.760755155087544
485	127.40098888024389	79.302344724705
486	-4.379010650226348	-132.66147370876473
487	-17.575807084642733	-184.27975317879935
488	-77.83753934372871	-139.85553859826385
489	55.413299131430804	-141.90106052616494
490	106.0909949065869	-75.17846078955614
491	-56.746427582227724	-105.48638201030779
492	-8.85228110102237	-201.51273444482945
493	164.25052052723458	-140.12484146828155
494	-12.045025387239136	-54.62230438639212
495	103.91218288096151	132.17470760083975
496	-39.132923025967315	-105.21592067605347
497	-28.09608065356055	-91.83073416672302
498	175.79602559317738	179.96592737276535
499	87.1773727284899	-64.74031644770825
500	-52.053103635264506	-58.97048119116633
501	-14.219766960909482	-111.87101693196001
502	37.3862987897559	82.34932339180074
503	49.3482121817228	-75.07639146061648
504	-33.09988614302205	145.1161967792226
505	-16.28691474769488	-86.66881152843334
506	69.55217214136671	169.62804186310757
507	-67.57242623002679	-55.66330200237992
508	93.18139577107789	-75.98554635696682
509	110.99435165484947	-101.29244748736679
510	142.90249442321328	-38.94436655273234
511	111.99532031552512	-84.24346138621411
512	144.91073612829166	-153.22477372989536
513	-21.99468666048334	-192.26248561341237
514	13.65730100227519	-27.52517620679092
515	-29.686624293032324	-205.21473478038666
516	123.31854093159622	-147.94455955201573
517	207.4476082271047	-140.70651206530363
518	-22.711044555720168	-251.49417619559787
519	172.08170342787633	-91.54001034699245
520	108.59573168497556	-189.46852609090772
521	123.5145633722956	-32.52177703130343
522	-10.274048312188413	64.16387169642805
523	178.80647981111986	-117.75427896942242
524	89.42427583510793	-90.1377364809382
525	80.39423628279756	-36.07183401254905
526	-28.378349222692833	-160.89155845800622
527	-16.062225135641825	-82.39880989795732
528	-1.905083535852512	-46.68410202593344
529	95.60321868818545	-58.704201217005874
530	79.13807675108933	-90.7592531668937
531	119.47474086981738	-37.97943221988819
532	-21.557604808382294	-127.33938472247523
533	-127.73839845062963	-160.60401324030434
534	-29.216360274950773	-86.55443750490869
535	-101.68258328869261	-170.41587779087104
536	88.41383339934553	-53.66271131315789
537	-73.76485891932315	-63.248094464963174
538	-130.32518209418805	-35.46368625587625
539	61.139549321454055	-134.12005010437287
540	-2.3601879144726126	-129.3991875117079
541	26.33704308054045	-167.42421119238122
542	152.93299436338657	-61.733211119880494
543	-53.104013335803955	-28.85333054242453
544	115.94363569539888	-83.59914624724055
545	-201.8065722693729	-48.80397921608362
546	123.60517716265596	-96.7376599279841
547	51.24889586036751	-36.24301631570644
548	135.23434910292073	-95.51841306764601
549	94.61122832346582	-69.33106331520142
550	-26.673815185919466	-72.54607487384442
551	104.26051119975715	-43.899078732143266
552	81.6982740900826	-63.024894454986
553	192.55948865656828	-68.2442852188634
554	99.67370659577452	-98.0894020307861
555	161.7621893699383	-81.73224416667757
556	-131.80363710512722	-121.84912372045596
557	154.43640502621372	-95.2305699329313
558	190.65721565758213	-108.72747953999476
559	-53.92889522050993	-106.2013980946317
560	171.57661381969888	-135.2719007795076
561	-0.6717030741132533	-67.06929155231934
562	193.92745956347358	-162.33445507471254
563	147.45742409131728	-193.29140906984662
564	155.32673903287184	-177.40437667814984
565	179.3198327465883	-159.81888315481103
566	176.36967371300386	-138.99141419517053
567	-82.02646493162678	-133.3195441022431
568	181.72819552045394	-97.21320215420063
569	-158.90594681350794	-133.07712745727696
570	201.0281149901423	-148.20149353359398
571	-136.09833329528638	-139.50914175174228
572	-147.96999995926336	-128.75772444004963
573	154.65612847231228	-177.89095743487087
574	18.937189458312147	-160.59074721278506
575	-129.09452980692063	-167.1536569399756
576	-67.16603871145671	-161.60711031807193
577	139.78916806356784	-162.00990173522203
578	-211.20164157349245	-156.5071242913661
579	-179.8643871219228	-193.70079562366374
580	-213.2583829578949	-169.58241868230374
581	-224.70013013484467	-128.51899955736212
582	41.756481631198895	-202.0072468260286
583	-56.0958582480574	-129.25803115931544
584	-49.89138478019419	-123.6141646769558
585	-73.67524533164503	-98.56333802740029
586	-27.46419143339539	-108.6086520965387
587	-8.743406359675696	-77.38954918648791
588	7.246384453452088	-90.52803755557584
589	65.73805379514309	-63.30015321703334
590	60.95597851244208	-73.23280084999062
591	39.354212357165174	-51.407252053729245
592	-79.38104188275089	-96.3167350357182
593	-34.932661393131	-127.81999476556635
594	-271.52144620360764	-82.70060535574804
595	-3.2816674876027316	-42.80840858829136
596	13.93135717339712	-63.8906410268884
597	200.49387627746586	-64.57747402524764
598	73.10552828507956	-22.178051146312697
599	129.95498636869212	-71.41069943546047
600	199.68651771023053	116.64442920065244
601	-14.112560407490221	88.21048821969269
602	94.75821679236574	208.6330098645547
603	-15.579757099343766	87.76839037873005
604	115.55122687335562	117.61510962220628
605	2.5749224887685074	90.78613820971012
606	65.81025623971843	-144.26334978469532
607	148.29087711031144	-190.79164727708638
608	-65.22254005785703	-44.08356486324902
609	165.18948593181165	-36.44804022270296
610	154.14223567292348	104.42882040720224
611	-18.137164513583514	-59.85947170386779
612	-40.016256783399996	-21.872026594871443
613	72.78834106957429	-50.08419714133114
614	68.0079614959743	-68.0350663570225
615	99.3095054076064	-40.109478957274035
616	259.32369598901283	-12.436663550499958
617	-76.5616869745997	-64.51841688259552
618	157.65125623899064	-79.38172661429167
619	138.79188207398659	-35.50490613229183
620	89.95117442683525	-38.66047953769208
621	286.40248703981433	-36.17460559928313
622	222.62926795361295	-11.682855810883865
623	56.212261021190685	6.373327903305507
624	74.40258831484722	-7.521447938085035
625	231.94855749660778	12.704525948392456
626	231.2144308640454	-16.377675416455237
627	-26.241022069277264	-43.515404156241104
628	213.48445801866345	-23.30857615935015
629	32.682733624109545	-15.51128062450719
630	177.82456972635129	-17.929671870250903
631	231.16173610653732	-31.45468717018949
632	100.16168393809873	-23.020244890992398
633	186.75155735910994	-27.105149086923298
634	80.67430293571604	7.34859798724104
635	57.579256667381266	7.347317124832975
636	189.14044767524865	-5.252390103188079
637	115.57432401953054	-26.538158363282008
638	-7.132147262707505	6.962364682263778
639	80.92223950878196	5.3250380666899195
640	154.18029019417887	143.2695170804188
641	-20.131977811896846	57.876607599399634
642	-38.898479718076985	126.47227922050953
643	-24.451838845482428	-191.06834884225765
644	265.8374043428613	91.72166645783847
645	95.80941036415813	41.074478032561814
646	-77.62328629309033	89.54553482424036
647	143.05867042792877	147.62003349291462
648	-36.7804701430928	-49.68822135328245
649	163.5641944551101	-25.84108992284832
650	161.44001030242242	111.45417381326416
651	130.18434526163074	-88.73370870008762
652	-23.754419066501583	-39.02483523478307
653	123.45458334315242	-26.668354196012004
654	-52.831465027206264	-37.92927254218263
655	166.17754284331414	-57.52661268907407
656	22.982350191854263	-55.606042443781554
657	194.6365330558836	-38.77420013658041
658	170.92611344900558	-35.23618559267595
659	-53.309004545942244	-162.1050729879062
660	53.94589427147781	20.17601916311728
661	162.8329923669334	-23.641420670974785
662	-27.41184123306863	-148.11778482276358
663	102.44770595856141	-5.616365837037049
664	79.11208856157916	-36.77201567940987
665	91.32726876418236	145.8749336498549
666	88.07305020512844	97.66279468528896
667	-54.62955256236647	-77.20718051515767
668	189.87272758913784	105.45841263170608
669	103.26631001238864	69.57774909900733
670	158.74739114427777	144.27056196039533
671	137.91197139161395	75.70049331216003
672	161.97358601746083	-93.56895463433689
673	167.65608100618488	-83.48700616731759
674	-33.42835134332722	28.398166733913186
675	204.1248760691476	-35.00712375006071
676	211.5301354239547	-69.4043722055857
677	194.6590751427301	-19.5050193081908
678	78.2255959273574	-30.43532653477561
679	220.69906804770773	-59.95179870914807
680	260.5513447349169	-78.58607738717896
681	193.25437405438322	-25.00118262677653
682	-26.887384896997148	-20.262468951020963
683	103.08297617081547	-22.96130041725421
684	147.0334144096417	-17.630216033081123
685	113.41284512805932	-84.17403935700197
686	98.83092885848508	-37.90500865243881
687	81.22595495915867	-51.71056510169672
688	104.32568160030787	-45.60316605875118
689	184.51954713405564	-49.192944428385395
690	94.45129537894516	-54.456163776658165
691	107.02386416512864	-14.70259268237967
692	44.06632851490335	-35.72667410812817
693	261.13739215280674	-20.688398435603432
694	215.24738023646262	-73.38773503263101
695	93.41479083474569	-31.499508958955172
696	90.06284571498074	-32.106287083453815
697	211.6152353522029	-3.1439607736725894
698	207.5897725427996	-67.0272482866403
699	33.56086451832503	-54.60255308362689
700	39.336469634821796	-38.18211493538529
701	64.01451494873334	-45.13737834138445
702	184.1564776147771	101.4652204287457
703	67.57957049910054	115.73706468134324
704	222.45713798229457	-171.35838521127076
705	218.20956514446112	117.64451014334117
706	75.31532273455532	149.62560429791546
707	246.82477091527335	5.910277624282023
708	127.34706442210492	40.716575902964095
709	63.016594893702155	113.35536595284525
710	255.03829216696502	193.44043332767217
711	209.82789980017375	128.3342247009878
712	210.80351660463745	162.78391543520848
713	117.6830316322569	33.29275804160465
714	174.5326955367084	219.04438897213873
715	199.27990988200165	189.22205120529782
716	99.47277542155012	29.838922285403935
717	-30.12895213450031	183.90772258325114
718	241.51495989255974	174.3114214915446
719	219.91343466754637	149.85590709536072
720	115.94584121554121	159.32503674724427
721	258.0008166314	81.99874836251892
722	170.90208201124727	68.17416694335523
723	24.151122790288184	201.37880957351348
724	-33.60991451701449	74.40683972551506
725	11.868261475008069	94.4719424869892
726	165.94589436951458	-22.57601768032106
727	94.1462208876385	64.08083516274903
728	112.21754614571257	179.3946677316897
729	97.31035559826603	131.86212373421452
730	93.60241304089114	108.87984002599225
731	136.90903223615513	-4.0142011962626745
732	121.3858823169267	8.177467941290793
733	166.98557096558045	-19.713768978096745
734	118.22897816487358	-58.647605213907546
735	206.2916879132129	-12.006558442229347
736	146.11210290417296	-57.88662992465748
737	-14.149812780131512	-72.86879571944563
738	194.5887030840994	-41.2013771188651
739	187.0431456104173	-61.79223696278696
740	130.31858506623172	-26.80104319434532
741	210.22241403293503	-10.997512818437071
742	-0.509695101227635	-25.479252524403453
743	176.35332737971774	-18.36543453796433
744	182.48256980333917	-30.062255714337713
745	255.76128117214117	-54.633465855967195
746	165.1175718468917	-8.432964742984607
747	76.09521443632768	-27.343963864824783
748	-58.017212555859714	-25.513294448996316
749	179.01916220501755	17.688396990037507
750	-23.641645190667077	6.928416530607674
751	106.68672660351535	41.82055493653294
752	198.19929974962804	-122.50902030740639
753	179.25153365912396	224.56950366643323
754	-19.523085000698032	57.958135154575956
755	187.07815445098933	144.04534109970035
756	94.80306208012613	214.09704379453956
757	195.6831446950896	88.56939549388953
758	209.342514897976	198.00942757040008
759	88.29041430164722	181.27316506237656
760	235.00458182035567	74.29995571480117
761	101.8309683687959	10.122844216723152
762	-59.53755002697616	150.16028477473515
763	-20.78006643697894	120.11873363279545
764	190.2518151512835	-116.57909686456068
765	102.7489580261197	-16.14451508919572
766	211.8859800615107	16.695530188419298
767	192.5970450584241	1.415302883808044
768	164.88237494777835	-26.277668217689534
769	42.53560117906513	-2.9470814838052917
770	125.49839509928358	-44.81923344849513
771	187.1437511987068	10.090657877276037
772	-84.53837993044739	-24.568357180385217
773	200.89438016890873	-66.62558189231088
774	151.6979965816045	4.182574973567547
775	52.457041640806125	-84.74781035154847
776	62.47581130501401	-16.249335868592617
777	151.69841207161954	-9.644068188753064
778	170.82553915970163	-34.422440069200086
779	90.06150121815362	-56.81137358011662
780	-35.84885790951826	-16.385684517562122
781	127.03334385018067	0.017454495722509566
782	109.29008137310032	-39.33618129394597
783	-25.930017149045895	-8.231711204293207
784	-24.761343487069624	-40.90677840043884
785	12.764961594969051	-18.416943942933305
786	201.84826644969888	-49.49172250911529
787	108.25886645592553	-29.446424131707122
788	191.91234948342955	-65.44704349219403
789	94.57499139729326	-47.79524289784043
790	174.28872369314172	-21.750051196130674
791	169.6084330974971	-74.9426965305698
792	-46.98018883812881	-34.659473941992836
793	145.8951648800222	-75.36169957731798
794	55.623972872815074	-72.66470060197578
795	71.1756181719695	-35.175071881713635
796	44.38226661038792	-48.37009110417771
797	-7.470576456674391	-86.92161247930541
798	33.541288208153695	-58.55262758474492
799	52.061222801349594	-53.22760401594642
800	100.42254670442148	-28.558167951277365
801	149.955068362723	-19.692383295232116
802	94.07092373519069	-43.20645712114261
803	123.82555769314511	-3.4561374797227837
804	135.2091729641129	6.7135611848733125
805	153.76416076018012	50.14855331661558
806	255.21544332980173	133.55530149908432
807	-34.77395117207588	128.97723880461638
808	126.65314874258596	211.197430893365
809	144.19155871911053	208.70310432548277
810	77.23688933257885	190.1539189939685
811	139.30008833849038	222.32601236736514
812	87.45853648139916	186.6973160675299
813	124.47848126750601	57.58034824670386
814	138.93438103658914	73.3223536251754
815	154.3072959311032	66.50510642426559
816	145.6904290556791	-3.5245740480381293
817	157.2143713574664	13.569967712062576
818	145.79412979493802	6.217198081356073
819	153.4960554384675	15.59080999184567
820	231.5248971197482	-11.725595512051614
821	106.96347211178241	26.025348005440005
822	110.78778442933188	18.012353094528084
823	103.67774231979361	-11.54533899438946
824	165.25289931260656	-9.12996258796896
825	127.2483365607759	-49.7329593135772
826	-23.968242727450743	-27.31990456149854
827	77.52222164342336	-68.14510339604473
828	84.73171603466112	-59.74043111407228
829	160.89223105904463	21.37434176197772
830	78.09679836110682	-14.68220823070892
831	139.64506000269472	-35.71543097072098
832	147.87892447096917	-17.889542800592046
833	223.709394633539	19.096765707731567
834	73.98389865254273	-6.70504080944624
835	105.24662439473701	27.17544957457649
836	98.6339958973613	-30.17001679314577
837	80.19337781697706	11.535407960238977
838	153.064057363194	23.59468368345846
839	129.697356746205	31.715906099309
840	136.35872350083355	64.61965106644304
841	20.18655080322084	76.18777097384208
842	125.62845227417799	77.04197428146172
843	118.00619123717433	108.27984951051516
844	134.97845787702119	103.79915323626064
845	143.60645068346602	82.58454897020277
846	162.0143809881168	128.03140412976717
847	145.24254613048288	95.51651941617688
848	143.2254656256844	105.14489065697147
849	128.68328253553412	92.82597168599744
850	74.12277007625497	160.29084480943666
851	116.89226851480925	123.34257878277886
852	154.41154068988078	132.9973997777959
853	76.041822425542	141.93627890391033
854	153.2814430712449	136.63412380638053
855	248.20168270012223	106.40526369918322
856	149.65746402714316	138.39539478855568
857	166.79648534136157	252.37058771425552
858	128.41606209855956	105.92358933904009
859	124.13000803246624	130.79010340964263
860	44.720104647273956	133.04992906420398
861	10.9776068625971	130.45915531417842
862	72.12218851844699	120.89354045358272
863	43.412404920692666	138.50978081616037
864	22.772781040494806	246.73787784835653
865	207.804310196334	161.87652606904297
866	-11.616046837694796	101.53911550935595
867	-24.39592255081361	149.84750020598193
868	-4.471712893931368	195.40238451631913
869	155.8229981346835	-29.364689788272457
870	110.03870800879395	118.16296493569126
871	221.74699695411425	219.94701284920373
872	-71.67761332065123	191.0323168602228
873	161.32625375153668	148.57955489775884
874	35.24640440269033	199.62990405293283
875	200.0225722821716	91.13533411260316
876	35.1457312364501	243.46319206353965
877	-0.15812500755995984	165.27621811366436
878	123.93231534164	-18.55175503217825
879	-41.585753999233205	229.5921080642947
880	116.26409531909988	231.1093100919869
881	111.86414113422393	103.40221611375219
882	47.95639262169337	186.7492990055628
883	118.49581645014133	-37.09220421953185
884	149.2836805450564	198.63887605842507
885	57.219756152467	221.4136072663257
886	189.167114086751	-28.394888408359378
887	233.89715977969317	193.92828355294438
888	256.75103553938493	202.22907015168732
889	67.22195915378124	167.18409813909471
890	126.11357565657069	-50.13671241382612
891	111.83275262650032	195.4419200613668
892	227.0704613090919	-37.672497369463386
893	32.899979230833196	-22.035830185080627
894	10.906898728339385	140.16551596894558
895	9.408062887019042	107.295775340769
896	-14.94191777325318	194.11796542555783
897	-24.11966223802294	100.1683515886493
898	0.09450165976464575	122.29221202461629
899	18.68514993930974	185.36574515620032
900	126.16768801991603	207.50459771370282
901	48.364886588130986	193.20159558069022
902	173.255459509138	-62.23625164115779
903	56.784030500335206	248.0615605538842
904	-24.07279622395491	-33.425003023114286
905	-19.548583019631778	-36.9285041792873
906	249.8250872194957	166.85678063921114
907	-76.70758131668553	195.40022061053338
908	-31.632344471127013	113.78438931100978
909	-27.556813343397522	224.49454223552536
910	-51.79622545889909	146.38678864477183
911	132.10215121964657	173.62272431708536
912	-76.94324091762174	-9.105402795334399
913	-23.955592757054603	199.20708661838978
914	127.04986110107173	173.11803879942397
915	214.41644449802192	238.36290261045312
916	40.22956235007601	110.52500210835221
917	-64.44591235563209	165.22404713481916
918	-40.14754507381623	82.05891985859456
919	139.99360369189282	-47.67528666204885
920	72.07830382780394	201.30015151229875
921	272.09462407050114	-36.21789083211267
922	2.3652620427553472	161.27391964714275
923	210.2924794019512	222.26484119432422
924	37.86614665065932	194.22044925329558
925	171.33811121815984	-52.54481625495458
926	105.78162910089065	166.78677325861966
927	-15.873462965092799	145.39684768483582
928	10.50655124221639	107.06383550642813
929	-20.699253581561592	151.22455672063427
930	177.53525986799497	-89.42072399487651
931	-25.776100379650842	21.57147263517109
932	-43.66916888301951	-11.789503830844197
933	-31.203675348963955	-42.68000306558632
934	197.75898784400164	196.08745752777196
935	154.36528759391592	189.6207897973838
936	-16.462216555872573	103.5610642839839
937	269.45691245383176	191.3993721968489
938	-14.824154133111449	-56.052351419850936
939	127.26315025446554	217.1119567604528
940	65.80131798481256	238.65541052158983
941	-8.709856789549349	16.9406201956283
942	128.8386259745478	-19.341782759817235
943	38.53787820558304	214.4156631993024
944	-21.77123048720381	-20.720248712531102
945	-2.64488033255752	102.85768328754484
946	112.70993569441708	20.533202066159802
947	223.8083037678697	-22.050569088581213
948	-2.968870486962615	124.75634630951859
949	188.7256758970783	183.94195021186127
950	144.65327970002897	-26.36092957092275
951	21.85839783598479	84.60956203242533
952	186.9434516790114	161.11106822220523
953	-48.743218219634	215.47220022941968
954	-30.698914143013155	143.54173170016287
955	210.87407567125183	240.29624460112527
956	-25.049116131313838	-36.0791105607406
957	36.591195557046774	-41.62750422603217
958	183.76674970983507	-58.80366640122641
959	-37.18206036286533	-1.2500497169200457
960	177.86568662746083	-89.51224056819267
961	251.31722040835925	162.83435200174966
962	168.66081972894696	-101.27235099185133
963	-32.406555466672785	45.4659459945409
964	155.40596439870734	-31.565630027410137
965	161.47818011682574	-78.76170442661204
966	-15.346282404939728	-113.35753309584439
967	22.240769451456785	-26.145574820297973
968	219.3988462112085	-106.57600685492366
969	-59.32030027894646	-53.87078539767726
970	132.21117496910864	-23.291579225786133
971	133.01617996076396	-82.81437172840168
972	153.74214902921378	-38.049835614701244
973	142.095015022522	-33.047021231854224
974	49.26011412482159	-59.52711084648307
975	182.37299348283761	-45.57492984888785
976	-35.17776878800396	-44.91415685408731
977	-60.89949304045179	-45.28810199839678
978	-20.12774706931623	-27.853273485125385
979	159.40561271838385	-89.8343191803287
980	153.82577732551368	-53.44282628618582
981	180.67311744211196	-45.98522253086923
982	137.59281579103407	-73.7327929229772
983	114.42730397819444	-7.5687450173533755
984	149.8256674297875	-5.210249967756075
985	222.51948253531742	-70.15543498307258
986	196.29339692660687	-84.64299910026136
987	193.78188912886756	-27.725160707565507
988	78.7604746468414	136.41691652403028
989	153.68675482012236	201.69895381001908
990	188.96288279717606	144.34421946187337
991	150.91373330628073	178.17931208659445
992	-13.490909752367969	189.72427171905395
993	183.29863369970892	-58.325898624516824
994	167.09901239790634	191.67366274070673
995	11.47884391912801	212.97397012393614
996	153.1147694690519	102.59247776169306
997	1.6643956191412599	-26.92206308782454
998	162.50221711228215	82.88123924769809
999	124.57477482187296	52.777785200944194
1000	77.0467354287516	227.14425083432945
1001	214.2580102654986	181.5350416994869
1002	213.02495543760006	114.96925914581581
1003	122.98539303351149	100.16530124503551
1004	138.69238483471446	175.97359394958372
1005	-1.6656665306454386	227.37749033473716
1006	-3.7332194830601395	209.2858039823748
1007	115.25139214792675	248.89166414170467
1008	140.50553362163348	59.263548125983306
1009	96.49397199994429	175.50076589806525
1010	122.34310125034602	174.3632434453636
1011	104.02559429791702	215.68976372289438
1012	106.8211504861636	95.68062727544309
1013	241.95043085875787	160.02139631057003
1014	102.34554559707956	130.82519622727517
1015	75.11231142610526	83.55929832762423
1016	93.99218375068656	170.3073269797265
1017	218.1304528466529	22.97455474544833
1018	95.90104086734426	38.75071789482411
1019	88.27751072221412	209.21167611956503
1020	105.53284512697662	41.81104183177431
1021	130.39912626523972	30.96798209911733
1022	109.45910451849676	87.89258783565177
1023	112.98127464513493	64.20314784798752
1024	149.43574030244585	106.60985185997747
1025	125.65387580145536	80.73329296142299
1026	115.14519711472174	91.84805215418453
1027	147.6364925625919	86.75923629216632
1028	123.50560707227238	51.47907726841737
1029	127.32175793840933	91.7665743891271
1030	153.51787049235423	115.18455215654616
1031	39.04936781525163	78.02557842056211
1032	101.45885255010545	96.83606001661164
1033	150.58123778617093	64.40414288991545
1034	112.2132447575914	110.60643291940261
1035	108.35819968145623	100.75543322984083
1036	130.67320232810658	115.18603009593103
1037	100.889635611114	118.66986900441258
1038	119.60844909501144	121.38362339231098
1039	131.38009104674336	114.23404888588426
1040	116.48544451838053	130.04591340562683
1041	145.43532105525804	101.43565485448029
1042	248.48251814375377	115.16926080547881
1043	141.2482854823061	112.52809062190609
1044	126.32142037814191	250.3214430452352
1045	181.3721623333974	108.62298518589543
1046	99.78744107779795	214.737727807735
1047	43.50931505442088	132.62398455008977
1048	133.02610750671897	133.33146969181587
1049	121.00566356663946	216.13432844376706
1050	128.79588261196955	115.98872428553932
1051	157.84143601428568	89.68611388303746
1052	139.0583297811333	108.39667366490563
1053	136.18981467017758	93.80275119331209
1054	160.95875653854435	112.55399595995564
1055	167.6569430447431	98.39959797939294
1056	264.34783801356025	119.93950016243825
1057	150.29619171512815	98.5594017887176
1058	164.7981002940942	116.58404642904848
1059	148.75768888438157	81.19360070620966
1060	108.54161875704523	80.67386413526457
1061	106.95269221714075	104.33201031628106
1062	150.07237262129047	136.53971295798388
1063	111.05117861768875	137.65943969695803
1064	121.27686460719603	67.31367043828818
1065	151.79655064996447	92.22331588307281
1066	132.29690553463254	116.57145232444743
1067	132.3908822854043	118.35687184218037
1068	184.28436118116628	158.97919673820553
1069	131.34038877558675	161.16441265399484
1070	155.59521297144985	118.50362532172596
1071	118.52643131363634	97.75559790014337
1072	157.38461088184042	152.14902231972567
1073	158.48909879243558	144.27612166564717
1074	133.53814155204077	153.51343731787244
1075	150.52388587981673	93.94699294446862
1076	143.24692190102903	105.30167292422657
1077	133.0609789516388	74.42748897105955
1078	51.16216959193616	132.0067077771627
1079	45.09092807433558	110.79591232446475
1080	157.07221318343665	136.21433095391018
1081	122.48827796536797	103.6619463040473
1082	126.40460167267584	143.97321276433536
1083	116.93774452316501	109.55773096589786
1084	131.42633922927556	94.49156061129496
1085	160.76277899443576	146.13910482856542
1086	167.2742600544543	57.75614655714071
1087	153.01447053629371	109.08649943726934
1088	104.880129798919	106.42685426519374
1089	141.51579901914695	107.87334652080314
1090	259.16408964304946	90.91074329031413
1091	162.81858895659812	109.72689839038726
1092	137.143287473047	90.5350275951251
1093	127.79630036938414	113.71979438658511
1094	138.96853261837643	202.33757292047625
1095	154.3317130326696	73.7157098121368
1096	153.04867755885033	120.56936530715612
1097	140.98911351479435	93.45167671253593
1098	122.9247885210765	108.2882739562032
1099	128.7859593746971	106.33967998079937
1100	132.98248792515795	126.70764714707056
1101	132.19623233494684	98.75152363631413
1102	167.57176635335185	36.13375294571196
1103	154.1536166671884	112.62801121373705
1104	150.7600086865379	161.07590805142848
1105	134.0850105581397	167.89337318517883
1106	177.2752525024085	104.24041832828141
1107	145.42879951152167	154.00682754642133
1108	126.7478526623153	153.52987592284896
1109	147.99639073991312	153.22573927764253
1110	31.87822450288843	133.15139476130338
1111	150.65441042552374	255.06508127567014
1112	46.284062719818735	132.79027526160579
1113	191.86403938234002	243.9680260922111
1114	151.83205702705396	228.90971307528875
1115	23.373771592481376	149.50709726068786
1116	33.36517240547903	127.86109354266108
1117	50.688595383050114	105.90977932658403
1118	63.61780266450003	42.446998252077975
1119	121.12018226829585	117.96888540621636
1120	165.94037878645264	188.53966226235644
1121	19.130704808507105	81.7827913613063
1122	38.21908869885155	223.8290417959625
1123	24.35121776413986	197.00752383416034
1124	203.47827917345498	94.83001313879767
1125	89.61988138117452	103.55033825205525
1126	222.1370144915869	5.059555286598524
1127	161.0457604257139	106.05856840386473
1128	232.81008083620293	130.62737773307308
1129	230.08832833900237	228.72233147714311
1130	151.420916580977	210.6600782515078
1131	27.205107029540983	82.36620146152529
1132	129.92953236533782	79.60965719689716
1133	170.2145292000569	190.07029754206008
1134	111.07095279565222	40.50473667519361
1135	259.4052564906772	-16.02023409155701
1136	185.2742199946983	-52.1300601613481
1137	122.45340744765976	-33.83187051031415
1138	146.15755275922467	32.68795623106966
1139	148.72388792656523	-34.290083269718046
1140	129.28763799148473	17.421714154448843
1141	230.18395558962703	-14.327008232656768
1142	162.52540590763	-43.52987267333446
1143	167.82888094274725	-29.031291577342916
1144	240.87749019545203	4.696257302732895
1145	122.60835195090472	25.35528337939017
1146	111.6531159233478	5.250591563777985
1147	115.24263966571874	-44.600710680382115
1148	113.84768474707606	16.574506858284483
1149	151.26317371067114	-54.61767627806201
1150	130.94232656709127	-23.47796509540957
1151	246.76773721765562	-5.797910478535877
1152	140.35007478973256	6.4816098570785545
1153	147.1994002254506	-23.57304495811248
1154	98.83534039736398	-7.01297214662047
1155	227.953397163749	-25.662612829210286
1156	100.31643756041366	-26.581439293857045
1157	132.55441326720572	-17.284649333553435
1158	122.03883528294334	-37.37331288477627
1159	113.86755095295852	-7.637322840713911
1160	267.3557622749397	-6.417633301725883
1161	135.77733320254853	-28.86807121028401
1162	235.2212358729624	7.255648564121775
1163	144.62875208880038	26.89326087541431
1164	227.7650824274652	-40.65830415453074
1165	108.19447491976466	-42.18854180114548
1166	204.0557661444403	0.6141906763973466
1167	104.67703306668626	37.18452222122532
1168	108.39759736584773	-26.039878905989077
1169	121.31647296188773	-8.11653357417052
1170	117.12851942542818	172.56170308185978
1171	243.96035314481952	139.46961526728322
1172	193.5035204001504	98.22322915408343
1173	59.79931558681106	206.3406730025325
1174	118.89599441056347	53.89144638082891
1175	96.36395535676606	49.09981823714074
1176	124.38164363707445	55.8472886499063
1177	81.21579341386209	134.2002355476193
1178	281.46034477652836	126.29413097659561
1179	110.39304259006678	95.4816778176501
1180	105.66084104057875	102.28574226605956
1181	149.25922848236533	147.00120890591046
1182	283.2450913123881	92.37129376866187
1183	239.36336435643747	245.09052309032057
1184	133.8222800386804	97.95524588857857
1185	259.33445616908375	126.08247221012749
1186	137.0080747610417	87.72207823556019
1187	89.10561856251135	75.42408431866092
1188	141.62309210312145	101.77487385015102
1189	258.4454994687072	195.80272106443834
1190	102.22788450852767	240.5405487059624
1191	26.927363000137063	222.4729686807027
1192	116.74171515644456	114.50834119051453
1193	158.61845491786744	165.95834921797882
1194	101.78919719226556	90.5914179726247
1195	96.70393816713802	147.31282805602055
1196	137.00077114273114	132.62460284902883
1197	130.67052800789673	141.38230015460735
1198	141.7311471162081	138.71070691053788
1199	169.98626615395858	127.38382185211539
1200	124.44682578694707	114.1990400614887
1201	49.861595909833	136.70309525514898
1202	121.52813682201622	134.3553158912548
1203	124.17604294280132	112.34892026008599
1204	62.01415593484205	127.45877703534308
1205	139.84214117638345	120.49611390638638
1206	134.10458028009154	150.33576718649704
1207	119.59108181314843	138.76247243359944
1208	129.77287623849872	82.9296128081225
1209	11.432963773371384	131.68267872511814
1210	132.74519280551903	242.24098901900692
1211	177.47402815378118	121.76232394342391
1212	161.82770332782192	121.46304364019669
1213	145.7927461832881	102.77379100085274
1214	166.15606746765607	147.1036485961397
1215	144.05002889475492	252.4273543225268
1216	170.63858808647436	137.706903851345
1217	140.90507849029328	111.2143831881028
1218	120.49591022282753	120.56449531023227
1219	108.12485321659295	130.65826742285725
1220	162.43643305650522	139.81303812873637
1221	170.1952762416762	119.18242043238418
1222	156.5902777280125	137.25824440056525
1223	138.9701677521384	116.06485865175688
1224	149.9736431089424	108.4030143485709
1225	139.74939731794387	-14.588820239469428
1226	161.96545456610292	143.03296469398512
1227	136.21498787696825	120.57695857232633
1228	178.5364127877522	172.86211519049965
1229	180.7711655819044	130.1953987589268
1230	178.72124071213295	140.59557004320354
1231	140.09335120234732	130.86312629132195
1232	164.09291779839182	119.01226060722813
1233	109.83729968693825	125.32681871133546
1234	147.10576209662787	-36.45835424503285
1235	120.04835906476546	127.95824628573492
1236	164.8002641880109	149.30114590130654
1237	30.02853618211185	238.22848573649347
1238	131.55944637038343	16.065791093273617
1239	29.024562670602023	232.6174472021323
1240	147.50845704331093	207.78377078356698
1241	22.094996380231578	-2.265704117982537
1242	146.26325641981143	114.52067174600585
1243	166.30512921749335	164.2703440514337
1244	38.561067033568605	163.64241350967424
1245	28.237444735036036	172.90994506517575
1246	22.54544371763764	277.49789579763626
1247	5.40419351109135	113.02386095957034
1248	147.3102734813328	128.3479689970935
1249	156.67913467427357	276.7411363205901
1250	71.38389506671416	249.3854951462378
1251	60.942792183302146	260.91773473691364
1252	52.784696781969814	159.99443038919497
1253	152.74302824055323	259.69737376393186
1254	42.89639712714646	127.05496015395097
1255	134.57690739769853	145.85380791963604
1256	151.96989969579226	75.02542671904787
1257	147.23367191073348	169.3872243167475
1258	173.38567938936575	159.8856321023339
1259	60.71050420279505	136.7718957084742
1260	178.92689225560582	149.7775963351938
1261	49.24404311744493	126.02089308021601
1262	140.6925492783082	171.54813483374267
1263	240.7638808084751	93.25975255517132
1264	120.49487853996222	111.94244109393532
1265	119.3732863667745	146.98101538461933
1266	173.71962565237035	88.36027885589252
1267	130.2442037061925	138.87855894342712
1268	130.28246526029568	90.9224177941399
1269	146.09657986561578	116.39679672718269
1270	155.68230640128914	134.35715959797744
1271	274.67603040754716	252.51727716367986
1272	98.08763521776196	134.87752050731055
1273	129.55070282348933	146.4466937789914
1274	148.03166177961316	166.8878735296771
1275	119.6602750853098	130.21975966425495
1276	147.8058677736987	158.67690133723647
1277	18.601864480860385	138.3827922368411
1278	151.84460325479023	215.3223863306613
1279	266.92271161464936	80.51031978456932
1280	165.7328649313526	226.79292019698224
1281	117.1883254146808	-34.03974514804369
1282	169.59087180177585	253.08548721501342
1283	143.45913173091773	112.15775273483142
1284	161.98021914160464	160.1187407320346
1285	162.7587439449216	224.5833544506393
1286	147.2268318461913	128.2718820967542
1287	144.3540571172824	132.1240873025931
1288	164.2395705867901	79.59296295065558
1289	258.57697815745007	238.11147135221518
1290	210.67049076575043	-26.188121883099882
1291	104.7424184866306	-78.06533674838508
1292	97.52533798303435	-40.69995945031779
1293	-1.7299712361796367	137.22033976286193
1294	245.54607522396796	201.9554559386369
1295	141.13033103766966	158.68500295737618
1296	136.3740919533952	-48.60201467234656
1297	224.52233414257773	194.1491491812481
1298	161.32360732947774	239.18574772620926
1299	10.261065708190884	89.21891549894052
1300	253.018963767614	159.7686955352874
1301	153.70368779128333	235.4371389836092
1302	137.35410728718736	217.08433131294936
1303	128.69461826557713	228.44856731318558
1304	145.76158464798837	181.737132421676
1305	234.6240101471806	197.54240689044696
1306	224.83430271307776	209.8769008353794
1307	99.3265492397357	101.84314361906581
1308	130.66897546678777	229.0546728592979
1309	131.43552946609	89.7924082397014
1310	131.20791131531024	189.73809404212307
1311	68.0074771331033	129.63002572460022
1312	122.8846613119737	71.88741873919355
1313	254.09473026779722	240.66863786470887
1314	112.7965717223552	223.1136600231119
1315	174.82774687215044	91.48531933542588
1316	137.2661831190753	-53.01716714067284
1317	161.64901662175475	142.35441176873903
1318	125.19858410617073	126.47846431561717
1319	151.1230146020306	154.59747738254958
1320	125.1229594723195	146.1978679118921
1321	175.8681336573102	124.78470978428152
1322	140.4817112743366	92.47417200960612
1323	113.98109270280415	93.75854900524214
1324	139.97659847109085	99.09901841394216
1325	287.2150288270558	120.06476749297737
1326	148.027733494568	94.8087927851833
1327	103.82210518244005	108.81697592655185
1328	127.17046574156917	72.2583252738313
1329	142.26231541157307	84.3955721560397
1330	143.99286171838745	84.04873636918896
1331	114.76627985801089	74.01378870147657
1332	136.3488738480187	52.01774738995452
1333	116.34985846101293	46.61165621998462
1334	151.3273055541274	57.799909995953236
1335	111.19374959369623	6.0054164985928455
1336	134.66254416329608	89.10674399425284
1337	137.95401830717122	106.85964848351205
1338	132.57719521301294	53.25404747735831
1339	128.84169506513047	26.38686441756097
1340	94.3450547429352	46.26559562044906
1341	116.96855697645209	16.33316769504547
1342	100.18278641485016	68.41439347187337
1343	111.12622666877229	26.827791504975377
1344	139.2134277763847	21.179157589294263
1345	143.1738831707661	-38.71639282316792
1346	179.75769182227288	88.71357775454446
1347	164.18021691216575	-31.683706404370366
1348	113.52127007383652	81.59221169701777
1349	136.9359759263558	79.87041454161677
1350	122.6782500153075	228.69609527261997
1351	135.5957546737715	77.19891707166899
1352	237.27811821515493	87.92376149487535
1353	130.27570845226938	168.82176572803812
1354	137.45866484201065	107.5678423458021
1355	167.81890211537706	134.0341697576317
1356	133.2745491634382	133.83266343861928
1357	104.90545119419151	99.7717743471851
1358	177.63106926498068	242.25313756327503
1359	120.99281278086391	78.02177904400354
1360	114.09120458344677	204.51614162484464
1361	162.5115915333121	154.79993644387622
1362	163.14916904649016	123.65064250507605
1363	155.9559771021823	187.16987491498006
1364	53.807778765208894	88.77028869958835
1365	240.43040106297624	169.33700537907762
1366	212.3647238895375	238.04894302613994
1367	-21.239125110135163	149.90616905953175
1368	4.440316404412997	156.1003362720066
1369	133.40524177782746	242.30128705077271
1370	123.4497963430656	184.08383828507579
1371	161.15484904416223	124.4353121517803
1372	184.06074783140414	179.6031978662306
1373	181.71780447216122	157.11460774853327
1374	253.50413403143082	136.07211438562805
1375	135.67354192324527	134.51957132243035
1376	158.92726121046002	177.67769555480095
1377	15.252074414886039	222.46776855568015
1378	140.65811411296283	129.08954811405448
1379	138.12573227818052	-20.811143807999954
1380	141.70594221776	118.95726748162156
1381	67.21188556257613	102.2624064386576
1382	-0.7851707772446304	106.61859302063762
1383	67.90132503287322	97.0004349586246
1384	44.818461212345625	160.06891680406983
1385	60.74107022523734	89.74206687668665
1386	137.83471013831945	99.10376318537526
1387	51.12169276926301	148.33371316625943
1388	138.5653131826333	163.1529762124886
1389	15.369733682300577	115.89460923472451
1390	79.72616824101976	151.36937513493584
1391	58.841325210367245	109.57514826583096
1392	21.294414321014358	133.19100515891236
1393	116.96270798201394	128.8051522743343
1394	125.56320749901386	140.39811040125701
1395	129.2829154481751	160.7052997550443
1396	138.6700773305846	86.49189153553125
1397	150.90219367832157	139.73526946911372
1398	100.95775960764648	154.47272679967583
1399	171.9757989808439	101.44026315276983
1400	160.44177130949225	131.77159836021215
1401	37.284356042896235	161.15607064992614
1402	121.3208585165453	126.36311829949334
1403	90.75646355975962	154.6158834842381
1404	119.59619100858814	114.82492066666744
1405	141.21045824024816	135.40217760814403
1406	136.23878160670978	126.28904645023323
1407	156.16759355816117	105.0689536104964
1408	143.3425782394711	121.68431317433766
1409	122.09500331498863	142.61244701642588
1410	166.19082112620973	159.91036632889382
1411	137.17179035202398	129.9899668689774
1412	182.25061152280375	132.94992358181986
1413	127.02575134402217	91.86378575092462
1414	109.93634255419092	137.999208171799
1415	137.21738106067258	95.07795663213747
1416	90.83985101601814	96.7711810764156
1417	132.59556512063904	82.72095387850405
1418	133.97327984978833	-16.703068290041415
1419	129.76427667851735	0.6915748683184657
1420	106.50273445799537	-43.37674817213603
1421	167.11439678275582	-5.882653406260533
1422	155.72919010410172	25.0832135414706
1423	99.00181824034638	-26.694170853244522
1424	163.52642968852925	-10.534279736559983
1425	108.41979928414439	-1.7262260017503108
1426	130.76460505339696	-53.462780217470836
1427	143.94431249379252	-23.178017324351394
1428	85.68839659186756	-41.093960173257265
1429	158.61942209309547	-56.134698994036846
1430	92.43969053512629	-18.149060111598203
1431	71.8350745176481	27.245786140078383
1432	99.66346198333443	-41.01408211717702
1433	104.2895995815711	-31.123324462810032
1434	111.02482329220871	-20.27069046034317
1435	118.48183997810571	-42.19277478405359
1436	104.18416231059416	2.170116042199062
1437	88.37584869815015	-18.02452485217816
1438	127.76285256053555	-28.535399629387324
1439	136.73479916522618	-33.40880176694991
1440	144.1312249324551	-55.7866289151356
1441	114.07754434706514	-36.343057114634085
1442	155.16308944258793	-8.983134303688832
1443	102.00196479453292	62.50715066677283
1444	116.56694310745067	66.56750144533716
1445	92.7443591464887	41.51968823066576
1446	175.85316168309893	56.38791045848751
1447	149.73077142705856	127.35195940145587
1448	103.93492064820073	64.3077681869646
1449	130.70634749185794	111.43232624502932
1450	153.6048710531794	131.6422220129147
1451	109.76881517335158	111.07482256476546
1452	147.05496072943652	129.59926130442426
1453	105.5489955230531	122.25439474755883
1454	127.56756576674701	94.23741084665257
1455	144.50721217145343	81.348591927115
1456	132.5208379532884	106.11063188708634
1457	122.1901365629117	79.05471918223964
1458	128.10201779106615	100.47406385380071
1459	180.23253387389153	106.24913540064135
1460	113.82637426803733	122.61448463177155
1461	128.2578380599482	145.3961107535528
1462	152.83791659266433	140.9029328748465
1463	96.96168657779748	102.46570443751031
1464	139.1631232363566	122.29110345195635
1465	133.7789578019455	133.99166737366272
1466	122.68336459771223	160.44826966864426
1467	177.0500322042226	91.87820673197744
1468	152.52635162903223	111.49572445558015
1469	134.5136473024512	135.02345897036736
1470	164.10510547971992	141.59833189537338
1471	170.98384037814793	168.66022098086773
1472	174.50912676738722	118.08105164097411
1473	50.504754461965774	271.86093144185344
1474	153.85662572606452	132.24763884605048
1475	158.7960192085953	129.42870976829207
1476	165.68432465481854	113.64214729312438
1477	47.42188727840056	146.97857541490788
1478	102.3115796774185	164.82108601397124
1479	150.804879388953	156.22498688939208
1480	135.73602305928463	127.79095798307918
1481	161.86815478802066	127.17814875336191
1482	157.44024229616875	139.39383667347977
1483	97.14169507624678	122.55321182673686
1484	113.63916433075593	116.62599363627655
1485	45.815311094214195	122.06589307712942
1486	4.834173966488919	117.01476411945318
1487	128.02751824027177	121.07003670172448
1488	124.26772768701707	127.64896065936634
1489	117.2623760986681	153.11979635958699
1490	145.24519473638279	145.31184886417893
1491	18.960290919754442	104.93457711607493
1492	120.0829593318691	100.60467791064518
1493	126.09948446967798	159.45556887936624
1494	147.42232031957593	139.62016398502422
1495	131.51881350317046	96.98653764087216
1496	133.74251857679928	161.96886122822323
1497	149.75751558876257	107.88394217581066
1498	139.22893628618277	48.36721127939737
1499	129.9485903293146	118.67436524075401
1500	139.07868295379293	167.64030356982698
1501	43.78162472310535	168.05732239485397
1502	134.9475868809324	134.68473254307276
1503	49.9200829294613	99.27735431238098
1504	133.57146883167016	173.74256083577
1505	14.003079329388441	118.71838773617706
1506	140.99122667095963	158.8846628444664
1507	74.0275909271557	179.99030676615146
1508	144.14838381777935	130.30807832881788
1509	61.565075640062986	184.51785313336367
1510	151.71924585034265	171.91294094680404
1511	171.85611915800493	158.0200085166817
1512	166.6026440961402	109.53001534591785
1513	78.23412527706066	162.56033482695273
1514	45.831965613766215	139.9578592660532
1515	46.443864159045575	120.59268239273801
1516	71.32700915319853	145.22075897002472
1517	51.32106505643438	159.73784896059882
1518	130.8950110046555	124.99638840965207
1519	55.07073488672469	135.29540638927944
1520	43.8973921973664	169.74042062087383
1521	70.3287405005905	168.34011767152444
1522	41.40300756756949	116.53496469177512
1523	129.03295137917004	60.85126108038645
1524	32.55552405429509	178.83596575069853
1525	172.0704000977973	178.15402719519935
1526	42.9525403853373	157.26434727237142
1527	56.70289754063546	167.3790872390294
1528	49.112591751113484	136.75703657539026
1529	158.75491811765366	285.2230360479707
1530	23.738168942939367	154.3314482048074
1531	166.66087595555788	141.26264251756223
1532	30.357732573404235	112.78891451819601
1533	44.5313753987366	139.6752197481643
1534	127.25203378409496	260.03329161970817
1535	39.60211944601619	115.81308870186939
1536	28.713004061088725	54.7935180824511
1537	161.02131005805097	142.6371844114286
1538	145.38015479844594	132.48185640011164
1539	91.7005339571796	136.4259107195765
1540	138.22434955702343	136.02713473294295
1541	69.686296069988	116.57129301508427
1542	82.08235878298905	132.38743916082672
1543	54.05272099399539	140.87162988184124
1544	170.9368741589124	247.59341130876243
1545	162.25814136215547	104.33351392463074
1546	120.67010151247683	117.96900469281455
1547	45.43442984359237	141.450999770665
1548	45.230045330253176	149.35678757301804
1549	68.85200192438026	256.34394308001913
1550	51.75443054734211	95.02090421671761
1551	131.51033691643548	114.56317510364107
1552	48.610783248386156	140.88540845892385
1553	232.04817010957782	260.60552246747886
1554	126.27343270349056	145.34559732361407
1555	214.094886975696	219.57553670521173
1556	150.7549091455953	136.99198386644304
1557	111.28629619327825	120.71452829528921
1558	157.07331019600588	147.99880426378613
1559	137.21211569679616	266.08667954905707
1560	188.47360709264623	241.61419639234788
1561	227.74625900436536	164.5702705462481
1562	106.62603531975222	116.52141892830056
1563	143.56369396888752	140.45651251196952
1564	222.54290432161645	144.58906649071935
1565	184.76999878654112	256.28652234321476
1566	147.18584346156015	255.15303544418046
1567	139.1794987063477	115.94566627929105
1568	173.94914914044895	254.69346873946742
1569	49.20717874309838	133.19705419603932
1570	132.10633400372305	150.70012965965492
1571	154.5044876658649	101.80096356101461
1572	140.3358769663205	149.36889080460298
1573	32.254476741319536	117.84455826236744
1574	127.22164485466922	161.00306465473983
1575	121.89969629957871	159.89897731392048
1576	148.330224604017	102.80505301241548
1577	159.5201973263719	123.59480273540738
1578	66.47361986093378	113.71108643620204
1579	183.63771817812292	156.95590992310017
1580	142.81092777640967	106.53027791782405
1581	110.81074919525774	130.47211413447175
1582	152.31934304259642	111.59437825396884
1583	122.3072360282867	288.64921938498645
1584	128.73381708332596	131.63747393398452
1585	159.02624909963882	146.5800389766161
1586	183.42395425224615	134.85633013684912
1587	179.39247480930266	160.41671911463104
1588	159.557400581886	127.51547777518896
1589	157.07485393365337	112.21972946078111
1590	154.75305525460186	149.12123555289114
1591	259.50487160487774	140.67944640185948
1592	170.021143038508	123.17232517816171
1593	177.6684891628214	146.2070118264827
1594	182.4375532544777	163.41450125841106
1595	161.9314890056521	171.35584655441164
1596	40.59586058972306	100.55122445784038
1597	144.84886784322077	157.7837047743799
1598	167.72650407472395	120.55559292002823
1599	160.69997073706847	163.826425897988
1600	130.77619760018098	148.44460098565455
1601	67.82584052140973	146.49889789408172
1602	107.83811712391247	96.54229711269362
1603	149.01664226577046	118.18168422229597
1604	153.7585733361772	111.69145211934988
1605	165.59924578666033	132.75954060972737
1606	167.67317675346888	153.6475328354435
1607	144.65291283660525	102.55505199052233
1608	162.1596754566429	139.85654388529372
1609	146.1609484639249	169.09706358789862
1610	168.92888971549104	133.20655528568952
1611	154.97444404801345	132.3937865866729
1612	141.93057051457487	246.09434736666955
1613	192.89281009842435	139.87003898899292
1614	100.48539882827495	222.49484414149336
1615	82.94396947170571	131.76058400199184
1616	273.90005647156056	230.5647228024859
1617	126.08537164147894	100.38611467856678
1618	154.98376160981041	19.40211120208066
1619	279.2268969129357	270.3424436270826
1620	100.22546782361677	118.30635944714854
1621	16.265404123423735	220.57878756892416
1622	191.18523625956965	18.90189770106913
1623	253.67209754733705	252.27164120463178
1624	-0.35397216369892703	233.59860390469177
1625	-6.135806828079694	206.72041001014566
1626	247.2033492952582	96.65687203406706
1627	250.14510372488698	224.97969744034373
1628	249.22439948879762	216.42642430325535
1629	28.334580447698983	63.33525678387919
1630	13.47550394579146	-24.52222648669435
1631	139.8901263494531	218.78858966454715
1632	122.39061524367158	-30.160953723753764
1633	206.8413257280215	205.99500013221427
1634	51.569440472934474	80.61605944848654
1635	120.16598209123858	115.49731367218632
1636	87.1258369196403	-51.23043411572915
1637	122.96212331506058	240.79430081325768
1638	254.54762385461484	-15.970022541312176
1639	248.16125706190937	1.3340263569762243
1640	45.54170326608423	225.2420144893149
1641	128.06198403511607	235.88818793570425
1642	113.18446025531186	189.19373745562268
1643	209.6038875675257	122.38124578466253
1644	196.14204935609385	116.8520442784437
1645	160.92603564707073	192.63941383978658
1646	256.95081485354046	158.52733861478265
1647	216.2433165578597	165.64071597684136
1648	90.94351033609047	-51.930895201272875
1649	106.74549453486034	-31.300840481340124
1650	194.9192526990139	-3.4785307693983043
1651	133.5718725766264	10.572523764526801
1652	228.70650330291943	-21.956101608806826
1653	218.8011987479248	89.5524375843193
1654	139.25467821000916	-22.82640073066882
1655	155.0462107393163	20.403143051878583
1656	213.0552756932999	16.439956421824203
1657	90.53880422960519	15.806984128401897
1658	149.90282192370813	11.53613834410919
1659	142.10712864392713	15.990424843593809
1660	164.39283823106246	-19.30022992219374
1661	129.2275654304459	-45.34288736029803
1662	147.72030822351297	30.601770195913456
1663	133.94890434427361	-40.206338812846894
1664	133.30322399265634	8.2137630022812
1665	155.3323617165022	-12.408604232770536
1666	87.66558139208229	-21.186585832403296
1667	136.7058797162771	3.897299932404059
1668	139.75234959488287	-14.653396959092596
1669	149.0811370854507	-6.309191641097969
1670	151.6582014737524	6.936913308150235
1671	114.4976714620916	29.041451680783357
1672	123.36477882148986	21.37573501716582
1673	102.66213952958482	-0.18756287973014646
1674	122.54688483474725	-1.9345916862600299
1675	126.00722702302983	-7.5821274278531545
1676	158.82093793694756	21.870228909207572
1677	112.15179158432673	2.9649554497268475
1678	142.66675389267292	-34.18078674068224
1679	109.6578100248825	-31.713948197442214
1680	140.6227842705481	28.118819615862225
1681	128.44600941065377	-47.709185602812326
1682	106.37517935421418	102.75172750468147
1683	109.27764737613904	97.03136871705193
1684	143.41000283205653	65.96191679293408
1685	93.75186620959514	124.36185621588348
1686	116.3023665567503	116.7346141013581
1687	146.42587914154063	131.57936342815466
1688	126.7694552343789	129.98879722226718
1689	134.68350297747386	87.8980251955
1690	144.52467321199126	106.80924503654208
1691	138.0487259346553	99.47495651285413
1692	156.64090213832085	87.09036108258772
1693	176.95073693526672	114.54740585012274
1694	124.47507254339614	118.20427499001963
1695	147.66067991260095	118.0068963388395
1696	154.2117792574058	161.3997472851088
1697	130.4301223289361	163.02526213607783
1698	101.9636629705149	124.32032588711034
1699	150.1820862797177	143.30462470881812
1700	176.00514270391363	137.34078095000876
1701	280.77784488831855	134.36363545412667
1702	121.31496310478342	103.49760162679264
1703	177.76227289903932	144.23716442895343
1704	135.14154682310442	110.26479180629951
1705	125.5956951200809	133.51326792501078
1706	168.88896663760457	157.04935434591312
1707	155.5871541102436	94.16545074703606
1708	156.14105449025138	130.22663271221626
1709	151.74353067997697	162.10337407647515
1710	166.75164307706893	129.62055618799494
1711	168.74292752610123	104.78722206254248
1712	55.76679387315227	246.08868246344235
1713	146.7273625962003	118.21186783308423
1714	183.08473694940201	127.3061848639493
1715	120.66271888757868	131.19972255133035
1716	113.63774413686684	122.60113054114679
1717	168.94304375394032	134.92664783382017
1718	154.7082892966552	92.94274387040369
1719	262.72935195115093	253.03000965380772
1720	30.87793490436303	222.47181433017363
1721	125.9827574370602	130.33088607359602
1722	96.26949090608831	88.55751948893311
1723	156.13590106875566	251.65300780655295
1724	162.76480942477465	220.4821370503917
1725	122.99161628483616	121.51183320090794
1726	254.519821751804	212.12248820932052
1727	181.71507815869637	227.88796195123444
1728	131.20671605232957	85.84475925158723
1729	101.69302904881731	129.69709238791847
1730	174.94368963553705	99.70136913233011
1731	136.14909550612373	222.45267423134004
1732	146.76812726188666	232.57896540483983
1733	152.68758290680742	246.72840810337428
1734	124.21594816324703	247.63761018558617
1735	112.55380846257471	105.84593728923569
1736	185.90269939881298	219.17151024131903
1737	124.20108015329208	-6.956955658803594
1738	172.40383314615244	124.3078785047437
1739	174.92745773370538	263.10764579744676
1740	173.31835893079094	148.4672437778402
1741	33.876979641197096	60.26558809611754
1742	1.0822093225057756	247.48396609276946
1743	187.46203721005494	250.1542924391344
1744	157.9532557324985	93.38844882827387
1745	18.14901547186078	240.92912929644018
1746	0.5326204179106782	130.94443294490299
1747	12.916572427283555	28.724782907393205
1748	54.66200619828703	256.3811589426179
1749	219.4139224839644	-8.403778997583245
1750	13.487734646810779	27.25748019339082
1751	175.87943949817029	272.4999214856549
1752	112.88109847652106	28.981873253545587
1753	12.305132102439856	4.295915492566451
1754	37.43982291562048	217.6690522450854
1755	211.0420955506886	-24.422737650658476
1756	223.7670362138057	133.84643147934824
1757	16.05333479484834	122.05489989276192
1758	188.24749629328	-20.931496956624287
1759	34.11960005174305	90.13341172876623
1760	3.73067693840666	236.31887586292356
1761	-50.3789547960604	102.3972785401491
1762	152.18862532241914	138.9141456318865
1763	24.61590292170922	-57.911776916334865
1764	191.84228483192888	-19.6364095671547
1765	132.4185486198117	141.91189970644922
1766	50.28116085868268	-11.512486613052019
1767	-44.85987773204255	101.859276654101
1768	125.92128317834751	36.03379075867679
1769	-3.036265253200142	0.08902891574642524
1770	48.348429243827866	215.0048065290892
1771	13.402712763528228	56.761449994563506
1772	233.8571049910123	99.70891932838379
1773	7.939136100976697	216.27365406925855
1774	130.9042849930461	98.31665912279914
1775	-30.539545880571822	199.48559624585164
1776	59.84111347354289	-14.415255407726633
1777	-30.044349958048315	228.44599116037236
1778	225.82655914622848	18.58762538846601
1779	-54.98044435680055	234.65317017131002
1780	139.28392835919766	20.136898806106856
1781	44.845896246657446	95.54769495158656
1782	90.69482591379241	222.22035796400945
1783	18.490729770244315	82.79120082659217
1784	34.39800030668127	208.29262671988212
1785	108.03920497567006	4.479956388116122
1786	-40.734504638301246	12.120892687427329
1787	174.22706748726637	218.0676496202725
1788	105.76522287092506	190.34787494580672
1789	233.32437665912067	191.98245503954553
1790	-50.13994693305155	131.82458181691885
1791	2.802576477497553	104.81817212438257
1792	107.85365001527606	-58.368814635876944
1793	122.88538533638274	204.25624207843163
1794	123.2140302991607	192.7836499296859
1795	-0.8925818093641595	-55.505784644988594
1796	29.194674879648943	158.76916373421284
1797	14.720012781240683	227.85152623526085
1798	195.4026054266289	126.99706852063977
1799	253.409944489237	201.01211578172268
1800	28.780579157550477	115.75492618039179
1801	10.103337394006275	-62.96333704242721
1802	100.4791793855742	199.78012492555612
1803	194.93757974557377	179.17519144725986
1804	220.60594246133303	105.92669098823143
1805	11.75287428491174	183.61578873992426
1806	-2.2220037281724814	76.35627719553071
1807	192.24455674175556	-41.5189274083632
1808	113.04903225673368	-37.16682649686817
1809	67.39028173871681	188.1999007744327
1810	28.93276311138689	230.75903585148978
1811	108.72885583168927	-57.71054444373743
1812	-39.75386351908915	-27.53311860956798
1813	81.990123690925	201.85667946463437
1814	203.94412313660473	96.60230494233002
1815	292.58743314400067	205.87330148189866
1816	206.52405637035477	228.55296185394644
1817	-37.98939161407026	-89.40997245287294
1818	-34.9804225803594	110.90452645748371
1819	84.29750506181895	-43.61454441552317
1820	-10.0087087145657	-7.152599306725762
1821	186.83964450904926	124.98810326489115
1822	125.44914279206405	253.1840677625371
1823	25.907018765823352	-36.110020737353395
1824	206.7265273432244	243.52660833600956
1825	-21.3999213139153	196.24330823719373
1826	127.2317014730451	-27.372186851480024
1827	144.2519515771775	204.16062729776843
1828	-35.37471848830897	244.25836457805025
1829	210.7500026151256	256.8129559998878
1830	197.19247728698187	97.89074572421875
1831	194.46406148402275	114.35960505925847
1832	-7.7664254565428905	-25.374342494654414
1833	128.24677130877794	7.013458667764965
1834	256.3599656896558	-3.626518355725594
1835	-46.09484875447589	202.6950545639296
1836	99.52074444735852	259.4091931599403
1837	3.8778586873523437	99.28865233216747
1838	-30.509074451369273	134.6367657181498
1839	-45.66087059263404	11.620622578144975
1840	229.33990526711364	235.53376568919347
1841	221.67038937019734	222.856576930029
1842	135.33679360232298	113.02299710764507
1843	218.1140785397215	-21.84687814933399
1844	226.96374379944632	242.1411895412769
1845	141.50332163134607	183.60223173303302
1846	18.14817466469043	122.07797380251705
1847	146.0612236695867	151.39759753051928
1848	7.988132176523308	13.775324833577585
1849	141.45607378680273	234.67808120957562
1850	75.91600864213186	94.47279015960595
1851	181.2125416229119	96.17196708125088
1852	230.5082509014627	5.7302182372073815
1853	19.409250001877837	1.8561925175909408
1854	244.34204960778615	8.282769967609724
1855	138.93989901871484	227.8782531699573
1856	136.52715686078508	-2.4576321043107185
1857	136.41637182037329	242.30802705624117
1858	132.4243548888797	252.84355185532567
1859	165.76976993543124	-8.647063421356307
1860	-28.661143414258248	108.61743054370343
1861	40.86828302419795	95.96542255804579
1862	217.52748688699666	131.24171414344687
1863	220.10706019969922	178.79314763019116
1864	139.0170017107616	12.079289554539983
1865	126.08357535342738	158.9259954003384
1866	206.73115155111327	121.96133001207413
1867	142.54029348226302	204.29625419673107
1868	111.03272869865667	242.2855521825388
1869	166.0686890268133	104.05920715740461
1870	98.63291220962898	254.68827079016862
1871	128.2301740143923	150.52107656784787
1872	123.97864577976773	101.13216707233961
1873	268.9191780678712	110.73526373717287
1874	189.35520023496497	151.37366492197285
1875	229.78475300130802	235.18637423877632
1876	230.30841222671637	97.57669893884365
1877	275.17010851311	224.53170407363956
1878	28.38838363254976	218.3399763009043
1879	237.498980205925	200.1888986912656
1880	253.53612123527188	227.03389983474892
1881	226.06510446407702	163.68698525222595
1882	227.79858214745988	60.103045323690615
1883	132.01233334707644	188.45219254745103
1884	200.2876385928899	154.9003977988989
1885	229.33456037838732	214.7638845933854
1886	-33.72920887462128	-27.47260103134689
1887	100.19933248664925	18.205523436809433
1888	173.8069566530541	-14.736561047867239
1889	112.95917857509463	187.47786331376278
1890	103.95748402784423	36.18251632549671
1891	208.92465188548633	-24.04195512085384
1892	102.0441293010579	34.71825197167241
1893	52.379532072863014	-32.36006221558362
1894	202.02404754164618	-14.231020297614792
1895	96.9266701941668	157.25177173591857
1896	117.82646939614796	146.55984481458887
1897	132.87585420167892	46.738682326242795
1898	129.39802562095923	-39.196679519236405
1899	34.16069231519995	19.058534765564275
1900	205.7031246112453	3.0174941340234875
1901	114.53483001449017	-13.795218735032263
1902	242.09387028168746	57.53106747715969
1903	234.30172331802626	200.9562551754443
1904	249.34451688215665	228.53796271534497
1905	199.85822143731045	182.11407656521965
1906	109.34160763294746	228.46899093854444
1907	259.0800893247838	196.05819195945014
1908	240.45784798683727	262.76574695352235
1909	210.43484394105707	215.63975891455672
1910	298.19958805237854	86.28183983516669
1911	280.46348449625566	170.1001517154211
1912	126.87866708353127	139.24876531132765
1913	49.981630578094524	131.02532434389835
1914	117.51094050092983	149.4721225623385
1915	147.8129000604863	144.0677904398807
1916	197.54661915771885	151.93178953683162
1917	244.20013526687373	140.2858721420569
1918	104.58530151102329	88.70868840422779
1919	141.97698605776978	139.9506212937834
1920	254.36485737154302	183.53572114957652
1921	136.92154985520193	117.52302166603026
1922	105.93350540217048	89.7281204573536
1923	134.7443185120264	117.13564474906816
1924	246.38264095203215	105.05427744352336
1925	62.61751043502491	137.42192549801496
1926	151.02514597559338	97.34880199652258
1927	41.280441488766456	264.32927197235244
1928	268.2755605620225	103.63111508661758
1929	220.35620127547622	166.89127946415317
1930	232.50077166831144	85.30799099228929
1931	43.30911355168894	150.14237835289015
1932	222.80547480765054	114.05677331247814
1933	139.53072937287817	166.17863509415662
1934	251.06356139533378	69.50802582939725
1935	149.28669869502318	243.10284945276106
1936	228.98037784920928	103.5069165111657
1937	233.6224250931616	95.16066533799348
1938	233.5757235214141	218.29758334320616
1939	101.11830385857233	126.51851997303567
1940	187.6472475662082	200.3422860697403
1941	253.91624269131808	217.2337331906155
1942	156.04515555137135	258.66383853321526
1943	304.63861096764947	116.05043847230029
1944	99.17577676078714	185.2730819873696
1945	237.2667986859917	138.1489403802964
1946	112.35267124567322	91.8193459629044
1947	197.34795831058045	83.25561187621794
1948	237.51785892918485	212.59795835735554
1949	124.40020363464134	242.16802357811525
1950	101.64332422772243	114.64544278148996
1951	213.69003296323734	6.634480793649962
1952	80.56537425944178	60.77151666374283
1953	89.20793650658344	174.20746841057564
1954	255.01431341311113	77.10714557642295
1955	248.06167503149157	187.97985593876723
1956	107.38528008642348	109.86015956097755
1957	214.42373558206293	81.35012297126814
1958	118.39781550399489	190.26015657386472
1959	246.70436108013948	116.83571410926943
1960	215.06668793444862	36.146912414697226
1961	48.85393537987815	212.48306185438062
1962	138.81382814386012	73.73793057957266
1963	270.80011360922697	86.31868643852036
1964	94.57723736467479	205.5218433054045
1965	244.55759055908476	115.10749678814327
1966	269.2059864471899	74.45973338059169
1967	240.5008874930693	86.43947322055313
1968	213.12435381773372	72.88597300431583
1969	246.11735484151188	109.113217956453
1970	125.14764949404595	156.1596008717357
1971	238.11570778263936	148.4843947913715
1972	168.42291428925313	100.12423539891589
1973	168.01916947216966	94.60970313122343
1974	138.88179481068548	109.91388360584838
1975	130.0939248203173	163.70309373174914
1976	132.83675344723457	87.4005153686969
1977	104.53248484338974	112.29082612733785
1978	179.23615201342875	111.46305983525413
1979	178.1731152820928	104.29480186497712
1980	150.4986303764699	81.03020820927495
1981	136.25028712574303	114.20909107730427
1982	266.0068124457367	133.1793153337096
1983	280.31494115776206	107.05951243969851
1984	184.74269609989582	102.21771089109085
1985	122.14674097853084	125.14881658019699
1986	146.37633922917814	100.17290172042402
1987	174.60428595145098	139.49877645612037
1988	172.505245033412	81.22721635365092
1989	155.50331384077654	89.41208486314324
1990	174.4787645105059	101.13246304651378
1991	141.69380214698248	111.35334514145008
1992	120.92829761052866	134.1444561521657
1993	236.54715592910927	98.85077905424527
1994	252.4610637323358	48.828208014202346
1995	181.05649208012878	229.59267429786684
1996	120.24005456244973	130.19948517064913
1997	158.1091239584403	256.90766441106956
1998	236.8499297025524	115.1620082328873
1999	31.215347976069808	225.1156869386577
2000	160.62074104622968	131.0965516055077
