Environment: LunarLander-v2
Agent: A2C
Experiment: wind_and_turbulence_experiment
Parameter: Wind power = 20, Turbulence power = 2
Time Taken: 1059.7370347976685 seconds
Episodes: 2000 episodes
Max Episodes: 2000 episodes
Reward threshold: None
Episode	Train Reward	Test Reward
1	-294.04618716253395	-162.8839858809128
2	-40.55516199530672	-51.06015417815523
3	-111.94780055722836	-144.31683040610068
4	-109.55508005460027	-139.73109019600412
5	-118.4965230819479	-150.75673092872128
6	-461.8303932181125	-132.07770599134435
7	-188.36228020962116	-139.23323569652823
8	-209.27383400914368	-821.351570590603
9	-85.69462912058682	-654.0272538648168
10	-239.57581526543237	-1308.5655487649808
11	-151.9316307928546	-752.7826251018266
12	-336.2765103636466	-739.1034569504511
13	-154.9428165418937	-1335.4908860895473
14	-186.9532736368471	-1061.0333322189654
15	-178.3124943389745	-543.9591541591581
16	-150.6523071953179	-708.2226108359656
17	-341.370446553029	-944.0838220105263
18	-1.6610957213605246	-554.0366898772803
19	-129.43731275238846	-591.5333746826425
20	-125.37901743322738	-784.8184984263817
21	-99.91461843021114	-171.93694079906746
22	-73.98568067520966	-107.76931734242754
23	-113.45366672993597	-110.71031915878893
24	-322.73817239049094	-144.71646866945116
25	-338.57658173543325	-133.84840590316486
26	-118.07805842432172	-40.25279282781693
27	-111.09200167801723	-119.70425544532065
28	-411.16956578306105	-191.4473548248799
29	-206.0299935233515	-131.73542913140187
30	-297.2367215866119	-139.75138648521573
31	-224.10078100633413	-276.51719662940604
32	-339.867811811131	-169.0952917584462
33	-255.39132064641575	-271.929274540764
34	-255.27513912710518	-278.02823808155176
35	-107.9406061396273	-347.67398783667113
36	-211.90218532795114	-166.3740982938248
37	-535.5117540878476	-147.6616917337959
38	-58.29154282604478	-22.401648648730713
39	-333.9633613489882	-135.51749333031776
40	-177.29118779065203	-172.47555494527785
41	-103.76073376849598	-15.511568865502241
42	-385.61926970577815	-140.13548071465223
43	18.23623689080553	-128.20526298928382
44	-172.05444137002496	-275.4843876037045
45	-179.96162874321877	-211.2706022517204
46	-152.69451218014734	-125.95369893916273
47	-269.7907414749779	-168.98277308973235
48	-234.47000343394197	-134.02732466949266
49	-372.9300492529594	-138.82735738759348
50	-96.63375492994325	-125.77327339030722
51	-298.58002204489793	-143.52655408154192
52	-514.0728355263918	-136.6391861483656
53	-134.1501029328751	-145.6746479762822
54	-311.19000082220896	-121.95432546798
55	-65.60252959012176	-173.35908324731665
56	-47.67714907771606	-130.20571691492196
57	-166.07323560876398	-193.3189937209658
58	-167.21730835450415	-157.3942702220487
59	-152.5024092840103	-10.1098393777865
60	-65.58542175838008	-21.016974193558326
61	-324.66387972276914	-127.3913655150184
62	-139.81092421581303	-146.39727595886197
63	-251.20865321258228	-133.54558458567408
64	-76.76702026049769	-196.06711971448658
65	-371.03332724836844	-142.20770654919457
66	-284.3095999412541	-380.58227279503797
67	-131.6003755138031	-164.4213051943392
68	-105.74819752048877	-154.74689791927713
69	-131.19654419212287	-127.40256597377868
70	-187.7365216099565	-144.71256210766757
71	-87.10693564358417	-154.69774647865916
72	-203.4387960213955	-484.8259215701634
73	-58.05690058428121	-179.39529052600432
74	-135.42136824592217	-765.833462835069
75	-68.74281518035372	-842.0143051742837
76	-135.11530084803644	-153.7648745130017
77	-121.39142444922115	-478.9596088047371
78	-87.46087216632455	-1418.6486246780794
79	-160.9973480592816	-634.0661899718982
80	-81.46530627162241	-454.25084861480826
81	-154.4466187937759	-1247.9364738683892
82	-85.03853659232664	-452.24986924880386
83	-106.4671173309271	-659.6794342839335
84	-96.33016066059828	-393.291432413631
85	-213.76023241501804	-586.6109347749542
86	-62.64229075418566	-1024.8676846432545
87	-57.50675584279397	-725.2080041327129
88	-82.86362839416083	-534.8430850937694
89	-68.0650599773534	-250.8609754524909
90	-331.0472621704263	-601.2576370931384
91	-492.9867591927623	-309.8156441902013
92	-155.5085901642476	-1264.9510560089248
93	-153.72712925428064	-952.5699921469231
94	-291.47504269741313	-630.9761018082099
95	-379.3574398141793	-459.1662829923193
96	-78.67827518668518	-522.4957771655968
97	-146.07308144835065	-387.42479274731824
98	-370.04255805468375	-623.4555332947127
99	-333.6377488220552	-852.0110620532943
100	-262.24632678040894	-445.5162311189185
101	-508.50676185457735	-1259.5070378605922
102	-350.41316244877646	-497.753271026162
103	-171.210464336065	-1335.2994071825217
104	-174.60993131592357	-683.4337790224974
105	-337.6032290585202	-564.9992794418536
106	-239.88606052139215	-1235.509951478261
107	-212.16700732958185	-636.6232217740951
108	-233.73879463908258	-514.2534328979568
109	-169.96770648035152	-501.0774611894165
110	-241.53708498604715	-580.8693426690597
111	-230.24631675576805	-490.21285869771003
112	-91.21358106896248	-1013.1196777039848
113	-455.20517517162995	-527.8982474515474
114	-446.04497196552245	-940.2677577392826
115	-268.795710977638	-649.6246134222127
116	-100.75703191749393	-706.4453928172783
117	-140.85846844581266	-2185.3282480906896
118	-448.8392865696997	-674.4357865646311
119	-400.60341276142714	-557.3353569754986
120	-170.35747170739313	-877.7570145598285
121	-445.48599834629624	-906.2237045255602
122	-249.6776400370141	-984.1419403615314
123	-455.59271546125353	-606.4093737839917
124	-187.45869018281311	-637.1550797522782
125	-73.27100312182995	-391.60779261166186
126	-60.94431887904063	-760.0272584357134
127	-218.96867562087363	-505.10981615815854
128	-345.20507975017347	-595.1039040322219
129	-225.82775748685864	-461.98474791180433
130	-39.20436752610844	-674.0121931794396
131	-26.937246800513606	-373.24461795906825
132	-171.5704512937525	-2242.0000454288443
133	-57.45025344098097	-1488.0002727739047
134	-168.17983442320934	-386.1959786033907
135	-179.25638348663335	-694.8298552594166
136	-112.19228246955231	-482.7286492114685
137	-95.8660427916295	-491.13469374005916
138	-112.07164119222365	-514.8240313222605
139	2.78119308652812	-378.5417247250718
140	-54.54978071898404	-1190.4369630047686
141	-101.78001253094622	-1116.5616493409136
142	6.448231596619436	-498.6653015446147
143	-99.2834537993673	-1421.148268093879
144	-323.66566387289936	-925.7115597269778
145	-351.6492119797176	-941.2875426763611
146	-60.2265846903424	-1477.1957618782264
147	-128.55900839250003	-310.8998700110026
148	-39.47916996046564	-667.4127864616493
149	-212.65280597925107	-544.6414479224075
150	-435.2844946288132	-2376.306762664931
151	-61.31962268455937	-479.6883213635122
152	-55.061808473756976	-565.3871634075338
153	-84.49759725451938	-1772.0059091236685
154	-139.21158636256877	-264.1514212137032
155	-256.8412921047095	-1013.3577622432095
156	-185.95275729479926	-739.6097968969405
157	-190.42107454492435	-464.95238838896944
158	-260.98778826610186	-359.19764413732537
159	-45.6358519821991	-569.1907189757189
160	-246.01640446069308	-387.8821257731386
161	-516.3370522638749	-597.0129944845094
162	-320.43287952752763	-1087.2667125192488
163	-139.979078490672	-571.2049339308528
164	-296.7175664475328	-532.9933800936317
165	-659.3102254511983	-766.6105110702867
166	-256.29321527601775	-549.2459836916714
167	-161.93352702372334	-1293.4826890841848
168	-24.69170590851172	-534.1591329090438
169	-54.47894163338805	-1653.1054909687034
170	-33.04409882163411	-610.3782017827111
171	-127.51810322063643	-561.3077249518533
172	-479.8060091917369	-903.342617145167
173	-31.851651591261216	-379.2611493231386
174	-265.7565078029409	-531.8794629872648
175	-142.68459030851915	-379.9476571375262
176	-249.20901516811773	-436.4093760039125
177	-325.9380935488316	-387.6112150921497
178	-72.27751526706695	-320.61579511261044
179	-47.694513368548975	-358.9133427939404
180	-176.72772964007882	-216.04562912360296
181	-170.71580752843204	-242.8763926676158
182	-45.16355345776603	-262.0655217242587
183	-6.1192712484889995	-168.41631339439164
184	-250.26564706419114	-322.6905884739009
185	-276.110268343923	-139.88861851061841
186	-104.22682992694486	-384.3818547647737
187	-179.47982569136468	-186.2018424294002
188	-85.64188393548928	-170.40869478591316
189	-96.71067008342824	-186.99564869799252
190	-41.322799279596495	-246.46419155669395
191	-53.82292409829657	-254.4310331798971
192	-77.94434138802106	-198.7128819508883
193	-21.600020945101534	-110.3665634538131
194	-207.27892470442725	-210.7222864566472
195	-309.02221763022624	-256.20499388931114
196	-53.82618668857319	-250.7905360659623
197	-111.63761750702191	-241.04700990710882
198	-51.969814085916305	-205.7346241263084
199	-100.0851958879714	-221.1018067532774
200	-333.0123547430641	-373.65519462191764
201	-108.30412000014324	-256.84988232466594
202	-61.260375589991554	-173.73858820864274
203	-100.56498593772548	-244.73591939985823
204	-20.922394469427317	-213.73126683401884
205	-86.2367873132599	-159.82370118465522
206	-214.7186154654836	-273.02491046433903
207	-36.001568091400905	-376.0969587512291
208	-70.1156345106404	-240.60111383974595
209	-151.39419820381528	-100.99619472972796
210	-187.84212060693773	-233.03647500165414
211	-232.641044099066	-216.00244632480798
212	-246.13739035944758	-206.01189306105965
213	-192.4743528058571	-239.83382813168862
214	-82.10797231555279	-393.2049591675861
215	-95.33286642341382	-43.63525120745355
216	-180.7960132681127	-361.7721460596224
217	-94.35471301192614	-358.08361387810925
218	-95.62287082952533	-67.45033408431777
219	-46.61972534969517	-343.6080974843064
220	-150.71825783364343	-295.1656762254419
221	-56.95326234343488	-443.1561191093568
222	-352.38723814531613	-644.1523346234617
223	-52.71795874672527	-521.5978083241625
224	-75.04878383504158	-833.0199427704546
225	-44.07915773364803	-830.0616544606158
226	-71.43431650004695	-647.9410231569573
227	-28.937109918858653	-441.29886889241334
228	-161.0429679631414	-631.6011745136266
229	-135.55509895748185	-583.4813884269286
230	-262.33861243970546	-550.8930772641331
231	-83.80773518779513	-666.4160926046588
232	-101.77765647246575	-404.1437949096455
233	-11.439871538585379	-421.5170856722514
234	-46.081330182349305	-627.4617399380178
235	-71.73341980579671	-431.1882015069335
236	-78.29267997319008	-831.6811219245203
237	-46.91709422759999	-337.29614889134217
238	-412.5646804585111	-604.1845797375076
239	-124.42486581883315	-875.0551878293891
240	-73.90165962172692	-394.5520048908944
241	-218.9598935859624	-534.5705805626055
242	-21.892449585746547	-627.8635539756589
243	-90.42469428975782	-366.07561009071384
244	-123.0373615694026	-242.51738316828337
245	-6.504253126422768	-750.9449598920645
246	-24.98629178171211	-256.4047990545429
247	-99.72286718818877	-616.9455617486025
248	-72.64757720227287	-411.8957821485714
249	-192.96399377195442	-283.90226773177903
250	-136.81351577422188	-331.23616375707616
251	-113.44725786100258	-209.68800021312396
252	-121.9935125694778	-245.28537696486632
253	-146.38671390325499	-721.034737425669
254	-42.479296966132864	-185.70242779382016
255	-25.965794490815213	-521.3183865436397
256	-105.22589654553282	-818.6975243906398
257	-53.74681409286846	-499.78770334723737
258	-3.1974288385189453	-499.87893754950034
259	-44.605785395867926	-593.3881307193035
260	-402.96240975087477	-616.5835887421034
261	-32.68286776516837	-590.7266689592784
262	-14.699214308595202	-990.9517966564748
263	-90.24679598990181	-953.3745426946151
264	-162.0110097918918	-995.2618876314455
265	-290.2745028069656	-1175.9171516070817
266	-85.10360107325018	-479.30915685703
267	-127.68234675661137	-455.99349395560057
268	-55.15244025359401	-770.1517217460472
269	-146.4822543612384	-929.6126880106649
270	-62.16624065751713	-625.3002812785412
271	-222.26206008401482	-640.7819405481581
272	-82.47377521887685	-650.2071627437543
273	-178.4314034489202	-666.6577833839168
274	-123.61247155933714	-590.4889073685544
275	-50.97260630179787	-558.0033343877136
276	-120.14343211240573	-505.1616649287852
277	-37.63001055252931	-581.2549987463394
278	-210.53114398518036	-405.45479769181406
279	-121.62010907601214	-538.0757522790798
280	-108.56562830751658	-495.4300573045075
281	-32.969366432628135	-562.2049061195007
282	-79.12163645126648	-390.0877270461567
283	-38.73463051163709	-382.38811058774405
284	-226.43838374290124	-432.3168119082798
285	-54.22382422834876	-426.03158403582455
286	-23.310082873539557	-346.05636031207564
287	-74.70559204396697	-443.0932711028945
288	-43.789121934155844	-530.4781280982247
289	-26.1956633153424	-337.63184679894647
290	-90.82915208669567	-530.4078771406204
291	-38.22817551489541	-597.8022452499999
292	-147.46535118740502	-364.1085377739108
293	42.71269582287789	-539.1921231904338
294	-53.82911843479606	-511.3377984344745
295	-28.38626978997476	-276.96766560463004
296	-46.83047550286936	-509.87304797367307
297	-177.24762228919207	-500.82865369544083
298	2.4459515390647084	-329.522991496814
299	-51.4259544798619	-556.6114132384419
300	-133.18318103784122	-287.52008196064287
301	-32.31617199819243	-297.28379209163074
302	-84.57729946687759	-507.21256288860803
303	22.147165511252467	-523.8887108954026
304	-56.43700745699243	-201.53046981640398
305	-57.232905654276365	-322.3363237260115
306	-248.53097509671989	-129.10112208446694
307	-185.09919630779504	-639.4397218936273
308	-57.05443019279741	-424.4876134952337
309	-202.22884393551752	-382.3798965245471
310	-356.01812165882205	-445.0465240237205
311	-111.66973429413417	-340.5766664461769
312	-29.904813081364935	-230.21088071929984
313	-26.004985717879848	-354.37506552315745
314	-269.1036872205171	-328.742832777691
315	-230.44184199984488	-177.80975637117922
316	23.761140121556096	-487.7645278539565
317	-391.40511494117044	-404.080330510654
318	-85.35501071340721	-187.54217542119417
319	-18.473407875154322	-427.5814311174558
320	-55.698241061957745	-187.00943315674664
321	-229.47125013743627	-255.76545336379354
322	-60.825615190296574	-529.0125438777911
323	-60.55330701507859	-510.4468835351882
324	-226.04918810078107	-404.57852907925576
325	-23.913339458418875	-557.7697899445983
326	-194.53251231148613	-759.4699812660191
327	-93.20446592018182	-372.06205748800767
328	-155.68647556774175	-570.5784964628656
329	-158.75687070844623	-610.8242059989498
330	-312.00731459473576	-531.9759275339835
331	-276.83792874978224	-393.2499758942989
332	-145.4245368604682	-408.29035241834526
333	-28.834684932473664	-473.86239061076554
334	-152.36815099302652	-360.70397911261045
335	-304.6116065927945	-358.234746602496
336	51.78458773548375	-229.6270329765478
337	-75.78587331625661	-351.9398677813913
338	-41.9672094077449	-290.7457426308752
339	9.230984952266923	-234.1839626073635
340	-63.27123438817948	-225.78986854293964
341	-19.639903852005858	-235.93738756735874
342	-24.381477525308824	-293.1842261045397
343	-31.356028510692298	-136.0148993260312
344	-12.670874451226538	-247.8147212440926
345	-9.604017106933128	-156.48703394677966
346	24.92595486675424	-187.7211084649038
347	-67.86137460777238	-202.08631964053876
348	-47.62402618690659	-184.96892012580287
349	-7.340900117898158	-192.52866350619473
350	-20.708727033668097	-203.78965192854895
351	-69.3975861458109	-203.96788364122557
352	0.9691380538397567	-261.53652595771655
353	8.477516444782765	-204.9956434197928
354	-176.52073169008997	-199.17180343737212
355	-44.602864716445396	-185.675180994625
356	-103.61304847214188	-203.79118433590884
357	-16.255758364021872	-173.32217045488238
358	-54.02793116401827	-181.51578312173606
359	-137.61522007113896	-187.5850089748325
360	-205.15823522055354	-226.89252743240695
361	-201.4370589950229	-259.57930507277644
362	-178.75323986609936	-157.0320089161341
363	-168.86199559919314	-239.32348811177388
364	-170.09477725778618	-172.13163560012674
365	-291.14855436601067	-225.03620614231727
366	-81.59390283401032	-173.5573623456126
367	-34.87610246547477	-222.19557756932053
368	-139.90799282880528	-230.1506540509785
369	-275.9342898973511	-215.81930362157146
370	-232.7291600108572	-190.94280101095248
371	-194.23682510957488	-200.8237876757929
372	-255.71492434239897	-337.505892729596
373	-300.1308585819926	-329.1754777968582
374	-130.49177097114443	-153.5799979064641
375	-86.66424027049523	-207.1787830998985
376	-116.63418062787416	-225.5017343167093
377	-162.45935287920855	-359.8567209561134
378	-176.92255886726133	-343.15695383851255
379	-157.36486087057386	-307.0182692278894
380	-97.33959577250263	-396.2634568861954
381	-78.2176141458132	-421.47555768913946
382	-163.943736523402	-296.72761931897423
383	-89.95108694951455	-350.0529072871434
384	16.36595436902728	-223.51915309639034
385	-86.07953038734914	-197.90007003481315
386	-111.73446619066947	-261.5336943306869
387	-16.885087580568083	-353.8480291345912
388	16.407054564398507	-313.99382067772285
389	29.6296179478027	-257.194412920266
390	-125.75650362721467	-297.65038597318875
391	-193.20613574094762	-210.81141829086056
392	-213.90735405591352	-250.27541793070947
393	-325.83693520760573	-231.7766452248289
394	-286.14191073354357	-269.3090144982604
395	-258.8141022634429	-296.65164233533153
396	-108.84555391001436	-308.74285500514463
397	-79.4212743361555	-346.6686056223058
398	3.1481570205206424	-260.76810387050637
399	32.37271636719477	-330.50197132040864
400	21.34992624015274	-227.77167439419918
401	28.370335344998885	-232.5427247673958
402	31.11836056516583	-203.91242953005624
403	-27.3641034168768	-289.26037784666994
404	-23.533529031313705	-161.34270170681364
405	-86.80254527807809	-236.64215693286457
406	-23.51930625132985	-263.45310861091815
407	-19.866249510854843	-161.7685405896352
408	-19.981943255824618	-279.9284777888758
409	-1.3840184646857239	-323.9963415686374
410	-39.11155720587048	-272.783688266643
411	-13.8856714780446	-290.04456968703516
412	-26.796355726644208	-230.66183877097893
413	-31.26275784480339	-281.08392160369556
414	9.647189569131243	-242.16198387186202
415	-2.013516725057082	-312.1199437964102
416	-44.20534872969691	-259.855380241984
417	-148.94502402755253	-331.611652084683
418	-66.83869814517979	-284.75282254771525
419	-114.20380353118216	-267.0434195499572
420	33.67664898537801	-260.29262436508463
421	-133.2125780490864	-319.72523358719934
422	28.849415902262194	-391.3732218895473
423	1.3995270943556901	-368.8122065982014
424	-3.2118487399360447	-254.08963730267533
425	-182.50278249020448	-399.4191090926596
426	-35.23184124900732	-267.14858720422615
427	-64.83801076076925	-226.12321971647629
428	12.262361131500867	-406.76224208030055
429	9.510402570721439	-289.45374576110845
430	-37.66611131845498	-261.57901518141915
431	-47.997321072825414	-336.4789563576279
432	57.76989258645282	-359.77437660005387
433	-51.49437488361946	-370.74450838287225
434	-24.735116784057013	-221.23853027984188
435	-147.1375948523512	-428.31934230540475
436	9.170665235728837	-431.8506747237202
437	3.218134203801336	-433.36271488671304
438	-38.46539728944309	-345.0913434965955
439	-14.557488263275019	-404.5795685850091
440	16.712132101046407	-455.12362153271005
441	9.083227612680062	-252.40329860859688
442	-21.219492767158357	-443.37685782728335
443	-32.94655035631891	-331.4762851330284
444	51.48683617992208	-226.54708623507221
445	32.76674059711567	-491.3014763616835
446	26.52575584660572	-312.60040583461415
447	-22.826333385617446	-454.6936210051712
448	-55.34557230808193	-469.9115791983986
449	20.07808054699126	-370.09931489176347
450	-106.29950083059818	-447.96305480904255
451	-189.3364410201417	-354.28420611399366
452	58.45756017986477	-359.4098247923368
453	-7.128068416936216	-361.72063227566343
454	-123.59535939272297	-382.33889857465846
455	-208.4815151014659	-360.29725841329423
456	7.224237162230295	-340.07884914907106
457	13.804192205689418	-231.59538137063998
458	-135.90700771076348	-334.8921859858294
459	-211.54518862092337	-226.35845194480333
460	71.44684757380593	-339.6929034525332
461	-16.899192137734502	-285.10399366719173
462	-93.24221840704612	-286.73459894875657
463	-1.3501789303803946	-320.8788019869059
464	-15.974042012772216	-300.6475475730331
465	-114.46341066920667	-318.254069451972
466	38.959563450433066	-172.59701221308575
467	-12.983245314117099	-344.38392451845453
468	-19.700268034247983	-241.79175588298406
469	9.270773483798266	-242.1355738838951
470	17.92513002902865	-245.30188120743944
471	-73.46129278236135	-322.0966147105761
472	33.26123190177418	-347.0864279385778
473	10.36578287100319	-300.5094422547926
474	11.44535226796495	-356.20871543069376
475	-82.46533546550883	-402.34509255167944
476	-243.18282290002605	-363.9350282919051
477	63.970319944788834	-295.50392757215957
478	-104.35805991937113	-294.5944121057794
479	93.83291219862082	-298.2771415938372
480	1.7802999708127953	-269.57164618956745
481	6.671566252715066	-287.5794757721418
482	20.46034889268941	-290.32930281901383
483	5.865609121084194	-209.85830427173738
484	23.100327107514076	-168.4622851997981
485	6.119997398006859	-266.27860997930634
486	-7.622048118524333	-184.7211717958197
487	35.31820826182261	-291.76441529077056
488	50.46551547552448	-211.58253530287186
489	89.0788966746344	-152.5132042023526
490	-31.12510900034316	-185.71763911737696
491	11.720355693697016	-175.17763162602807
492	-164.8420346769846	-118.33202052361654
493	-40.80192933546648	-111.2004799567655
494	-7.939310146980404	-98.0324368231553
495	13.735526928802528	-230.38779819143252
496	-19.122843226585275	-172.7683475422187
497	19.98284828529863	-114.19713133458737
498	-162.31003467297168	-215.58737723771316
499	-39.30649507456923	-150.26262493008966
500	-13.938229101944316	-154.35373978204825
501	11.700654489776767	-162.52956300505053
502	-41.6470981401539	-187.21282508544056
503	-32.02433171059276	-93.3754700731835
504	-59.06606981422986	-156.31532750197567
505	40.514430693287835	-134.37312734956257
506	-2.0371013697466793	-89.29275628827254
507	28.440952346565275	-169.5318063633341
508	-17.386144169139598	-64.2454977921857
509	27.227793161389684	-68.52240686570862
510	-9.296985593462665	-79.49204908215522
511	5.084537343893572	-104.94238691745383
512	-24.1249298584829	-74.45809194201783
513	35.67066446689728	-202.1976313322617
514	-6.604134373492272	-262.9099292676522
515	76.35324513694533	-253.70190240331448
516	14.10054122917995	-249.99117210733417
517	-230.41438731480252	-210.7180075511459
518	-63.24230616897077	-209.6758108212152
519	-215.36598483143075	-220.52735271734105
520	-311.66107143322165	-216.84115277993945
521	-3.196479712813134	-224.90414750595573
522	-210.70510286115638	-154.32165222416089
523	-99.08003289366846	-172.4532806235904
524	44.034538102470954	-217.7791426632235
525	-94.96186573854827	-139.51842674915252
526	-98.9788884333927	-231.8886390687063
527	117.94544820217028	-166.10530375367992
528	-40.75297643419251	-245.51628652915005
529	62.825518765524265	-161.11074253491768
530	82.32260713812808	-151.5583964234417
531	-4.473976196141024	-95.2984432842057
532	-36.09454679336814	-162.88105900727365
533	-70.73775638264148	-93.62737186319565
534	92.12562776261174	-137.23694646799152
535	107.75079256462558	-114.68372107068211
536	3.86280676024721	-206.49399638080945
537	-9.27810586929381	-249.64536980921264
538	7.743880899802718	-229.20650493064653
539	-7.303221150099986	-234.1981844118145
540	-50.61694707000983	-257.6974206173689
541	112.99137714843256	-164.20694816873097
542	-8.90163984674949	-228.33119276654648
543	107.43971330553444	-233.60480354000302
544	-52.48297508214817	-119.62887564907498
545	2.215217589426146	-170.2581618727076
546	3.2203845727087383	-209.9269040526808
547	-210.4569711855403	-169.57555806593098
548	5.012118758872134	-204.48633406140385
549	-85.42124145754931	-125.10859796314612
550	-84.33972769882686	-194.95320816460267
551	-26.33891845458126	-222.21959673405155
552	-55.32021100027066	-252.6949104396722
553	-48.73349411850759	-177.7363071311844
554	-106.98827654160637	-149.6955256880942
555	-153.4544213984027	-226.30134212710615
556	167.8628118570409	-171.85330621259135
557	-85.11509699053374	-225.41774544721525
558	-22.262637010765104	-250.69289362044586
559	-143.8258051535613	-235.59877147293764
560	-245.6567664073264	-255.9056202042086
561	-17.366521109679013	-274.4876820252844
562	101.75151769303369	-261.1696398587902
563	6.882048127200471	-343.172296908721
564	-216.2558253595774	-294.7754458567248
565	-80.39313624454547	-288.9884459438117
566	41.66987712667441	-165.39273844534154
567	-86.68520223185435	-246.9046900304715
568	-65.25374924336613	-201.72662395822533
569	14.762172475226583	-189.4243169835679
570	-186.78586398820005	-172.29733818594877
571	-78.53112141870422	-221.18693893928747
572	-110.32489862095753	-165.89240045279416
573	-22.461472433000722	-201.17940417576094
574	24.89018428572882	-211.04625727927674
575	-57.77074015114635	-230.00936316703724
576	-106.27404356720469	-222.6738361500066
577	-43.13147490760559	-201.21396000816102
578	-193.31128593839628	-246.75434415368233
579	-110.30887856280901	-211.39611999416076
580	-71.91758288672627	-271.5762990203378
581	-136.14502681887564	-308.36926620353364
582	-222.79317216185245	-289.5008590661623
583	-97.78380307549219	-274.89878435384793
584	-130.86606795594037	-330.6243417370408
585	-118.41565171124256	-396.02137681779135
586	-74.32869760852837	-286.43045819880814
587	-46.16779217035177	-197.67550865859278
588	-47.18249342658514	-180.91576126533218
589	-77.07659546755754	-184.1590626140681
590	-156.7356734997636	-179.9542520676767
591	-51.89744215946598	-171.25962513324706
592	91.67704875576527	-188.09559983466988
593	-11.818520590708175	-126.6000294527082
594	-69.50700634556951	-96.37127255752513
595	66.85721792252654	-270.8912868327019
596	117.01550777797154	-130.00501276604797
597	72.20467592288388	-204.3806467086882
598	40.0131419795087	-185.12548266769969
599	-61.808656559808306	-125.38382708110538
600	101.58785641106132	-155.61274920335654
601	83.75622541238677	-126.83958423927848
602	-25.588605760439364	-131.4822027400754
603	31.141514593376314	-95.89276929707835
604	-45.29475114378886	-154.61629554848636
605	119.53087433472987	-169.81962214306873
606	83.13698539551633	-105.07460379112949
607	95.91138582475145	-178.77010766392124
608	3.176906290562698	-162.706763237973
609	28.08705962362282	-186.2015418167043
610	60.74717474329515	-179.40179586209578
611	-2.5045871430744597	-199.91822817394456
612	15.280468262038085	-92.04215823423657
613	-65.81041803561294	-75.29150534968825
614	162.20040841717264	-104.34872596767221
615	16.246392614915266	-78.68402855383756
616	152.0373667953131	-71.17676510641057
617	113.71045663936277	-78.51317128407159
618	111.00545757858207	-52.28007153467814
619	101.72653519247827	-80.408765666229
620	-29.553776620364644	-55.78481422080477
621	12.093641556529278	-85.7552360996983
622	141.73791205645853	-93.27085214887292
623	10.66389988455471	-82.69891853936583
624	116.98906992509353	-113.97091516015405
625	127.74010451569366	-87.09263354640379
626	81.38353853900058	-124.14732319846932
627	14.465482472608315	-109.61967122821403
628	40.58847565487758	-106.74494437583655
629	85.98418174598935	-73.83831174701835
630	100.12575924408408	-132.01999389002947
631	87.64439165234279	-95.18324824041441
632	98.37747011521328	-105.08012930136887
633	139.86107549733654	-79.60392852598662
634	98.61830801245586	-102.24140301517089
635	109.54909163408742	-50.72449345038529
636	124.31415226231096	-81.58816269937525
637	0.09287453836316217	-55.04206730133584
638	7.2313490472241995	-26.378170221643657
639	159.53434100329667	-87.77078208992421
640	51.152080440032194	-49.14181488514394
641	61.142308766139436	-33.33399193977788
642	140.19856178660123	-40.65724153434981
643	128.80572950557766	-51.57954188943369
644	-20.590748019432127	-35.294822784228586
645	126.59088969455392	-35.2456201964093
646	13.334052143030277	-23.610831904008943
647	6.325684076813971	3.809724317384946
648	15.17545820192511	-21.5952233135664
649	166.24622375002275	-24.587724943867894
650	27.710214888625842	-21.45238030190639
651	18.830381606166284	69.25526613705931
652	-38.88805404719868	2.90699040343692
653	142.7914184370425	-18.725292161908307
654	36.37411664782428	-26.85007162693468
655	103.15086401716513	-5.9437681557307345
656	123.7103812224268	-20.826555897928976
657	89.87793488525917	-40.064726905602015
658	41.5474599479038	-96.62469673533094
659	118.37636876439272	-103.6941528891049
660	144.55993406239648	-71.17843205125028
661	96.08212664589952	-86.47611269300118
662	88.81394410522216	-91.88053787794371
663	-19.836833719382355	-75.48643843165006
664	-0.840905311649891	-51.155145433951745
665	92.8849756465894	-88.77331114325634
666	-2.7240046680066143	-79.84063010566668
667	25.491099787918372	-126.4515146553242
668	95.24965362678145	-115.32545612266698
669	71.15208026429862	-136.85928195655404
670	76.60887870659253	-128.26333181715026
671	-24.10452687656692	-140.12019514010473
672	-15.024069785912648	-163.69637968123033
673	19.80688866797802	-116.72822139569766
674	43.131958120902695	-147.77571743172825
675	38.199531927323804	-126.99696421764514
676	108.97186367481767	-94.46553850857816
677	-33.181577009107855	-109.2428462018569
678	83.31091074328414	-88.05697817780766
679	-4.036992583908884	-87.43429048518217
680	137.08467822690068	-83.28353780351435
681	40.172371246759226	-38.19213499999731
682	71.51998781792788	-35.80917895194461
683	1.341627132240049	-76.21992865309964
684	110.61126440075637	-58.274748776131624
685	124.03702136102348	-53.460482890725046
686	137.35328808746124	-49.95242912432014
687	171.71207552230115	-27.169425764586613
688	158.607904261407	-97.01667865008687
689	203.68774251789628	-57.56132933356266
690	141.50379831954095	-5.677402844407379
691	120.52024135519633	-54.25865869001742
692	147.72230483996282	-12.208451231471857
693	150.3249851455036	-55.690675820627675
694	143.05468451491038	-63.60561752956495
695	110.98402976944102	-76.80216823530057
696	145.28075886373426	-30.447748403674797
697	146.30742261391867	-25.398284136509353
698	106.57352535885732	-81.50797750217752
699	131.84761767322445	-7.148680781104114
700	128.88193290751855	-11.554917667122927
701	35.882313954040825	22.184900486577757
702	116.94069156086037	-35.037787194564395
703	123.82432168303094	45.86800715646359
704	133.53505540474904	124.14898587578944
705	33.90091749895575	-97.72497186907806
706	122.05000102335637	-57.968770786739896
707	32.21349394331	115.16184958953802
708	108.57500419576021	27.948892183005178
709	-32.76850945156636	173.04941760766297
710	94.50558836961909	167.79331771673827
711	151.56896931666043	-50.098377076319665
712	-3.150843450100325	-90.75785852091013
713	14.618458470610534	-24.21387310421719
714	112.24196094484762	77.36273022631384
715	154.7528624327966	-69.86379771117653
716	94.97272392895066	-82.27436478636072
717	132.72459620141953	-41.10317500616138
718	27.733770174664258	-62.69652952969551
719	14.230142744026878	-39.68553163533796
720	90.05710878457022	-46.2687876867811
721	17.228255868545148	-32.69810584397162
722	136.62997263443376	-43.39263943774919
723	100.27432304707412	-65.45065917829439
724	35.45727080721005	-78.06298833008856
725	156.3533566285472	-84.36495765401708
726	108.14277369922868	-112.87528087363745
727	99.15178106875588	-54.45091276416019
728	114.1915825047556	-58.03466177740656
729	93.85873178122525	-30.489618963749646
730	134.55989810766891	-109.4297239866295
731	138.1259505660151	-68.89954629660892
732	94.81911927629224	-102.59304117638088
733	77.06345598193955	-31.164293510797744
734	101.71007884566968	-70.55697127886873
735	-19.013766363930472	-107.8399453604414
736	124.29434805726997	-67.82062468180278
737	18.016995855664703	-99.27481250630056
738	139.84849947817398	-51.68040565367327
739	-46.57154535511571	-81.68239221359323
740	92.8994250891201	-88.05421833711662
741	21.91805663695132	-70.72337744689641
742	185.8063744263087	-44.939222727759365
743	21.170972117557042	-51.80483287059839
744	143.99003546402645	-47.2021672776891
745	-24.00386109972913	-71.75846249348928
746	-75.05564127273679	-63.84326618145775
747	-44.10630555951762	-127.64227477897484
748	-25.355716333960757	-117.0516424306769
749	24.63362421862082	-67.95415594546265
750	6.242940070799599	-133.8901697390206
751	120.65243873776859	-112.74840406195588
752	82.65919483810762	-106.9117474772897
753	-104.15938343052116	-90.3652913580854
754	62.011832333100244	-81.44915156198525
755	-175.37706854738576	-133.37628587505196
756	-67.02611117174379	-75.64676426077264
757	138.2093050384236	-118.93748454992358
758	193.74400714390498	-98.76706115580735
759	35.593916990477396	-111.84583073453837
760	-59.234402366602225	-46.95656662573594
761	73.4209748020193	-58.37416732096098
762	102.43847396831515	-54.17947408760874
763	149.46150358716702	-56.69439393374091
764	-7.720888561681292	-22.808228735522825
765	199.4690607663671	-20.887710201105513
766	99.32154037450378	-39.644962405866174
767	158.9239960579767	-50.30912853819307
768	143.97343328473437	-35.282961110535716
769	41.91216241444465	-24.408697235760307
770	84.04498830907305	-42.773824034302855
771	54.82075966543357	-47.78270715769095
772	122.44404764008473	-19.032737448645985
773	236.07104721412395	8.94283680864924
774	211.69995501569394	-138.0078153765573
775	229.50488673323025	-72.39580371415435
776	2.5353127225056085	-57.86453210510105
777	265.6718020741198	107.15286709106175
778	36.31353673622468	-5.968087591392398
779	-8.729906897607563	203.9044853561798
780	20.943569940014697	147.81011572279948
781	247.9681526491726	154.08462355652617
782	32.07598801692723	198.2887062290061
783	2.007109894655514	168.22190986586324
784	-0.748569816192969	220.71820080580034
785	285.93790916930607	196.41803578678224
786	-4.747526560158036	210.30004916491868
787	64.15195065108634	190.97779199340442
788	30.478952735602945	10.075834356513639
789	235.26980071490985	203.11829761329454
790	262.26135976953674	257.8381932433049
791	5.1673536119451455	254.0675889043562
792	239.83834332602646	257.0396412619628
793	24.28127657263569	215.88519036899214
794	51.991100123353675	256.0668709131337
795	286.3401473423193	211.8129574078284
796	271.38986123439344	9.128238971520915
797	4.695823286981778	25.678995383596487
798	52.55965585990066	228.12353879778175
799	29.71125426120554	262.74175220244007
800	22.0111611962254	31.709037251815232
801	29.55465128258777	246.40039841685635
802	-3.570650131839926	269.3256355833804
803	29.546214307217866	3.2393796404405464
804	263.19633377195265	277.87756692974654
805	32.701148575166485	33.70284978455214
806	41.00013156403776	68.09541308693869
807	46.76845705224014	49.738428254975446
808	246.47980925592077	22.680839556901304
809	43.202872611507814	194.58531221586784
810	259.5583954262853	40.08346792057483
811	272.01681822397165	27.543098886513334
812	-2.396947528419119	192.22354979078364
813	45.640262298762195	251.42464185909566
814	-24.455190840416137	239.72014242215212
815	20.539294501798267	249.81659144140468
816	48.79264112982719	263.9954709064229
817	222.17590158463378	196.34964718352137
818	230.4820194793138	-22.71134954396571
819	2.5347554670558594	-155.58243838954652
820	234.96477526997523	174.69076577085193
821	170.7857695944433	191.73607029794368
822	278.19040197286085	-36.24694380608024
823	265.7997136977675	21.912393241614325
824	244.3048606655763	245.14225425105468
825	41.398923021046926	-50.02057672796987
826	-13.326833745745546	-92.27505008427747
827	-46.3411872760321	176.51901529988618
828	10.731711780030025	229.83795457441087
829	60.0649449894334	-101.18862436951731
830	50.30012156135933	244.57070868086115
831	25.436756856891122	178.5051849354949
832	230.74606162839922	217.95450833413398
833	-72.6892729210347	-63.84732264098962
834	19.394087605799527	246.94362031462182
835	202.00491409900062	206.81075087540512
836	17.18683150075907	226.38171518922462
837	216.32690509904512	-21.429008006994437
838	-37.39646690733113	236.54107241644112
839	-129.30688887639496	239.32335054842434
840	194.3465658238315	189.93619402508463
841	219.0287964995919	140.01003334852382
842	238.89840885541227	-88.11575359653153
843	-28.68572939800285	218.21488038297235
844	149.36685540863897	158.6459672438123
845	270.638988875717	-96.78624545223857
846	-24.40113675354705	-15.91454099398354
847	27.874740133702147	205.7869928552078
848	241.62292541781468	-61.59026500358564
849	205.7081445320641	-1.1354772325785696
850	204.46212685061641	-54.01926601879355
851	237.04084616622873	-76.05379522240246
852	-4.483910176936206	-23.718633645469605
853	230.86620638896932	-17.10883587253764
854	244.06183172241106	-43.13217821987229
855	231.67705470468982	-26.328316811444108
856	198.34405406628963	-63.24444582817836
857	167.71379736347518	-75.8312576339814
858	-38.79798295976872	-77.75897667687956
859	-35.04383005594531	-73.29915348652331
860	144.23704963589532	-73.052528714214
861	207.45423258985858	-69.07762698589815
862	-111.57078656792127	-71.62971570387678
863	242.86861437191092	-37.708267546038655
864	203.04518339419184	-77.92241425260791
865	90.5056646499254	-91.07824729922622
866	-34.124645966894946	-82.14681500040214
867	72.96651277288333	-72.79969490658262
868	195.3824694711179	-78.4053914039528
869	186.72459365662291	-36.34306331698442
870	210.48312148694865	-53.072585375159576
871	224.8603875039156	-76.565782339956
872	2.247565471576138	-22.270324459042065
873	258.61944590605253	178.34363035899415
874	-25.414883443333082	-38.2878069732384
875	200.37628317466348	167.4798987894702
876	204.3312912141987	-128.8173080695357
877	252.05741930453192	150.6750032217841
878	271.67049434424064	172.46174962290013
879	30.752706595239744	166.72849815906267
880	257.33860759791366	204.5259610535936
881	49.09690226020274	221.5617550790893
882	258.5484661645436	215.13565195250254
883	41.71755378206774	181.3640557746707
884	230.01672143126197	165.3840896125443
885	295.07227209664245	-41.864943740690535
886	52.075053978861604	206.3853654598028
887	9.921419667902626	236.85420708532826
888	13.045518498876845	-4.9485320613406145
889	234.29108391320247	247.2826523045724
890	267.30618556318177	247.61372562319627
891	-7.575298552572036	192.3754911727589
892	258.6640852831057	227.5207466798055
893	217.2868054555744	240.838360682376
894	272.1153397724038	243.47763915176964
895	273.7115457311713	257.6715236896309
896	223.47485803178017	248.32852902412
897	290.9462439449012	-102.70127555402202
898	280.8271652172202	269.1976059574733
899	245.10676551401312	187.93077004869133
900	264.49642318219435	223.99308465554842
901	16.75058451199054	227.5372864670093
902	247.8528381919044	250.567855002842
903	60.14671436298761	241.25288754352053
904	219.81976248043242	263.94748758533547
905	2.9028692111069603	243.31991773406273
906	-1.5359907316944401	269.91966280139377
907	280.321152694801	234.2274506231064
908	220.61670551120983	178.1208020253457
909	28.562738609473598	259.87152842945375
910	271.2406538677583	268.7470873075247
911	271.7714638079209	238.65748513969032
912	241.2830934060402	178.40641530518147
913	236.2338413411025	241.91773390668587
914	257.49203259930925	228.03513731594873
915	244.9360231785851	223.34517281699465
916	17.25795638141068	218.32075052450665
917	258.50453276116286	232.1877724690551
918	34.25412463335445	207.54734328402452
919	32.475912839769364	206.93859316325364
920	264.9436220561939	197.40606433323165
921	235.50339576483702	219.22992619058425
922	267.6143072070495	-57.76707542065192
923	243.35416825639516	-1.003154484540886
924	255.5570434999509	219.52826935359326
925	27.550486738224066	-27.77969694327325
926	252.03317943279703	157.41603513578622
927	233.70015863743612	-110.38290737534508
928	276.0923928782029	130.68773424054442
929	265.70681656581047	145.8140718936776
930	22.957956568423953	-82.27585697601072
931	294.08035657318584	-20.702004153511737
932	8.361302042212515	211.873739673957
933	15.367607143818915	167.01763374119213
934	244.15733862270656	-213.9083299742997
935	231.99332974364103	-18.52533652815265
936	32.64784639834937	212.47685390327666
937	-4.766745915829091	185.32545326301255
938	277.4116481960322	207.074486347189
939	262.8269046960345	-34.99541910442653
940	279.51445615264345	250.1538772581144
941	31.60148024543838	219.79283996682167
942	62.50663696946219	247.4205905921464
943	10.168817635774573	210.77099539252293
944	304.8544200147976	246.42978200576988
945	257.5954296251976	255.39175321904082
946	242.31160521129246	205.79558354835586
947	36.73056152264854	-114.58404012235405
948	33.72828863778142	225.65710850581723
949	260.11915366384363	-64.90596338402801
950	253.48017837556878	260.0295393220108
951	281.6457410564983	13.503454943319639
952	12.02443040559686	246.77048076564748
953	209.31436213956837	263.4476935363931
954	12.391374807353642	240.06997963250208
955	39.949514356963704	227.42311392913058
956	269.8663829342993	258.95943437458203
957	274.6721619889295	254.4410165026386
958	285.9518783066667	242.9639177405914
959	266.9218902996305	255.96826520006434
960	269.4415450540271	232.8676764495953
961	15.482677540721141	8.424143325560266
962	3.953827315596598	243.58210513947003
963	219.20744001983928	-101.49850568720058
964	264.85322078959507	226.09813377378953
965	-8.318842858449656	247.96388253353078
966	-5.084504429612323	244.57876580341718
967	-14.82727319589695	274.771628327437
968	5.488656621720509	245.68381289178396
969	9.463447895110235	225.90388455551363
970	282.33629108773505	23.995670510249013
971	178.00487843279979	225.18543065805034
972	243.07430785522646	234.92779910864226
973	44.63776113846967	264.4083793889842
974	-17.779833470837858	-125.10588541607444
975	39.12460654668806	281.8070233419367
976	-13.41957667458665	267.0500131272904
977	43.860355656253915	284.9914991366195
978	13.906690219070668	262.80403806376756
979	38.49331621423039	243.77073683948208
980	239.71929613133668	298.30702470426627
981	316.4014189468682	20.73251044464112
982	33.37050847915509	286.656602418558
983	36.40406503043465	-5.149991670279803
984	261.6943282811829	225.99326728082053
985	-8.748972751217622	-65.6920952804148
986	4.729561361183343	162.07868726385982
987	-89.20823153510477	267.6899421841374
988	60.018199918912615	209.56385744472604
989	45.773257947690695	19.748887703970553
990	17.156461811896847	204.41415162358794
991	53.226450007513165	4.743718942591158
992	20.114139309103166	232.39271970085161
993	246.59922485874756	-47.509399404133546
994	-37.24871471408831	255.21338966155085
995	17.15429279515621	-41.84982796824349
996	295.54794515139395	-46.32643573588293
997	223.05956273595288	-95.04705533187604
998	32.18314567286538	52.94478872423832
999	10.76295007815284	277.4472281049053
1000	-33.29373813949903	162.91884117507624
1001	30.27726651205134	-85.99820454629561
1002	37.59280156489922	220.11043152892745
1003	46.03885473338255	-19.406064188725864
1004	216.34859113902382	35.1484446246067
1005	21.631717358439033	-134.35812818117762
1006	260.8731972679015	278.8861546826722
1007	29.228499649918064	205.2971062567321
1008	7.922923521301541	-68.74641794987488
1009	264.9392711369558	233.14046666126055
1010	45.53627904603803	228.9938837098651
1011	244.50009916254783	192.77723725976944
1012	258.44260050983604	-128.67823472757215
1013	31.047839812045595	-85.48509897050083
1014	44.25685574598148	241.92231533273224
1015	290.53418489153376	172.34664341147325
1016	286.1370638023325	230.24753948492116
1017	228.1605077734074	239.84576204857743
1018	187.5515995920827	-130.16150996447072
1019	203.80024087290244	13.279661823549475
1020	-186.67801086420963	-33.40940370191875
1021	293.0153819233739	211.1259779221574
1022	282.77930890996686	267.3284047059096
1023	20.96214835309516	232.83909185171035
1024	55.80766710139983	-64.2644722427856
1025	31.397741722621333	230.78158179579285
1026	235.16537665419258	-66.98930991920726
1027	233.88435654271083	184.88250168598483
1028	283.700685913763	-14.643338618548299
1029	254.6711082113845	254.85297590466604
1030	-13.194921710786048	223.35700517908262
1031	53.808921142753746	2.5384891225009056
1032	239.73537877409484	259.45652907337535
1033	240.58992010092408	-5.854151203034149
1034	238.63132582910637	266.71398969974706
1035	273.27778612986833	239.42040848521003
1036	270.24825559285057	-14.038352563822258
1037	37.928172951511215	0.8706292604839376
1038	-16.50442896981808	-34.17748079066942
1039	27.649805539811226	3.236456118017486
1040	267.93545912140473	234.81935821809563
1041	-7.543390564467927	242.76195472579886
1042	20.357827092767593	2.2479703240977216
1043	246.67805895906818	234.02325653269747
1044	248.90656522542434	20.05956231606686
1045	251.79301455296797	220.4878185492014
1046	274.78784270887644	261.3399455413951
1047	274.1039279727633	259.5855535430443
1048	269.9708490194846	-20.99491254230803
1049	41.31053952533989	259.7468830814836
1050	250.89348336934586	-22.85744285488427
1051	190.65988850275218	279.0526818002625
1052	17.7120163537586	-50.97220470877228
1053	232.68093409892407	227.36869869465036
1054	239.36348185884532	267.01268230686145
1055	8.966198308216434	258.202807947521
1056	261.7540460488005	256.8297925442716
1057	250.40037977711432	223.565854038731
1058	274.30180028881955	-39.608455389074166
1059	274.21100984465835	-34.95900252346418
1060	273.4926731162525	-49.930192837020684
1061	276.2309008274706	196.04256176453816
1062	41.960350136963314	9.207896748470745
1063	264.2988965490311	270.15139781905947
1064	20.066675220477137	10.484201284649856
1065	-28.277995689481088	179.15076031624218
1066	37.65328816002642	-22.511824592295568
1067	18.545750161276743	257.8934661347098
1068	28.34670672476838	-23.51087239264261
1069	236.26082532105892	239.93206137474053
1070	313.54884299415426	259.8988639837635
1071	237.07285172603807	204.64663917215893
1072	281.5771776369725	272.215203223875
1073	230.47389557858602	217.2632261267502
1074	199.14507134914163	262.3305291527024
1075	269.91788814614154	-168.92818760656957
1076	238.49836236484956	226.55376148435278
1077	67.63067290141504	210.43186548376923
1078	8.422646588181067	198.2687266029319
1079	255.1943290812816	263.0310984070294
1080	271.1545992323762	253.49160340857188
1081	268.5594936400403	231.19769059676003
1082	13.59431795543054	-239.2066337243879
1083	249.00703810072037	167.072627181777
1084	249.2422100222071	229.79110237365853
1085	272.39406773989623	224.17797899130963
1086	-82.81427877989957	-157.41864369550402
1087	4.982636794790565	189.7055339710763
1088	250.29449065750063	189.04733169970174
1089	282.7473662514509	217.53297441770232
1090	250.00426338441636	239.92776018776883
1091	34.047078491615196	254.34597829760565
1092	264.67691188397134	217.94587008426745
1093	287.2419668430101	247.91466124872412
1094	259.6821472573293	205.4523942260764
1095	253.32086685896383	236.59116550918864
1096	286.1724697419435	230.6838343897079
1097	251.55343481234914	265.281751405048
1098	259.90581745223653	180.15746780835468
1099	232.4668199012195	263.3884200073259
1100	205.3842599036544	219.48951763281903
1101	253.24754655289632	251.81754063773639
1102	290.1745171698476	239.9813862027017
1103	264.21562181718866	249.36498419155143
1104	293.6088117918978	247.70960839377582
1105	197.6815234318496	183.7796515031628
1106	268.3455836330033	204.18885644624902
1107	275.6147500234775	258.1450856319598
1108	299.1448303410938	235.67139157848422
1109	258.2693789037598	225.94599891822938
1110	250.61507509413866	226.23156494732353
1111	297.4901338883768	241.84731424378447
1112	-23.381719552777497	223.71158957027188
1113	286.4813453037809	225.252396276073
1114	286.9783066540608	240.04598701169976
1115	257.29149696144486	198.36150599160948
1116	256.9072378934005	217.59847087410287
1117	237.46431310941853	241.55427308281597
1118	257.6393907490975	-88.86075364884361
1119	276.13911471435904	172.9467817045132
1120	165.06533508452853	220.8496680422735
1121	285.209765395971	190.53094948427287
1122	249.54833646085848	138.74761364284893
1123	288.70400504864233	214.68285264397062
1124	268.2691831825922	193.4988422010237
1125	262.57822170095653	235.79251014709712
1126	237.9513401258156	252.43440025447535
1127	276.5319067968536	222.80998868874067
1128	267.6382477778674	156.380923469704
1129	-6.326569927370272	-19.040764704768222
1130	225.64903262231016	167.17624594816556
1131	233.7356250995431	212.80238750189554
1132	20.639747614042236	216.8741402886862
1133	272.02860830829206	207.9278330041115
1134	223.11270413168546	188.50754285244744
1135	250.93130523931765	234.352155002286
1136	154.10614908504422	209.84083863049548
1137	230.9281137447509	-23.97652647596317
1138	260.2840924716246	-18.729300852419215
1139	243.0664280584495	246.53037719912714
1140	-1.9993870176173516	240.44327285824164
1141	36.129351298446466	197.7323324389978
1142	238.16678851780352	182.04485102041747
1143	271.03566465717574	-79.01458804210998
1144	291.87930725022613	-52.51946216111335
1145	4.042819095787152	219.9659769871141
1146	253.25596491719648	-79.77842718493937
1147	39.05058009474362	234.33497700010983
1148	229.91272143387684	235.54476888248922
1149	253.26944509492608	-104.99573189274341
1150	245.71868521874825	250.1049343310856
1151	-168.6409534294034	291.33804074184366
1152	-40.38721875657279	260.9725161539667
1153	272.2538064979423	226.3012089097724
1154	238.58011646698841	-15.225293915267812
1155	282.72623386182534	177.63465629490844
1156	26.260107116799077	244.95695163264156
1157	-1.465449925813246	276.0172895089149
1158	62.353282271270956	-36.47607009755298
1159	245.03043271936576	250.524514375359
1160	299.26726437852966	222.22804603290385
1161	23.205831424940172	230.6110939771863
1162	-23.610851776653163	263.67176167835714
1163	8.097155729435087	20.956786786362628
1164	234.0789326329239	-52.53110659462892
1165	287.0348907556576	152.3928865184879
1166	0.4712819695294854	1.4826086146317863
1167	9.456885696697853	224.64101839481458
1168	291.9873354787262	299.16633101357945
1169	266.31683373894475	153.86440319730724
1170	3.927790236141462	9.298356366341125
1171	14.304427160181277	-49.54581046671322
1172	44.493644977033256	255.877734127813
1173	28.749912893059246	-4.616453567618905
1174	30.692165468783287	211.13500610518153
1175	36.857857683004	-21.593585087336265
1176	-7.455176943660959	-34.939712093868295
1177	201.15783018696237	271.01980666176144
1178	269.9368603677017	232.44853430324494
1179	230.49049560187052	10.409295070606717
1180	32.58573556003907	-76.65078122044358
1181	229.99608535863834	227.06817990490345
1182	244.0231887850813	271.8877981331418
1183	226.62240741159897	272.4561115931954
1184	61.52135435083801	217.10696141035697
1185	271.2418040050841	246.7012898889036
1186	5.7204189519462005	256.65651936489303
1187	221.29613177276548	254.22681684571958
1188	290.75798003208934	237.01511435653268
1189	266.41422619426663	237.20805521238788
1190	50.180139227104405	226.12362216092993
1191	12.272527542446426	182.16954707398835
1192	246.49415707435935	244.76423916285657
1193	222.49176898787164	223.3557558685307
1194	270.32171781113027	225.22165760028136
1195	259.50005665955257	252.07789704050793
1196	53.94745231445293	238.1739091245285
1197	258.1842428234472	2.487387151290079
1198	164.82075165182607	259.2236575238115
1199	268.5086728002058	229.26108302629478
1200	240.96759127587848	253.46083955747093
1201	230.15405377508276	243.20213119633303
1202	16.90187110412063	175.65311813788188
1203	260.0083623053966	254.85039750027795
1204	267.14208143338885	234.70395868325954
1205	218.56887903278022	263.9649213676191
1206	44.483299804683156	226.82557549861423
1207	311.38013431704786	226.5517523616084
1208	7.22269182309023	263.2677616833281
1209	270.3272658780208	223.01276684842338
1210	264.104552424988	221.81323447794733
1211	246.1830632895642	219.75672009998326
1212	247.62885349076538	221.29625984328547
1213	240.1426236277439	201.1215212214188
1214	257.7501968206379	-12.69282048023507
1215	24.678367124243593	227.81153884272064
1216	26.181769648643808	282.1426025790241
1217	-188.14276282794015	267.95658773202314
1218	246.32295104759362	-6.730710324205035
1219	191.37572089679304	-51.226738211708096
1220	-155.91828826845895	164.79925842064455
1221	-42.64255354987615	-35.97811810991311
1222	246.9627469977608	248.87738446362212
1223	231.75887520467595	265.99792210041363
1224	285.97227440467907	242.7530752128417
1225	213.2973161544012	217.0370534542999
1226	252.67692438840817	246.13136510563083
1227	280.3157064724569	251.51554835824714
1228	245.77181611497588	243.19568598050296
1229	274.9738651741099	201.33007564204974
1230	266.34030769548065	184.05604569465578
1231	198.38834758478845	273.1128997122543
1232	240.99971768598255	210.45458072213867
1233	242.12356166225794	257.65319250758773
1234	235.9690989951333	210.31095509269412
1235	234.81420636380795	227.62085245500725
1236	22.503587188041607	-206.34679657808528
1237	286.43601372940736	203.1278485550952
1238	45.65765865234533	-9.172711266801173
1239	277.8612192727196	214.58930999017605
1240	21.31572473741916	-23.64052158221628
1241	273.51877553640213	214.82602022941262
1242	234.29741276448857	233.76235478341948
1243	292.02899822576757	-156.50669016807115
1244	245.44501527025298	-79.69253838690366
1245	262.8152778547696	263.1587963798711
1246	25.72228050951442	246.82699535052123
1247	180.0262988599734	221.81159978062084
1248	262.90518216157363	257.0639248603985
1249	289.5823620416213	-153.9497940186285
1250	-104.47228606189941	225.02146828781034
1251	271.8952198166576	14.433819103104682
1252	274.782084426871	163.18051975622947
1253	265.12982039587126	224.5484817213926
1254	267.86131438876237	153.38388984309353
1255	272.0978678329169	-24.60521436047526
1256	224.34682544538651	194.4562768628155
1257	238.36026275142808	245.8136526822653
1258	233.55785199315238	232.26076005604315
1259	287.4282607966019	229.51322542730355
1260	260.630060693032	242.47727099569462
1261	223.3373248199284	199.79552744524125
1262	-148.7261196766456	194.48342698942884
1263	259.7789075319175	271.5709427122865
1264	-158.3577761843626	222.66492862236356
1265	255.1816013559501	278.5857261099151
1266	228.31414802679552	213.49072547283149
1267	258.50155182988703	249.53290385999426
1268	290.35324936406505	203.84109758392432
1269	310.44422014173915	238.65745896822213
1270	262.76216326285294	256.81054200294193
1271	274.0723807811686	212.96172781133
1272	276.57782418317765	4.645540070440873
1273	30.91223060571528	-23.05683236382201
1274	235.44774758095383	257.4417935839647
1275	269.13330495642595	251.9311164437139
1276	49.76229536778084	247.01318211415182
1277	44.0583508238731	256.32259957260703
1278	-212.84101274834885	-15.776070958607264
1279	54.37634098623835	272.2612843320386
1280	-121.80097279810172	238.48924196644072
1281	5.404940930598897	259.3475347117078
1282	8.720227174908118	215.85686463237118
1283	-2.5837812298771894	248.45029070181533
1284	262.7249848668942	-29.0846224102595
1285	228.86203944252023	-25.727215749902925
1286	243.29666864002363	269.47501176873243
1287	61.40946045587327	225.21211797449433
1288	55.89903422631053	256.82604702819145
1289	226.76902337524317	24.035293869435762
1290	266.72507231980256	220.30406635289157
1291	269.5741996558869	245.85278553195255
1292	22.264479882297934	21.351098190484038
1293	258.3110851967183	239.4843662898749
1294	13.939501727393548	5.2303912110058945
1295	30.278330087262418	-46.084971396217725
1296	255.44509095061946	38.98590878560947
1297	265.7782222504226	224.72677598123238
1298	242.16505781130658	234.19063983236646
1299	269.52573517833827	268.6487273120832
1300	61.791232877837274	239.67688988225876
1301	-9.493777946682115	265.2613434696414
1302	37.78601805979446	-37.75335959904373
1303	287.15945829282043	167.97434784747884
1304	266.50574860299184	256.1389359768608
1305	270.8856512446404	203.5637863419694
1306	292.5356546571152	1.8769598414157258
1307	-8.917636366751324	184.16134009194582
1308	9.271672390031483	245.2186128500236
1309	250.40732351880507	248.28977834998489
1310	4.878342517849475	258.4562786711384
1311	280.59230790805947	240.66641593641572
1312	263.13177654949595	255.97259758536586
1313	8.062405518507603	235.46388436254773
1314	285.56739415443565	252.46791902411132
1315	-22.523101860457757	33.625150987010386
1316	239.28404669090764	216.60312909843537
1317	240.7023233927181	235.5514419561871
1318	233.30919928835476	223.40643406962735
1319	258.11050006737173	254.47152986613898
1320	-59.499784698229874	-34.552764978232915
1321	238.4847331970098	143.56742258343317
1322	-168.56936169997675	-116.42319132311988
1323	237.94467022352964	260.34615247075806
1324	265.03892807930794	235.0828527210728
1325	229.27361116259132	-34.25899070113921
1326	11.675146396962816	240.63014850570872
1327	93.53841667707975	115.55098659141257
1328	258.77341300507527	-30.195487615991127
1329	-16.800832819830475	242.18128625588514
1330	280.4704298103585	216.60990337853127
1331	168.83501961547395	262.65037235839134
1332	-9.850663579748897	296.6134035280039
1333	-5.656596299693277	15.063797823782352
1334	246.9448458490815	172.57296020837478
1335	202.1324839574277	231.71171734288782
1336	187.74280358123838	225.79170448830416
1337	300.8413235487935	3.2011549198270473
1338	199.28108332284404	-13.060550361112007
1339	275.806234061325	245.58525137634214
1340	226.77777908820397	277.7604422618524
1341	240.27646872129137	-45.27692186357451
1342	242.49768421085665	244.78386920922082
1343	251.78807517674528	251.57182557128775
1344	267.90149803407286	177.18105334296294
1345	6.617587975323602	250.63550674210347
1346	-21.792079364534302	265.37410445496937
1347	185.81431453389013	183.68982526829018
1348	272.3684530044124	225.09616421664276
1349	264.35605005295605	235.64806414188845
1350	299.64707309590597	241.35322201712003
1351	225.49138597065854	255.96787263570062
1352	274.6658118810288	248.5188220443087
1353	269.9351328843327	33.27983666853103
1354	191.2731776587188	231.28209689824513
1355	208.35766062893333	111.9937325048984
1356	2.913271491052683	264.0138317954706
1357	222.76164372478485	274.5182605427085
1358	240.51860780105187	235.72088714669266
1359	-28.611096395906372	148.25350392138665
1360	247.54016024984327	209.1129697509569
1361	249.88242028647932	234.33795385554373
1362	242.1431475507546	194.2620271696748
1363	226.4338237507589	223.34888184815856
1364	288.05620874117244	-49.19342817097643
1365	278.39291706204017	253.93790749120467
1366	256.38500888022105	237.6942895637772
1367	190.29948512660175	-162.9008158168258
1368	-11.43773435482413	236.33872207084812
1369	275.65915647119743	17.35183168890684
1370	192.48907229496905	281.90737145382195
1371	261.39565907154656	-9.984329299363552
1372	256.1724482189184	245.02076853054015
1373	298.0770586685244	-184.98784141136844
1374	220.20225710972713	211.53865432598172
1375	262.26906290384403	218.2022900724399
1376	277.6130894407438	259.83912341827624
1377	299.9992625053177	231.49308066465807
1378	245.15187328454712	219.27910233213805
1379	272.5435396126277	238.60017284296018
1380	181.66371073867336	262.17417616867124
1381	253.39520416958626	-53.8391048801419
1382	18.619823152549657	218.56601380686197
1383	246.96444324711155	-0.564838233469203
1384	209.10532883276096	221.72175521589406
1385	238.43938981873438	194.6172459630156
1386	234.9656330150133	219.42498679681603
1387	241.608030634314	220.01949158043402
1388	114.17974760510323	222.4625402909081
1389	232.21493712106604	206.0768180163717
1390	277.962519450468	203.52136204426574
1391	24.57987787888453	234.6464507520312
1392	265.53561560589134	246.42711808541617
1393	255.40820036302475	239.75227655309232
1394	240.30751444959768	29.29169107694881
1395	28.47685829172164	198.43228983314543
1396	259.67841106119226	227.2265757551604
1397	236.33553162679004	201.10887894936232
1398	251.19050633687792	257.64104547702806
1399	265.5479300854524	226.28446415307147
1400	258.70968940921534	198.53105061778504
1401	19.346519565480406	263.70108948328976
1402	246.88853207125143	253.94177459927235
1403	240.22046881299437	239.36847166488724
1404	50.78625917854379	222.115915689157
1405	-6.941945941180734	246.71374429772737
1406	264.5143212462033	232.27477171348568
1407	297.27736185490295	216.27323355636042
1408	254.5190337430688	234.063769475572
1409	267.4562960291828	-15.8432468637222
1410	256.206865924001	-105.10832072811552
1411	262.72883311641533	133.01142007831356
1412	270.37893975646324	262.0401800859486
1413	243.04726057114888	218.91325862716405
1414	291.4213556171202	160.34330530114426
1415	289.727830199731	191.0266727586912
1416	-28.2783664945957	259.7128913540366
1417	199.02880932040992	160.41159225799072
1418	248.1128106884479	249.79335637309984
1419	221.18716719092976	213.74531173857685
1420	227.29351281531092	255.96431367584304
1421	230.6653807763683	203.86677698215496
1422	163.5473591084938	239.13476714351313
1423	125.22872734944562	-130.04137318919763
1424	254.61229274182554	238.7938248665526
1425	255.92874260698787	238.11991334014053
1426	227.79009834295525	-5.046798739671132
1427	243.41118945436295	209.02598927050894
1428	247.29117224046243	262.06907973735326
1429	37.43649830100307	265.5432707762818
1430	217.0139413541018	222.431287260746
1431	254.30651710312065	233.82480627464156
1432	6.064378256005995	172.88954852787268
1433	247.9397484114585	222.11503380218753
1434	240.3089418087298	257.7913663946505
1435	276.3657708118117	1.6241438359615046
1436	206.05021984128106	281.13998596321943
1437	270.37946796075084	-86.42151589016689
1438	49.17874335901729	240.51221162061856
1439	238.52973897076157	-6.33072104977343
1440	25.409505939612885	-19.91730271215475
1441	231.30657919765406	-28.086403117631022
1442	248.87007250239648	272.1810850826374
1443	15.880130309899783	270.872036181612
1444	282.6156587103718	191.92751277190007
1445	266.7142340615095	173.51978840229427
1446	9.097153417801792	238.50832950230483
1447	17.036692075247743	-83.13244062107515
1448	225.11503568639986	-62.955508783156134
1449	190.09208847488577	-38.94113331974778
1450	35.02386800161398	219.8144704533886
1451	208.81453135463573	237.38247091400598
1452	270.90367990839707	-215.63982367624
1453	28.40317658419815	201.8883892068491
1454	249.06862571784566	226.49528304032424
1455	282.91246961612603	235.40957386285743
1456	299.434414908917	289.4690565750773
1457	-207.91794580935795	270.368928236055
1458	-144.71722974513227	-201.19589621953673
1459	-132.93973776572554	76.80806937868174
1460	-20.006283119102733	-109.92516060900263
1461	261.5959537156963	178.02252691783826
1462	226.1841539722106	-123.69337121117553
1463	296.6387431803238	-82.23685479723576
1464	191.4204770285332	-37.276568620262495
1465	-21.78460954776999	271.1350957057989
1466	187.66106073492494	-92.32955793645053
1467	-31.47683810170261	-95.65753573806012
1468	-14.615615593067645	250.8378598587407
1469	253.65199770066982	74.92206465292318
1470	228.63272355071535	-101.520017087617
1471	47.34918245001646	-117.24868312224524
1472	-30.370412064154024	-55.410339256256634
1473	-15.693487149739866	-73.92689994274421
1474	213.0275151097655	248.91684178211932
1475	-21.88178579003005	264.17792791617956
1476	216.82602702516033	203.1267567301644
1477	-20.043642401811454	-41.81835034967371
1478	-16.0076460285767	167.68296871567964
1479	206.13996210152507	-60.00626579859986
1480	261.6839056258039	192.38809067562252
1481	295.35474731729596	199.5676453525902
1482	160.88498442194503	185.16547031504837
1483	215.99679420639688	177.44805215278257
1484	310.23969125082465	185.11039474954285
1485	238.35783237392883	164.69782309325967
1486	302.2269526490324	153.11236613067217
1487	-12.488796786937911	289.4395618775669
1488	42.33703307722939	177.30880232584508
1489	264.57092436172036	-114.51656727396329
1490	235.1300746634564	152.7864466150856
1491	24.903724478495164	-41.04366927432993
1492	251.98171038735572	239.8658611748366
1493	249.09334448418366	210.6115457343015
1494	287.7127540342965	265.883728027958
1495	31.9237084198831	151.17769205367924
1496	312.8517957891356	287.95076700805197
1497	243.69908172354283	200.8445108593479
1498	273.41350403333587	263.748516687589
1499	306.4666665697274	158.5391271623439
1500	21.201626058190826	266.0459512504309
1501	14.168996135524438	301.920904186812
1502	7.093815687021831	233.11405138431036
1503	257.4881423343285	250.98286237216652
1504	274.4526997569046	254.47676712234693
1505	247.57307609271797	270.99318221233364
1506	-41.35108790791604	256.16357100632473
1507	235.33845284471565	243.54469715448985
1508	260.8421626667382	200.94936769998327
1509	215.74469602818652	221.73204638969008
1510	242.90879331439396	239.45575410483934
1511	7.9204494978684465	27.866029020446106
1512	-6.7540726700936915	251.27909602995828
1513	221.45630658229126	-219.63225538821112
1514	16.03083278259622	244.58402696837106
1515	233.3244612424919	221.40375412652284
1516	277.9659767763472	256.4731436204036
1517	230.12481446479399	231.04954386450532
1518	265.99861795225326	263.44877779911747
1519	39.69479782231187	256.4551179151666
1520	-18.28210608781177	280.0013902815388
1521	240.6031642244155	276.63792160143316
1522	244.67670926695763	174.85930282757454
1523	207.93055275187587	279.92836471114845
1524	240.887403843809	184.99909079755622
1525	259.9485770588036	234.91043955811182
1526	224.3492253689026	213.50617759175674
1527	259.66419887291926	216.659735506166
1528	236.8619680314433	274.69970077406776
1529	261.0761054845256	-50.82645311796864
1530	231.4720465252258	242.14030165063863
1531	22.898559929990824	223.27751033582143
1532	233.89716260507345	249.49954006171814
1533	228.8234103079604	-35.0481550887111
1534	279.5625463242118	272.08028699515523
1535	23.180048569383572	244.61673871188617
1536	237.0661240297529	98.89898551634026
1537	168.96014525242973	-11.417214532672471
1538	276.1305345140561	-70.59294980913299
1539	239.83363411017353	-62.790141457439404
1540	251.40434421219624	259.60098619154485
1541	254.21428003057235	-82.67489218162781
1542	283.0079320285708	-152.74149629525652
1543	226.88106977052362	140.69285148867885
1544	291.20340492973725	-17.202502587222043
1545	229.46665583967257	149.29905925119317
1546	246.06984562700666	148.92096506305836
1547	209.65391896693131	-42.29335792369791
1548	252.2450139372047	-254.7353391965321
1549	214.23254312775262	103.45661271448975
1550	189.74919067839124	188.3488571356673
1551	291.6947111646301	71.79065270343416
1552	235.2495391891567	110.82205361533552
1553	248.69830803341205	-21.85076365945473
1554	167.18633518994778	-49.17691010210602
1555	238.75691865483054	165.74834526533112
1556	267.40112826977213	115.37215790277274
1557	222.7898466156219	-5.938136414590951
1558	256.7614395280956	215.91704031908918
1559	233.19915133276132	108.77790058233194
1560	235.50790726126127	-42.750309623219984
1561	259.09559992298136	253.6156087970001
1562	-168.68254972789668	197.86704546083195
1563	259.9379567435572	225.3359160149175
1564	241.95151311902427	243.04933107997317
1565	-21.46773563177078	-38.13735273436953
1566	251.1412218235872	266.63503712359613
1567	267.0109974653666	207.18994520546295
1568	-25.492669807783386	-118.63669621930569
1569	-86.77466838976423	126.2958865190378
1570	260.6170335226274	-43.79032027615543
1571	-164.582217105118	242.68035062446052
1572	274.7928122473888	245.34222211022467
1573	299.12561988297534	243.7824657357324
1574	233.02702490839886	250.5440873535622
1575	-1.0312495326112696	249.7247228404216
1576	59.53342166400009	-31.374345872966288
1577	-14.236299918298556	215.46675631993145
1578	-81.17762260114952	226.9680186089982
1579	263.80857013504385	195.71773127848232
1580	295.62367365954066	215.5203674069537
1581	259.3323300723248	224.58345197111814
1582	267.19625476773865	263.1575742230456
1583	-39.511948783812656	139.0772787888567
1584	241.35972571035924	194.67569747257804
1585	250.63847985472196	230.33539749605592
1586	272.83946182231057	6.147303248425686
1587	249.9197756488161	244.31655374484652
1588	-163.93392793266722	-72.84785065900905
1589	252.68384875799464	229.66110757964432
1590	236.07873955137856	231.01586290373535
1591	265.9920455480888	-31.669791734501857
1592	251.14970110830103	-83.88161839738727
1593	227.44063303805433	-67.12047281015937
1594	270.9226368334631	221.15846758302496
1595	23.019507805018037	265.2706000299203
1596	40.205886395092705	240.76251010752836
1597	-19.075591205249594	228.64944244680552
1598	262.6961852918973	178.54873426953134
1599	262.925851241451	158.4045057610004
1600	220.4864371122219	235.4970206778901
1601	282.5042311604774	-204.69379866671636
1602	237.22615458422987	164.06365579117346
1603	286.5264262242931	108.6795243832212
1604	258.32337438305984	146.9602423652408
1605	271.93518732173817	-66.09212224179626
1606	239.10909593850897	-34.8124140989908
1607	244.4652354042695	198.06496415195977
1608	244.45537406523854	-56.06989224852916
1609	282.0072805295705	182.33154597417314
1610	216.33274465034015	-45.20979140278155
1611	232.15313666961129	-45.025904771208374
1612	12.431179601305587	-116.91734237431282
1613	182.51490720829094	255.20105300183752
1614	188.4020644578376	-20.190267131840187
1615	8.135871055441172	227.84446732081747
1616	264.67847139196647	178.80189120874493
1617	292.5394811621554	183.1376956534547
1618	-83.94506582254003	137.83225832710153
1619	245.62661080703947	-87.85375818819779
1620	272.9170019459512	142.15318937761936
1621	263.73952300145345	89.85429679070563
1622	273.9816174354111	177.63250299993308
1623	-161.90899328379942	252.95260992335204
1624	258.8702762260523	241.44220759063836
1625	248.08254772782556	-6.740910133174168
1626	241.22977932702855	255.58615640550542
1627	243.59656282359114	272.3136461294345
1628	219.8778168583297	-30.120635875427443
1629	12.961131906722699	210.7422135775684
1630	260.1497285338239	226.39614362101514
1631	154.22525989865176	195.13160107673187
1632	229.3544554769784	-20.938444990435908
1633	255.61563185821151	-43.24894921878308
1634	249.745831998615	155.9747900623469
1635	214.47330535487953	164.244467244853
1636	235.94300039292588	-19.773075140144034
1637	213.2831904339564	-20.20388082250818
1638	224.95013539972425	13.203642931749844
1639	26.615527035009862	-37.710608124033854
1640	237.6853421208137	-20.378370873385336
1641	17.53198937406694	-32.991893840243485
1642	223.95426431573014	-84.27815496147147
1643	231.1769350795675	17.116338874275648
1644	247.66835533333807	-34.9384162521999
1645	-28.102035249761787	-32.969339106287
1646	143.26001444336407	-72.91751058585666
1647	-36.64427510098464	-57.44108461725937
1648	264.5859739128636	-65.88222538852573
1649	268.1069729795965	-81.51825065528926
1650	175.70749519494007	-37.2589727763105
1651	240.54594696666646	-39.9940058913876
1652	294.3726597398795	-37.53884318238431
1653	-9.858555717014013	-49.15366761037156
1654	283.52906531527856	-47.351588546051765
1655	-103.91473274455207	-43.783333430442894
1656	-189.43109712806515	-72.26644469452852
1657	268.1663809414134	-42.32772465368402
1658	-223.87996490066004	-21.60584070815843
1659	284.39290051106116	-100.08834068040213
1660	179.42279120560693	-37.27009827842298
1661	295.35625999476036	-65.01315593034808
1662	241.01614017104234	-69.3447667430794
1663	-128.23984315055242	-79.63985030664618
1664	304.7800311872696	-91.81213075699169
1665	315.61257377059013	-75.34404486820331
1666	255.8913304955064	-92.26712838633428
1667	193.8508326976255	-152.41123271195403
1668	-190.8500738362083	190.70087797376982
1669	-83.64401884977778	-110.72053524604074
1670	260.35092433115074	-109.32665549324629
1671	255.8610946555326	-49.301047174090684
1672	270.8179594081375	-109.65327520973884
1673	38.093161736458285	-58.95845451712672
1674	205.11917138128956	-89.13844927855604
1675	189.68156119232864	-73.72479373102891
1676	233.8442903398262	-80.37536642911573
1677	182.88454775813273	148.58578852882442
1678	-50.936535499964535	-92.77065760014742
1679	85.89740017565636	-158.31235425465596
1680	199.75909506726754	-73.62527738744559
1681	216.39396879999975	-34.656208648057714
1682	-40.62234681001658	-103.93489408846067
1683	299.15459602603846	-73.18250300782887
1684	278.4886212175582	-56.60752882594597
1685	167.14828251744834	-96.20089704732108
1686	287.126659532995	-98.80294313861849
1687	221.56687081328946	-126.47689599403758
1688	183.2253509377755	-25.31250743923414
1689	297.40566185819443	-136.02489250240018
1690	205.0548255803627	-86.85188463558424
1691	290.140907959806	-166.09547864036125
1692	269.3145239932495	-208.27744901854678
1693	140.93363861504565	-78.08470134782037
1694	270.76273454970305	-109.78619852506351
1695	207.75328764825537	-122.37432848884514
1696	-73.6586228264341	-200.73358336510256
1697	278.7655287196792	-162.01005000977074
1698	246.07484414358356	-118.70163305178275
1699	-184.0319354857613	128.232490495544
1700	270.5119487340733	235.83538470608295
1701	217.33978319777097	-47.664030798527946
1702	261.54229743152064	-84.68653778361173
1703	-165.87570701271983	213.52401405037676
1704	290.09966922077615	197.88089936318443
1705	216.17042234969904	173.27552099016629
1706	221.38094245077156	144.01405593772134
1707	-23.506863212085335	217.89006014111123
1708	242.04630910771002	-43.28182214608979
1709	233.0699710549788	254.83317893434406
1710	277.08895444711993	203.5269914988421
1711	134.28694370933732	198.72264033545034
1712	288.7012884840578	154.038175557539
1713	-19.598448333645308	187.45497192789568
1714	14.136691667694706	188.96339137482647
1715	-2.2679194590467517	163.90817871450759
1716	231.30124044349606	222.73133096823148
1717	31.05925054273871	196.18379406753976
1718	231.81049711514953	238.2263247727983
1719	-35.381226083582916	153.28967632528844
1720	196.6338413414544	172.50349719181668
1721	272.7789391238309	25.66657764785092
1722	292.468501278288	189.05717294133606
1723	258.7381180537945	135.26763250301363
1724	221.30452036922884	-29.70047123975888
1725	249.61131246371576	211.79129973273757
1726	235.3815351782074	-49.78923595460543
1727	197.43792832403813	-100.79625191312347
1728	201.6381527290204	142.01553947308
1729	279.3943943861807	154.78741485569762
1730	255.33176726531283	-37.53634148166184
1731	267.09163008027843	-179.78168209107065
1732	-41.30184626044668	-36.88928436903234
1733	189.08574590732937	-45.26820483479067
1734	278.25541761112976	-61.392737790500384
1735	-55.90762946653622	154.69219844302472
1736	195.49557565342818	208.99930336937965
1737	237.52213340400746	160.36679776645332
1738	-15.600802388332042	153.13338229334084
1739	-104.5784739674402	-76.79069036439668
1740	195.2006702701687	-26.629538138995077
1741	-30.006029818018447	-37.68557790932689
1742	-44.1961548151813	-2.63175131953746
1743	250.2269644067392	-47.4946471803155
1744	199.8981076452294	129.9905381954471
1745	243.70240096021655	-78.53638143535434
1746	196.54487713181905	-27.35504307805305
1747	271.3365517905961	148.65881309279064
1748	-77.0943326177376	-26.544693263306705
1749	221.54450646775774	190.17743979560248
1750	-5.32879634225111	145.82030511599888
1751	144.0829243497926	204.9493353028231
1752	245.22501080587566	73.84021204146381
1753	218.0706272446821	-181.08159763662397
1754	281.1339453268836	-55.30672898177498
1755	207.22050908632949	201.13704565070466
1756	-100.36276809950884	245.26717845953468
1757	300.4983230235164	-49.38234523678193
1758	227.8901532165017	189.49586335209702
1759	211.13230007239105	-59.95687896484489
1760	-125.96803327438434	212.63810926362265
1761	231.00955263954376	206.7270420421264
1762	207.36497366776362	189.4591437966309
1763	-57.37612656995148	254.38248183753296
1764	304.4321974625461	261.6925118401791
1765	286.66411636012344	-52.52670486095481
1766	235.50240258680583	199.9833542576689
1767	302.3119387684652	-5.653408649359108
1768	249.95275332493244	269.4099243763785
1769	290.64293408057983	249.87598269464215
1770	14.763607568836335	4.492671270316464
1771	-41.66262532067894	260.59527275024857
1772	27.103867119352742	212.14550173718925
1773	293.6791193399905	209.39683713988916
1774	-15.12737519872681	259.01273799007055
1775	298.82890911513186	246.50355655506837
1776	251.84099747346167	-13.934525071412466
1777	242.44530642960325	254.36701088056859
1778	24.991536974623827	200.01159672544495
1779	279.8519921910205	286.48836796595435
1780	241.3911489694029	249.77420934675084
1781	274.65935522902964	230.01888410640893
1782	227.5077321901156	241.89360416729858
1783	-5.244980292238807	17.14992925246389
1784	22.034764028595617	231.39786924524034
1785	269.71954222999045	235.9013642486869
1786	231.12415086829787	-63.709150768582646
1787	263.21113264288886	203.4837357656216
1788	183.16236138754013	239.31581971806034
1789	11.268475810144892	204.16457525854457
1790	197.79251404984487	203.45956234243639
1791	223.59342277006402	179.34572926982662
1792	203.49910284875622	212.4878900210002
1793	231.5364063667139	-34.25670363218511
1794	-7.894695089747444	-129.26717453892928
1795	260.82987946979483	-61.02589305823342
1796	256.18122249433566	-0.9079170607914904
1797	187.12599537776006	202.92321873125832
1798	53.79803791912383	253.33912586646628
1799	-17.91632832510382	258.1229476305956
1800	284.1919441498992	-54.16338861925105
1801	260.2787977180697	-61.54211961238047
1802	274.0164933805877	-24.671032713724884
1803	-45.29442106052987	202.6331759205995
1804	-27.89925737288523	156.13804724483762
1805	-18.061872473745936	-41.57232610200887
1806	22.264920271206492	-43.248266502250075
1807	282.1401977262469	250.53061540024916
1808	-31.718475155241066	124.83218580167092
1809	276.89777980944973	205.58006820401397
1810	283.75122383920154	206.4475797570269
1811	-38.59804174143788	262.43442494039743
1812	173.10100631870492	199.7500065614353
1813	35.85012487921577	-73.11013614550666
1814	230.3714450499712	267.5704329180071
1815	179.15240744039934	-60.29576103376145
1816	259.6870982165974	207.81743099869254
1817	285.0931823564794	252.4911790153688
1818	-29.95933361143014	-45.80948079988891
1819	219.12251703010423	244.35681603546027
1820	169.03698315278965	-21.853512943609275
1821	312.12966790432444	-21.236112129313852
1822	230.88046431312702	198.22857139685502
1823	273.63556720078543	236.93177836217038
1824	42.60864692248376	263.490309125308
1825	194.52288881099878	280.4666590580078
1826	195.95510077593067	222.77749314107166
1827	268.8301951755191	237.77880303258394
1828	157.98194067990042	216.12590826380767
1829	7.8307222877733835	224.16357720047714
1830	289.6496891355387	18.030062448429803
1831	278.0683269820055	257.3922595483889
1832	276.4213490701354	256.5424751303681
1833	-18.695411353674785	246.9126405562737
1834	271.3103379806905	202.3793354753388
1835	5.007564816087793	-68.10163188424373
1836	-20.573149120677797	255.97969978315106
1837	277.40081776122526	-9.900882479035161
1838	245.69269675573915	259.80117121406954
1839	253.23581101567834	266.99326001333867
1840	6.975719421011348	273.30178144518885
1841	28.035058912940826	17.36406835214396
1842	265.40106769111577	234.3065070143614
1843	280.6573197876795	7.051212682049609
1844	263.95941811774424	269.50063134797284
1845	244.83594781167346	269.8134696853856
1846	242.17343476236553	222.95010886370238
1847	291.1406006553979	248.88683500673613
1848	222.76831263806122	252.5145496190561
1849	-78.31939096778686	-14.280145078420745
1850	240.971641563528	251.97528530700393
1851	241.22047574661764	-4.031370772642248
1852	247.7929927184049	162.49292615682353
1853	311.93946172369215	223.7770993256824
1854	-22.676395404799578	228.11098381363934
1855	272.2233716397418	239.50972969648745
1856	18.120580086935917	241.99220839673336
1857	230.59592468443316	234.21858293675467
1858	37.93266930855822	-32.99671299845714
1859	48.64111867755511	-15.910076168366544
1860	36.7111895945917	251.49938455664616
1861	-1.9540436373990957	4.383416779879283
1862	310.49648600318767	248.21595849961219
1863	34.5797945073644	251.02352142425954
1864	33.76463063620645	266.43260526686095
1865	2.9513162431565547	-27.379127394958857
1866	247.65893849947935	203.6483692184338
1867	258.7785788192103	257.60248790942217
1868	241.29709619294505	-10.715352613449141
1869	33.399759070604404	247.25969293585783
1870	15.494246481544195	238.63926933137404
1871	272.02968187651373	-29.763926511544142
1872	39.23543491729606	251.45071109073717
1873	276.61646458373974	2.97271888817707
1874	13.567434662409298	256.4446486625595
1875	32.7634651085566	278.84296699574514
1876	3.2890320645843474	239.64091724509206
1877	258.4640398651489	-34.862823006391054
1878	-14.463490001862866	213.5090823775761
1879	292.07043993256764	263.9326292786774
1880	241.4274292622321	256.5954549784359
1881	234.4536378179027	222.46515242368267
1882	260.45592668607804	-32.330452940260926
1883	247.7944702509322	247.9310316435723
1884	15.549690398090675	250.78718625752552
1885	268.8265027071285	256.9878141955169
1886	218.8194848171609	-18.52157868585043
1887	246.09056697355427	282.62576693620815
1888	-5.005539792325038	235.22809848194922
1889	25.863647586678354	229.7731635795418
1890	248.72353426615484	266.8026127964157
1891	220.34000890360133	241.32061627180775
1892	-90.01266591031461	237.893889778798
1893	221.35059575366992	243.3053032389526
1894	260.4408476378773	221.677278273088
1895	264.20312349523465	228.91927619862733
1896	28.76940953450034	223.41489052212242
1897	160.20753069177988	250.85611335366866
1898	224.97307755538867	227.59792445561487
1899	41.50250527249244	251.5714262344544
1900	-1.3288682536037157	235.21744860276675
1901	278.1181515850913	-31.89288807720837
1902	235.55248921800188	251.88615270389707
1903	245.9808932425232	233.9132441266745
1904	246.410965731139	250.65177974873745
1905	242.7420091736211	213.27520950531093
1906	252.9211886657823	263.1759627052205
1907	239.78127716599272	228.344397603789
1908	279.5796388966601	-31.21681064284806
1909	32.84426421703998	231.47575231318032
1910	267.97606832861004	209.65399383308397
1911	267.3198293042521	205.75467247916072
1912	286.96127779225975	278.27182874487517
1913	0.3381574358987365	164.56271453387404
1914	10.384099966964783	290.9411243016101
1915	203.42341100263468	263.0522165932389
1916	275.8173162094366	190.59730692396457
1917	243.984633916189	282.8654099557506
1918	273.15584946982466	173.44174434426176
1919	171.83039301603083	-14.933239488830228
1920	-3.655694628798983	173.98830906701028
1921	246.43510579254718	262.4520535076052
1922	245.38661551683867	17.932114788967123
1923	-12.713092821889433	-66.9654841228406
1924	267.92529261472123	-33.47064864159083
1925	-95.2911905673718	-18.345489132681248
1926	240.80690282340683	-16.821539875194553
1927	185.0059555962123	-17.325375547236728
1928	179.58896910240748	-81.49359746306546
1929	185.7458005784859	-76.9189945464892
1930	302.5348802915652	-68.30970366672149
1931	194.10906445030338	-42.82165986972425
1932	192.9173225710083	-45.58932960839291
1933	254.8236473424734	-31.15615360879698
1934	268.4153307902351	222.45610606837892
1935	238.9430521569847	-22.153377199112253
1936	134.09227897229547	-47.184981745778174
1937	240.9926511763586	-50.27220257073787
1938	274.1716230044756	-41.700084573500945
1939	279.10341233054703	-25.931915510278305
1940	123.98368952032064	-22.97794916902747
1941	301.10165069575385	-18.343341470462963
1942	214.9337387834242	174.9851506026688
1943	224.13102575375433	-17.636512043716646
1944	257.26818670288833	234.16264779768878
1945	-90.7375145606099	201.76372698139096
1946	260.863524268937	207.80364224827466
1947	288.66518398988006	127.6853995838739
1948	280.4381934142365	190.77163970873664
1949	215.23698198855135	225.64000535129026
1950	303.4099729281395	249.34538369232538
1951	-34.274938847755976	256.2592593609661
1952	270.04320236614285	225.81194981475835
1953	38.20406980716183	201.35591670904367
1954	253.05124046478446	225.15501164772525
1955	257.7946944347216	225.7311984951902
1956	258.13414022093923	220.06482582744513
1957	245.58435304982532	257.5727154276263
1958	228.42782786731564	246.76016110946563
1959	236.57210283498497	237.42988344243915
1960	249.533892564899	251.27509780774272
1961	-227.46943674036106	221.2577350756152
1962	273.9077897422021	273.885891865371
1963	17.402244900032912	241.54686842359936
1964	262.6000350958791	-178.9919973601024
1965	6.630309740169906	259.5287712064471
1966	234.5483371955462	219.01836812172536
1967	267.32547823655466	242.3930105646297
1968	265.03772286751473	285.4438263135901
1969	232.03593503169733	243.39999076585178
1970	286.4915490243381	228.88867634062245
1971	223.94443819205003	258.38062279177916
1972	264.5065971506605	224.40211343285478
1973	243.35613452603988	216.9072391660266
1974	278.95793386390505	237.85180619225665
1975	241.87892670651166	-30.981768373030818
1976	223.23141659886937	236.10770379729212
1977	243.75446789159022	250.09605296554457
1978	248.83585757600179	243.41386053312502
1979	275.7664203441598	203.77702814562429
1980	217.41892127805073	194.85595668561908
1981	260.7615719353312	238.7308657561664
1982	273.0652760301683	206.28407281494006
1983	231.95965424039815	82.73232411565074
1984	252.94756759121623	223.46561775849557
1985	261.4473908759537	194.80981211761787
1986	233.73883081377835	243.39616428393026
1987	215.12019300273536	220.4734192621049
1988	226.55151147341002	216.2190080607599
1989	224.02831998492908	222.79396400371803
1990	272.3255971722219	232.76978204060384
1991	283.71207848136464	218.1838487085926
1992	222.21103547226477	221.44600754344958
1993	202.3778912798104	221.8910041113104
1994	276.58414254269155	229.4737736582003
1995	254.5043946719304	-24.601013807609235
1996	286.58541971456117	-118.18075524147298
1997	237.72590214354722	-187.22448470716301
1998	223.6946806965855	276.2782208902483
1999	141.86794035893365	255.65502088108144
2000	285.5556623911669	260.3167876351917
