Environment: LunarLander-v2
Agent: A2C
Experiment: gravity_experiment
Parameter: Gravity = -1
Time Taken: 2066.5433938503265 seconds
Episodes: 2000 episodes
Max Episodes: 2000 episodes
Reward threshold: None
Episode	Train Reward	Test Reward
1	-310.539799746709	-210.73202308977912
2	-273.31169759669	-309.19163241785725
3	-131.31908147902686	-130.37064835608305
4	-180.70438041414994	-253.7807229774495
5	-11.524661941915312	-788.5230670294466
6	-452.5728038357071	-891.1255044920367
7	-134.33731317925128	-798.1959689740338
8	-299.2137349691464	-660.2034959612843
9	-88.02753038545048	-1455.9033775159219
10	-241.34596940802442	-620.0005609565695
11	-98.5312227410578	-1319.9782209788668
12	-159.11828839049883	-620.6064956225744
13	-86.53957280494278	-668.2002192278384
14	-149.10894797390335	-474.3850468693181
15	-122.7997291161393	-1019.8236524291793
16	-219.74028690037332	-1268.5177510477881
17	-111.20606877107099	-772.2764039577631
18	-294.41930728166517	-881.6581132561164
19	-200.46240827747394	-593.35075134251
20	-113.09686175149828	-472.29563879791937
21	-56.67600095732325	-1024.7438109156053
22	-110.46402963161988	-712.22939598077
23	-46.89035157047703	-542.0513921756692
24	-284.77705514139194	-1364.5572400561457
25	-141.3323038449946	-695.7745922215552
26	-108.89900074659217	-2293.5418881464425
27	-211.4093424331	-426.7603396330509
28	-180.72601855171882	-509.1072133607282
29	-258.68017259639544	-768.5781061245192
30	-115.30347200713248	-875.3870289943706
31	-57.28495483881912	-621.4239310070603
32	-256.0786347186357	-2641.9337025803725
33	-126.68427543957307	-1107.1573821158659
34	-324.920379940322	-636.3360038270407
35	-95.16575909475553	-955.2286405232418
36	-267.7255722066407	-1100.1485168186746
37	-114.64110329602829	-673.8392433171025
38	-54.70516098982857	-639.0816185531038
39	-208.55422078718212	-1263.315527440956
40	-103.44586248856265	-690.9584585912553
41	-347.3026734885517	-1153.443423068726
42	-35.81276702390669	-991.8493349264737
43	-227.12843909500953	-503.70545038591024
44	-251.2152219471865	-851.528615364425
45	-101.44298827295286	-714.5155362980904
46	-102.54130701221331	-392.59999817089385
47	-162.8668478759276	-976.8245574915146
48	-120.36488799173327	-1868.4085976814229
49	-78.86732261900417	-907.7551992596378
50	-122.55604514515774	-711.0384879516921
51	-11.142300407536709	-999.382956918929
52	-201.1815527257333	-630.9123754520621
53	-125.8211563742274	-1069.846881086893
54	-160.0260256203033	-548.6340920962597
55	-135.21824380593512	-1519.3836773938615
56	-126.58784541251774	-1016.9124652962546
57	-414.2769937194977	-587.9657927365968
58	-178.20801996207086	-963.0035774991301
59	-12.36238835530827	-604.7836606055469
60	-430.00912682979737	-2124.1671152052813
61	-275.24933850307013	-1033.5836862371573
62	-118.49716052916392	-821.8369920093171
63	-133.95822089796602	-812.7601920165882
64	-97.42404716293557	-483.6516430185179
65	-104.64416963472969	-1941.3917704356854
66	-163.88949492861514	-2598.2132070792
67	-70.12931203569941	-2150.4503625619386
68	-51.36016982833043	-758.3579900946398
69	-89.3922881902724	-1012.9051272236144
70	-236.467286452307	-1279.438422482678
71	-198.20472974438488	-1575.215765277056
72	-239.67647840454646	-1557.6079373465243
73	-240.99023137357705	-2871.196857787483
74	-331.17016697125837	-1098.2451008076002
75	-59.11057222842247	-1252.9865156337241
76	-87.98996027389211	-1106.008006459613
77	-57.67631047592914	-2088.802447663619
78	-132.85015751505898	-906.0478779152982
79	-18.308786860188576	-1974.6055403673154
80	-112.09477431107024	-1574.7408222668812
81	-150.27121418284094	-1197.7645178001483
82	-87.27057285023838	-2427.923635553303
83	-180.03244988192017	-1473.0073594163403
84	-186.53949735824915	-2690.892459075166
85	-44.958133174200896	-1896.057215203781
86	-135.25740869096347	-1287.5333180568284
87	-137.15000093946054	-1627.062845159331
88	-114.37891166663067	-1170.2281302673484
89	-144.36084900015135	-1676.5880850120816
90	-214.6863643573953	-1692.2941844060422
91	-157.5133121374002	-1424.4091946688661
92	-110.35659819478727	-1283.4657513190396
93	-93.54093712682854	-1057.9681217364189
94	-87.5211794975189	-609.5869314017198
95	-100.98836684804203	-2579.1560496909055
96	-196.8515297626535	-816.1487896370431
97	-70.10316185529732	-619.5033481521939
98	-62.404372069900234	-818.3859645531194
99	-76.09205940134352	-708.1939738823996
100	-129.8855174172825	-924.5096618707148
101	31.116303742427846	-1867.9816243024636
102	-246.42869203428822	-634.0146682784358
103	-214.8853358172136	-1298.6961161758684
104	-311.6513042519987	-791.6947986961071
105	-190.69920212394987	-1519.490232673444
106	-98.72258278362959	-587.4408398092263
107	-77.42091119691672	-1223.9811223486477
108	-188.93347857576066	-2576.6012317472473
109	10.15606277740386	-1258.7173193614683
110	-70.95104120041594	-990.1745487214146
111	-88.35115600421854	-496.16865988244126
112	-587.5186675233113	-814.4463823892078
113	-99.92800358841508	-1178.0621152392634
114	-113.0765277179722	-1226.5391407513684
115	-57.763881572931254	-731.5390271311448
116	29.23630405152008	-1997.6274535550376
117	-86.80378446932056	-717.6593230502183
118	-203.90312086154643	-1097.6149032458761
119	-538.9929425270445	-586.7682282095909
120	-51.66365425631355	-1239.1882449280208
121	-64.09493165120394	-462.78789990113097
122	-54.5806796426219	-1529.984820481708
123	-91.09238896012143	-464.0054310749249
124	-145.46333788038424	-969.9753608027862
125	-121.93796314305408	-314.46703378143843
126	-247.01176782502085	-2074.5498348568094
127	-19.267679751552222	-860.0890326709225
128	-194.5654807947327	-1894.373174353083
129	-96.45149008219579	-1208.1311617407496
130	-79.64664301525364	-482.3301194519845
131	-66.46761772511198	-1082.1335633981328
132	-198.99305041651297	-1145.3257225419482
133	16.130809968106803	-500.7122010380196
134	-368.9619773590825	-399.7386405413286
135	-255.2279206085776	-1170.8768742913248
136	-304.3535810302184	-1498.6612724323836
137	-157.70259492577043	-793.7766211305039
138	-56.44174886194783	-2951.0969394038693
139	-380.4782260700137	-542.0200312914475
140	-354.5650425399534	-1153.9796026154954
141	-312.3769755435293	-1370.8480180047345
142	-126.90175013513974	-2019.3313865097923
143	-46.340896705824306	-1478.0397892186845
144	-102.32000269741138	-2239.359436898201
145	9.491429621942657	-2762.4536728339767
146	-10.584726944226276	-1780.456210688033
147	-191.03108007013833	-432.03596324807495
148	-43.47940299574037	-326.3651403447341
149	-43.30667193904138	-1060.6223006617963
150	-141.9607468596575	-1603.0218251638357
151	-171.56645363647976	-1927.7352226400628
152	-71.50900273446024	-1840.2406772717272
153	-162.11714800528165	-1440.0715014899856
154	-27.68151956642906	-2619.737050422091
155	-170.4255490057173	-2162.836027703746
156	44.31205799010121	-2440.8770278449742
157	-57.870023769249414	-1275.8140464991804
158	-36.99284788711583	-745.7337272178047
159	10.7789769774366	-504.2476592105396
160	-8.62473067262556	-434.85256837202064
161	-59.407807209051676	-397.62313679738907
162	-82.06883180581548	-359.2588762593964
163	-70.96987277919764	-367.2099260814996
164	9.526646712606222	-544.4047223837392
165	-49.92114958163077	-568.380218624566
166	-54.53355020660875	-590.2922077167495
167	5.303986434757348	-606.0822309990912
168	-113.86073675758328	-857.4463018002715
169	-42.29760890770345	-1282.290552645906
170	4.098546535170584	-1890.3878221902855
171	12.686808371890379	-3200.1621254046913
172	25.938080319094837	-5150.704347356363
173	-25.833081132804253	-4727.340660746796
174	-227.1545438590573	-2833.6635994564085
175	-199.237855509844	-7844.069996181767
176	-83.10369591178677	-7418.740330080292
177	-58.88987235741027	-6338.714271193757
178	4.066055526783487	-5300.24652898126
179	-153.94382354236194	-3751.254548965495
180	-218.45385628278552	-3764.3214924278805
181	-99.19479311482408	-3580.8595295127207
182	3.7114823787347007	-5031.61698274795
183	-188.15972561532195	-5652.042954731475
184	-124.8792146345182	-2586.87654937816
185	-334.5583699319408	-2113.3580933984
186	-68.88361523953611	-2035.7988885798854
187	-413.666241083728	-1700.6573155928888
188	-164.09911060041182	-1709.5307972284998
189	-6.878678301294457	-1523.2504801475754
190	24.018078890240474	-2201.3206921761744
191	-5.196536577953083	-1328.3477072467683
192	-13.335426455178464	-1558.4505828260696
193	22.76468456498356	-1418.1321796012257
194	-66.54288809977274	-1023.8352887755958
195	-31.65667058288288	-975.4141167377237
196	-8.66046812641676	-721.1981188269702
197	-24.299016335562428	-834.0965606596536
198	-89.99199341709105	-520.4408541198438
199	-109.1005967606353	-484.56761462440363
200	-4.778010751168452	-473.7223113681721
201	-41.1772026046563	-415.8851678448752
202	-56.6496387037503	-394.5849167885246
203	-245.03698674451155	-404.7972659959501
204	-13.337463639632531	-625.2229471779604
205	-319.70735670781994	-514.126872996892
206	-23.634054022593062	-518.5865880385127
207	-349.43878435473414	-507.3627676515816
208	-275.8131845822735	-330.5178622200168
209	-104.20182169822124	-390.7511612813932
210	46.74192249615683	-336.4390743760474
211	-101.20194089395407	-309.49463890613856
212	-8.38988656767306	-248.25111332069858
213	-279.0220991975723	-282.65757424165713
214	-220.90200263450836	-297.51524272078484
215	-94.28447169912786	-312.6050409169624
216	0.4590815813920983	-327.9101734591069
217	-178.14585862282593	-322.27238426739655
218	-0.5073891976189486	-229.2639663219137
219	-6.375930801567378	-154.3069495185421
220	-43.73130640828904	-206.41500631219068
221	-40.58282902964582	-204.32339304760322
222	17.290658026920084	-275.4172161940065
223	-21.629921657398285	-200.88911225177003
224	-46.29313738696004	-195.14212734591544
225	40.32569713002246	-243.09724745429796
226	-5.384966991672627	-263.48747773470234
227	-288.2373016316506	-184.73129037053695
228	-80.13827719098347	-176.8189254808792
229	-46.76633922615282	-240.29843773025644
230	-141.1727721165322	-236.82397430997858
231	-173.72965027735125	-200.46709446875292
232	-68.15106949384172	-271.35712444288583
233	0.305924969746016	-216.46682238595295
234	-121.71555920616426	-275.94790017768196
235	-67.90981632729742	-292.83407854435814
236	-158.88892300511043	-330.72146904650975
237	-90.08071689175657	-218.74368761934096
238	-24.500570696644463	-178.695717425813
239	-61.42272004574919	-182.3818153382978
240	-81.55875933074441	-159.44567235610725
241	-180.0012189358427	-128.8806012668097
242	12.533565018225346	-103.91237535781025
243	-38.39384789785154	-157.03443995119454
244	-38.84034988353416	-118.34396614805986
245	15.12314753841342	-137.0693600519454
246	13.788073492347477	-160.54365156751888
247	-17.932036780755475	-113.89885977490475
248	-199.13653585084725	-131.74869159351664
249	25.97512089508153	-146.76480579886223
250	24.43374343217218	-126.70984018272152
251	-12.605051991424403	-141.370397363741
252	23.426447442410904	-144.89049588484144
253	35.46690894024192	-99.11480024468003
254	12.935702105591858	-119.62158494285127
255	-161.36514533455588	-172.49057555243832
256	-9.261153046901867	-187.70922525709034
257	-8.055663496281184	-219.6382153364002
258	-2.7703352988676215	-318.19647324404093
259	-109.91232901568797	-251.30536717695557
260	12.331693010872204	-284.74868025315004
261	21.53522115873045	-191.7554080135791
262	32.82135867244555	-202.97921180785818
263	-100.99678785082314	-148.5106567706574
264	-23.243395327328727	-105.29757143316911
265	22.949044941700848	-162.94336866548326
266	26.91154933480358	-105.86049258896486
267	-5.872260859162509	-67.79063178929147
268	-20.16184154687653	-77.25124739653697
269	-5.411845256116834	-65.83473021250802
270	-22.623047598640127	-64.71421558220646
271	31.56098943213999	-77.44444389465701
272	-23.439954985089898	-54.143498550000274
273	8.147039210330448	-48.106758958817004
274	30.247407589969526	-36.07829951094632
275	-79.30938123227145	-27.945884519717122
276	12.17573460600532	-81.96560018171596
277	15.98560204664328	-56.95048824358165
278	0.9266558146741204	-118.21825763828674
279	23.66697805454089	-80.40126880616484
280	23.396415609680886	-55.60647031513036
281	18.54598801264366	-75.02771129075418
282	6.348476556098731	-44.293576791435804
283	-28.816710367930582	-86.08982235654484
284	-67.84823602138347	-106.7851533210989
285	16.153693573491665	-91.02345641920095
286	11.564849268339884	-93.04479841774672
287	31.519180972786586	-53.24301205734013
288	5.845325729794771	-65.4672803940589
289	57.72997541885001	-111.6320037660345
290	22.05769980793177	-115.83623458056753
291	12.732130325214897	-104.1810557912236
292	-194.6573793476449	-89.94207637855641
293	-139.92987821276088	-102.32150940274916
294	-10.839510603258011	-97.56749318682475
295	-122.34287431980253	-142.9679299833792
296	19.51305528868562	-132.92114630467768
297	-3.5232393775796993	-159.3042975421739
298	-38.83791814306984	-147.12261280420836
299	133.5520446557747	-158.39787545654002
300	-90.54858210381964	-182.39271719259426
301	-82.82747369759394	-202.35383014680727
302	-137.17610537641093	-148.58931928260222
303	115.43203989134729	-186.20562203045733
304	-167.59962208879068	-198.62661696157642
305	-190.3188088117587	-178.73845510968974
306	-226.04978488517338	-178.41425881466301
307	163.75577215239664	-146.00588926937658
308	-193.95671010499592	-160.64655904347805
309	-127.3854892515786	-173.52793001349147
310	-19.517928556359124	-172.3104864266379
311	37.16977821343605	-206.89605250001836
312	-172.48606873587426	-219.02191714954168
313	25.974374809914803	-241.3235540033961
314	48.21279596596361	-310.3827822846687
315	-173.47840935085952	-266.5679923363285
316	3.6513765419812927	-256.2215600711835
317	43.735293305094125	-241.5280733049696
318	-41.00954949474118	-292.81313362195783
319	-68.04802642861964	-277.9043452046846
320	-223.25670413210685	-143.6328059861454
321	-219.62983207558364	-142.23368124698237
322	69.45595220576482	-136.92405179423866
323	-193.17681224083617	-157.85420671227902
324	187.69715051228337	-124.64596571064097
325	204.24824097949926	-65.16942227404681
326	-17.257431960868672	-80.96589441965367
327	125.97717642995937	-71.33724968776286
328	60.80358678443778	-84.1359350168927
329	-51.749223636446175	-98.54903654451533
330	33.44284619496335	-64.99700352451906
331	22.523422415736675	-146.10763587730227
332	-25.33227438840163	-115.05845560223396
333	-80.48941589823033	-118.56575750235348
334	169.94026476988165	-126.10536528474938
335	47.72363338709809	-109.63520702737473
336	140.44369366267583	-100.07483435688393
337	-156.3814365333031	-69.60571354372931
338	-5.088876243646212	-112.65656803450698
339	13.50123546789446	-101.66323550029425
340	216.4508148818009	-94.23172034958023
341	43.89210455462061	-138.38297234076396
342	261.554402820008	-109.64477581013568
343	-41.37454749508717	-112.56690773911144
344	13.191329675847214	-100.98342685296333
345	92.22573748753743	-88.84062848935689
346	51.46552156389211	-63.075272233376296
347	179.25558678706153	-133.45569761747274
348	14.534676443359714	-81.7375391527769
349	-15.672656543413893	-74.78567947300637
350	-41.68311491420947	-51.14527246758448
351	86.76663749710917	-100.70128157115967
352	14.561639963852613	-121.41541006077215
353	38.92701931697957	-123.02615554135747
354	27.4830680690243	-126.94474134922541
355	-13.09978678613912	-86.86440380256545
356	-83.9642609876503	-107.7090040318378
357	-128.0773281716426	-102.2648077077253
358	237.56367633901021	-151.84374313573957
359	235.96502091546833	-128.02081430337432
360	28.70008477056213	-130.79870778639798
361	184.0039502248529	-134.73775713093488
362	138.3607129153218	-160.98961108435446
363	130.7014512841286	-87.41293371390442
364	65.98253886787074	-78.39269218834407
365	-260.8750717475511	-115.2690962934706
366	1.0395851061631163	-82.77082651090619
367	227.1150557576484	-125.15707794361956
368	192.7447936510743	-109.6848059193265
369	-9.915179068736961	-114.0757608666692
370	134.29746484936518	-103.16152222948168
371	241.06516548111355	-70.1298241976733
372	185.52619308287643	-138.4845347496958
373	27.20194630143201	-140.53790560781582
374	155.83991894629287	-119.32761053629191
375	-201.4340604245456	-104.08798105376711
376	153.19450949339333	-99.32742846845336
377	225.87975508019775	-97.37125855807737
378	-193.81205422710582	-112.94391115099626
379	-31.291885331230034	-94.46033462264123
380	-42.62805738895377	-89.537514429495
381	5.852954149550471	-89.83380061191728
382	42.15383437268523	-71.23690251214236
383	-208.3398033098158	-62.04524911762928
384	214.55296151032988	-100.48228339285953
385	35.7831749839524	-89.90235166931521
386	-19.903136974067053	-86.97494640203706
387	0.7306173459369347	-91.2505553924099
388	129.96369032811577	-68.21286805808839
389	-105.64415778191675	-106.84803271259625
390	-152.71360743666895	-83.92438134496942
391	41.73757062644833	-47.0007338598723
392	-4.0000971221958395	-90.04937251171508
393	11.537208403829297	-50.68397649493815
394	16.47204978880142	-57.99513521728733
395	52.85726248896386	-78.26516748678952
396	23.14456711147897	-92.57952130715762
397	-14.873561438030286	-100.9116191648918
398	37.72948980340189	-75.84078580168114
399	77.86071527009457	-36.475651981096426
400	-51.03450650737159	-72.06930033802668
401	65.29254148217231	-92.84238045490105
402	59.59633681889284	-88.9525537594903
403	171.4002118366459	-44.022347529670576
404	0.7391365380895536	-27.992622059753007
405	90.58706412017644	-70.20139639780253
406	37.76018709823873	-57.044910216145524
407	-69.93629947846708	-22.343887364752906
408	110.28180457132355	-53.68057796019703
409	191.69914382552298	-52.95856039428633
410	101.08879264110075	-41.8118258809281
411	132.63231778230204	-33.09497987476147
412	40.49659012090464	-80.11420111911966
413	141.4393214547118	-88.39507567963449
414	-6.624746698181397	-18.03118559317914
415	181.1474030599281	-65.32255099105028
416	82.89683340692962	-16.73198576431011
417	133.14474355284972	-47.10550143820445
418	193.09260227171714	-36.76732859468154
419	176.70031636003182	-73.79128656881983
420	51.03738720944969	-40.81651895909057
421	-78.78264798030938	-60.003341807228594
422	-14.904981433033143	-34.43915538474483
423	-58.86513352717611	-32.13155613323434
424	-4.390271463483188	-62.22394242223464
425	28.04366584048921	-58.55962100375721
426	-57.26095296601554	-69.82163911391866
427	230.47763518885694	-76.5410938740255
428	-29.79853183281864	-46.27640237770641
429	120.64532874085285	-97.9323206952529
430	-54.24799151856922	-42.00370616497264
431	-31.633836660759343	-69.00051850710543
432	-66.08260991204848	-52.335666162826314
433	-28.633759848601372	-131.4903185912236
434	-149.59899420527387	-134.7291217630625
435	-77.02643006457532	-92.23645682265482
436	24.251328606832033	-106.00913420304228
437	-168.33164299164847	-109.47484099336803
438	-28.642618415633194	-142.19914962559292
439	-68.18605033025067	-180.82215597278824
440	-145.93426681782458	-246.29848847109568
441	-41.3384552200267	-207.30653349258853
442	-147.8779052448701	-109.73863461023603
443	157.27116560133112	-146.19063821310712
444	-101.58749053419352	-111.06311178408338
445	126.04629368057391	-100.16947555300492
446	157.0520953613555	-133.89309952057192
447	-117.56139489804264	-165.7822122059061
448	-35.92684148601259	-111.79453734806458
449	117.03880679965681	-63.42418610067638
450	-44.571478138014996	-75.12771713645506
451	-59.24328444132589	-120.07925922481877
452	-57.52016141773574	-114.63697341488628
453	12.504417113671877	-119.28762942186997
454	-55.378958055242435	-102.3260026657321
455	-63.052971625867066	-139.01730006689317
456	-132.51807134318358	-181.12623333841503
457	-170.82477613373936	-129.78132140441258
458	-86.31943952109688	-188.52402939189386
459	-83.16682746679845	-165.54778976091416
460	-80.71659002625083	-104.94623306341414
461	-152.2103413746435	-111.77839988102767
462	200.09027060096287	-196.22317126094316
463	-77.42772500516776	-179.8896485541373
464	-29.517328768585514	-246.11516429248587
465	155.8237599619423	-160.0162157963267
466	-43.744307132006554	-145.24698662791997
467	-53.35558634326789	-114.34458835437847
468	-102.62794778001418	-116.17714175440787
469	146.5710111487401	-94.68602165918728
470	187.7031995121004	-124.29615278031808
471	-96.88544184905615	-82.23644861539124
472	118.00612254040297	-91.19883487987788
473	170.31894651672843	-118.84619770275785
474	-95.17008256072124	-118.58647686574301
475	204.23305234537372	-108.09199167588092
476	-135.61356102583312	-83.98779169391993
477	79.49095122751218	-53.31180530706235
478	53.67582343009816	-61.404951386123884
479	6.39532995999113	-69.25445887176552
480	217.58203217937682	-48.55031283747209
481	9.90520038312799	-34.11544928060685
482	85.92622651547927	-27.625200243283544
483	207.06141242593367	-84.36032806950796
484	149.024330952009	-48.45449980746028
485	272.3272601688788	-20.20460464908913
486	204.8616382106965	-17.71589434464434
487	34.41779826827619	-54.71947441122822
488	170.81466151230944	-9.139905314562832
489	73.33159196075118	41.31727731843396
490	115.98614456162288	60.381562196222376
491	14.7587662024375	169.9852729190086
492	163.63454902500666	-89.33972881140943
493	58.033382852634105	178.0952543357248
494	192.46804125977013	105.93791512404745
495	138.85344546292427	-49.68173316719749
496	-19.697685748951756	190.05391140213217
497	-51.29095955749055	-16.61883133923567
498	33.57283834635268	26.8254883067694
499	131.24055523000106	120.85903616880337
500	8.447165175595757	101.48803324775317
501	28.231355086590696	261.3666896620898
502	136.11626351219567	115.71140302135493
503	-3.1295480044097843	139.94617592697386
504	61.75435825333639	124.19567187898552
505	-4.814723761328196	182.93820244719632
506	19.13404412480996	123.26487869272489
507	109.58345315769242	92.19396270916664
508	44.16373427010018	99.56317777456506
509	21.294903628909893	132.3876653196128
510	18.67704802679576	108.13880633905251
511	48.91564281327763	53.1019530395125
512	19.917715648184853	135.68961469668878
513	3.667650738747426	91.40065169115735
514	-10.379006410572316	113.3682127013828
515	19.985096196705513	93.97345131581456
516	39.37042531637883	83.58781293409713
517	54.84368509085448	-25.660017970073856
518	17.40594358559487	-0.9992804924560899
519	146.92498163673966	13.474541084293636
520	28.757604899813487	-27.983831612514077
521	51.87302293247009	-69.77697809861253
522	92.68009825967955	15.454144042964598
523	109.40893876386139	-10.812925115890152
524	260.6968911264367	-12.740674513785136
525	117.71555733434636	-48.19059780456685
526	162.02726871184936	5.770078893980642
527	148.7740571403988	-32.003549522617085
528	117.10388788655754	-25.481973023676755
529	112.07547779304196	-44.68153729343912
530	100.04382723259185	-14.49861335893096
531	125.68889124710986	-80.55462846163765
532	146.74006760866146	-64.46949760619582
533	93.31219624219146	-59.901458933531266
534	110.49731689254062	-44.224539667386594
535	112.0153142774423	-60.15788380204526
536	153.10343268491124	-30.821794511679098
537	109.86651865111162	-34.25437059522322
538	72.82095206118845	-50.03620979369197
539	119.96890542405617	-25.383420158055863
540	153.76677978156692	-35.33097476157344
541	111.5596906719798	-5.806116531795892
542	146.8803158294981	-11.701065696901491
543	89.07204056925968	2.3972252619898797
544	113.5380024336465	-54.691123389641874
545	163.2115178414643	-17.619601965100788
546	107.16003461657894	-2.012247355525135
547	130.21740000098677	-2.278711336041637
548	22.483201689336795	-61.73644499343701
549	198.01400383636235	10.162231820403289
550	134.4825331839917	8.667784780470797
551	37.41836873679435	2.3937793281948263
552	33.18321309811668	-36.60221360471063
553	9.442381154693422	-14.392261057243317
554	46.520247990394836	22.260558885546182
555	99.12332348658721	-18.05403203966867
556	20.913383547544555	258.9177884929171
557	91.5290038045473	35.54228127514045
558	194.10205917332695	33.35227312066355
559	128.15636534671003	192.0583200681481
560	236.88485617957843	79.04905257930655
561	68.25287471155224	85.92789702860827
562	159.87468101937333	78.74314890795715
563	-8.264284804264335	87.73738703283537
564	131.23505337391197	87.76593788298197
565	228.3130814822912	45.950022085712
566	261.2393635353642	66.38866286569629
567	149.82803707199167	20.213468670570983
568	69.1266727702749	-9.217297996847416
569	61.92047047034799	-24.23229350121005
570	30.172837136500675	-15.965353459154299
571	118.69687600324968	-49.63903440075303
572	79.81283286652713	6.637364119458889
573	103.49600276754225	-56.28403505071764
574	242.231506325928	-10.421076057868417
575	231.56399812003352	-22.39064441435635
576	241.43926420280778	-65.74131155692916
577	92.87863828315587	-33.09345949804087
578	221.84354956966826	-69.78131392165847
579	186.0660629579436	-19.909031055754966
580	173.48238013992778	-47.5629889730413
581	174.70084172253678	-37.00212511691663
582	28.363898457582863	-43.091014108502534
583	93.8088054677722	-39.59317732499633
584	149.2346070006269	-29.12776229802379
585	110.1644940139541	-38.224634384995404
586	231.6955590910607	-40.92960774278564
587	229.01479962435977	-28.245686250700647
588	134.06591448859677	-25.841076646085654
589	239.29873602629172	12.557500363966213
590	167.21480357187193	4.592225550239515
591	118.66785997144679	4.85125229147313
592	40.67756977400407	-44.08166156995906
593	139.73581385515593	54.493421718963894
594	91.47929655920348	46.822759560846265
595	71.51073057684704	73.58614521343979
596	125.4863181368908	35.110271977228
597	126.74766011445378	17.192061742906677
598	141.7365286176967	-19.043981710128758
599	159.11764711102037	12.610475654936351
600	54.855347679410954	11.332995215458514
601	132.9329382895546	-23.207167222460704
602	183.38587151599995	7.704580240794368
603	163.01561814253617	-30.50087469568323
604	31.454988860605283	0.33068675328093167
605	130.8638216229546	-20.874642239703103
606	20.260081363700877	-24.085789390947987
607	208.30773332387508	14.225763261964167
608	121.61283184501544	-1.2876814437617616
609	151.95657547370024	9.839548055485333
610	66.53201204569675	-13.184954001559168
611	14.260102989806867	2.4102149084961386
612	96.3556220229518	-16.653500792066463
613	215.89603594061424	-42.86563026580661
614	123.99357685131109	95.46914094100686
615	222.9274835724156	-11.840424605607067
616	182.7499589929439	188.58674459889966
617	160.3409493078795	32.76382835775446
618	45.051477327760495	146.98191943478577
619	123.54134158719968	92.29745335363572
620	120.97061993423772	223.14419883684
621	257.9541073981379	79.22239460615158
622	35.56410416002788	85.45152422655407
623	173.0573357843589	84.74561910290537
624	52.480192333521416	123.85406475835961
625	38.41928341695643	137.8153281957409
626	242.0982146277923	94.33019167468723
627	62.73776543699901	128.25156229878058
628	143.5954541495077	12.38760109121931
629	150.09132830119273	205.84948473435512
630	17.260299998408314	100.23260403035732
631	2.131562096613976	263.5649495346318
632	21.422372513312155	222.06047884820214
633	43.87193878592558	234.85720145787982
634	59.39577092099921	108.66113258729717
635	28.25557518647028	89.29207533893803
636	196.7013188122375	105.51440874555603
637	37.24238356911212	100.75049670945153
638	46.59602501330582	104.13260804187651
639	264.71920211020984	258.5267785319261
640	-7.915142773675683	26.476225192552533
641	15.677719774751921	244.020491116117
642	16.918966683398693	230.2194887953152
643	28.050226288003472	236.66338452242232
644	9.258484536685017	210.94103832094672
645	85.39336015511832	260.79844892386643
646	164.22199676349533	221.6923689307144
647	50.6290264848011	132.6352825023949
648	239.69308975990492	218.6594249359885
649	233.52630795683896	-21.463942093355982
650	214.75308172393386	-87.21701426107384
651	249.3178165760754	12.451854181138373
652	112.78472298851153	155.5663599473607
653	42.30039498414149	171.4061983047324
654	89.88761125392736	198.3377548854838
655	246.53862083071144	50.22403292243888
656	221.15714123616283	-0.24233833381775227
657	36.94616966830097	-10.569256817921037
658	106.50222352348077	-31.8729830723237
659	218.01549037746253	-42.74600833845326
660	96.41522162015049	-26.578163348098137
661	238.1877802072827	-21.29474567841836
662	105.28239759627847	-6.195228064064176
663	89.15357756982957	-45.240749686409984
664	125.43273513678042	-7.410860346109569
665	126.01019085702595	-24.150790481792264
666	124.23565032872537	-24.547784322213214
667	118.30870115401176	-52.52546030834259
668	-49.92773166159146	-49.923557377763146
669	213.01927176910402	2.750354456725172
670	-36.68495133961659	-19.267036748968767
671	68.47950382028273	-44.426992887390995
672	189.93786353592304	-38.245385221282746
673	198.4818158700545	-24.075530668285214
674	89.32511689648537	-66.60721733595548
675	-37.63819420781705	5.3357484949465945
676	212.95964058439972	16.07672240290063
677	67.39653925664057	-22.84547604930752
678	156.91326150561554	-9.544630747477253
679	198.3060026355539	-26.565444622030242
680	216.59689421427015	-11.260922400011157
681	175.08101376074313	-0.8232436769972935
682	6.588241103899975	-34.821174747380894
683	-49.9971765520625	-75.3578282706035
684	10.753644507784344	-53.067612798228225
685	-23.989954740381094	-48.007019794515486
686	172.94465225577972	-15.931504733427492
687	-3.4990434519080083	-22.370054467345227
688	109.44064414480803	-14.82503969889067
689	190.32492704161916	-13.696508756180716
690	138.61127639711327	-55.79765028013605
691	128.35395559835362	-73.60436689119369
692	167.26754021260467	-63.265592302309706
693	121.91833257348208	-55.5748487487713
694	157.20374563653726	-69.93406623613058
695	98.89879198841437	-19.887886622752593
696	174.83619119645334	-57.858609491532995
697	18.271226810733395	-62.39079841437187
698	52.6801803354638	-39.311638088756744
699	83.73989296387973	-64.7426037246519
700	67.26839684867205	-26.84700036911942
701	56.45713794023899	-72.00451371495492
702	114.2687485897041	-61.85560158808431
703	166.6276754288988	-75.46513629313608
704	-26.31447890944355	-65.6902234088916
705	-64.75533891664334	-55.91207858151869
706	49.2119931812331	-70.71570496919172
707	139.2152508534411	-74.19834008333902
708	64.75093820952304	-38.374025945456665
709	75.56378568429189	-60.325477324375655
710	210.14978854079624	-111.02754196667722
711	26.549548650129164	-43.03620672065692
712	92.02027801119874	-23.47574856170635
713	212.0795817126633	-53.76612880026631
714	181.28607735340825	-54.73257172391263
715	207.0278273963728	-73.1230510439934
716	101.79065038782784	-60.33473469517429
717	244.46673720352217	0.4780702028941628
718	241.38610064776788	-31.561085876355207
719	73.51591045692643	-14.348964362653476
720	214.74849944795739	-61.01974778666013
721	167.72130161409785	-57.70300538962102
722	196.7962664281455	-1.894219586004747
723	81.57063054861366	18.810980006915763
724	269.13723217359416	-4.457611953038581
725	124.78607576185875	-42.81747206271784
726	180.54473274318954	-41.72337102157705
727	64.32263403018592	1.9954185683147745
728	208.66314422233947	2.6611275472137548
729	108.29319028804777	-27.077711799239427
730	255.70093055477562	23.843133911599796
731	-12.928838703189385	36.72449929075088
732	130.9414889923592	23.94606065988632
733	19.944725391574053	85.99768037317212
734	150.43458749828224	202.42519245304777
735	128.47999719356335	45.7730786409242
736	1.4580313035652779	97.77548548925289
737	34.87905873387919	81.38550990778893
738	-30.466633010561424	62.42110412346522
739	-12.540740813136978	52.90831612299151
740	124.72639474437457	54.12323273415978
741	27.82464487899351	45.92495366761692
742	50.71677862048094	187.6143595822656
743	190.2048613059249	-65.30201568931494
744	-37.524938234681045	61.58928495939608
745	-2.235795506807321	70.12644579384775
746	128.89480714459168	40.492770945420105
747	209.9100375762894	201.5944091267384
748	221.66752832093772	103.89859426213286
749	164.91764341583234	52.149221991831155
750	202.82645056387116	80.25378687709184
751	156.14580160498676	18.393132494751804
752	200.868212496293	52.35923342599861
753	252.59194198221445	104.74147517356852
754	219.26921763630384	-13.436975625264068
755	140.29715295373742	12.55227958357722
756	206.10726971480312	34.84296229935331
757	225.43259559864285	48.59364555360917
758	190.8167252346199	-31.216940213687028
759	-81.36924060934022	-60.93903862209314
760	-29.64488433330365	-19.62480229887673
761	156.2219847498677	-8.444028743647298
762	76.82376352681453	-36.182580797901664
763	200.4924471894645	-33.077032712638534
764	110.28872802179036	-65.94162522939362
765	-13.139426213989765	-31.060945898257852
766	104.50453457369258	-46.64507222425134
767	178.1152070448495	7.199777163729301
768	181.79612349865397	1.7749938996359869
769	-45.98773905723364	-66.86041752868086
770	-23.70420013177393	-45.62543991670614
771	182.38762892869403	-28.966355384004085
772	182.41459211545683	-16.44121057199115
773	115.41938658402225	-26.4316386763147
774	64.66246496719818	5.454260840507228
775	-23.397005463797527	45.64004484887796
776	125.1878958246805	31.076875285774783
777	-20.804006597537708	33.72941268586952
778	-23.104549611019436	109.69064380965463
779	-49.92152518553813	96.42706250729843
780	123.66332989314124	43.3325845451663
781	138.57649782027033	21.827985608786364
782	-10.945405891944588	147.9994370381479
783	-47.693642281432346	47.05482599995023
784	159.19930914151487	28.626156958666048
785	219.70579478908658	62.20949689207598
786	196.93628774358933	172.20224711712092
787	146.59283548059994	74.6845480829701
788	18.287836335001543	19.25047764791501
789	-3.3405259891557932	-0.6319350029578976
790	157.0563222653498	-39.055537097247296
791	129.4089170224122	-23.78731073727117
792	101.14429315816602	-26.37300676146751
793	-34.97203197479607	-23.264722353167954
794	-11.019942636569866	3.5187969701689705
795	78.66417987158475	-24.847007859642762
796	150.9145415214241	-27.644802344532472
797	110.13382520511449	27.193601028730225
798	130.12971461488024	-36.608354442053184
799	234.03526299495087	-25.00788197433687
800	109.78435109857513	-0.7381406538554243
801	77.18291628228614	8.64732105208377
802	106.49578675512352	-18.819733468428183
803	64.39528149813154	21.610071962095503
804	100.60828188607803	22.856544573972087
805	103.79798575443371	55.1240428796741
806	19.957573633632563	36.41946685013119
807	175.1573716068659	52.70496166816632
808	140.74182396487123	75.59937966858293
809	249.923626056708	43.550177985392544
810	114.29226227916203	25.87820922747685
811	97.70406359278473	79.34407255955003
812	116.77343170993846	44.84758558714429
813	253.08426100174768	65.55291325909772
814	252.65292231929146	53.11161229131386
815	249.67996604200158	161.20969328776619
816	233.47999446099394	197.0534959891193
817	-2.3539548107904977	170.54888194299394
818	244.76191076051558	75.59396634354798
819	2.3194592049193545	129.46529373237323
820	91.14957316914095	235.2534671598636
821	51.50180511116605	124.17916810044146
822	38.90742122238558	107.11475317221722
823	90.37375182563267	72.38560674611213
824	285.92899302641905	98.17323685646254
825	85.27749178781022	100.24195349200882
826	111.68622121789362	245.56240724963445
827	231.6807987960608	103.40254623796699
828	99.04141587256142	95.72374912275156
829	267.8085466688092	123.77427943510226
830	-19.837254694117433	196.80592043038033
831	285.07393193427777	181.33110719455163
832	68.56104555827466	158.2345440386779
833	40.27238222468475	77.52909929850104
834	94.77463282239675	116.30931883818104
835	238.5158537115566	77.0852543455932
836	270.7691690555156	199.02236879083353
837	91.21862449686228	114.43015479609227
838	263.83695652821154	129.43288207992651
839	251.4744009428693	190.19797109141365
840	231.73821383935805	199.223753088639
841	285.9150221992275	157.49816090881475
842	13.975704594181579	211.44960182083673
843	150.93553142156378	42.37725951790704
844	17.679641227901158	98.4996430573936
845	188.3727316623639	87.2989310251458
846	286.12882725548866	-23.463892065109583
847	222.0496219939535	-9.699742247352026
848	203.03547448556543	20.043371936214157
849	251.27154431971576	-51.00314998500757
850	64.21057782909709	-27.716632210943875
851	89.27318458967724	15.737405481086308
852	206.11008351910024	-56.46885162184191
853	78.19384965272809	-13.54157242706328
854	186.59205677557222	-55.65934877513034
855	205.5501172645887	-17.967854661934965
856	222.8345616448455	-49.22600573726678
857	104.41466450023542	112.58564711938764
858	62.939298081131206	116.69743002857678
859	201.01588834774645	192.41908797648267
860	225.4731175289329	135.435284814078
861	109.98371318389654	164.1887492684767
862	199.5798517004465	177.9448163027847
863	205.95888558642224	193.7035000961327
864	255.9942418976866	82.75680340164762
865	164.29438847026773	188.84109425583546
866	179.56821339141464	180.6202518768514
867	226.90793670055018	70.78522161494186
868	170.7293546181457	88.49716903074939
869	212.4717792008356	133.74341353728812
870	128.34815421912745	90.63703253963868
871	271.95971536489935	180.9836015811716
872	103.47710512473748	77.58341972121858
873	38.5696430367089	102.7343067089401
874	29.29884708788535	36.29887025315486
875	231.5468628055212	95.20334129309687
876	78.7347407032205	74.27303314453384
877	215.24723975194206	57.43366277069722
878	-64.67857436299357	89.1472764789959
879	97.87145331973153	65.93045327415189
880	-25.151866342828853	52.04135530675894
881	133.61426643984862	20.56054202197535
882	100.45317730036568	179.53359679350905
883	43.22142251481017	187.0348426889277
884	-73.88307369092854	82.2974048752064
885	197.03560986828282	145.15120124838867
886	-58.465146048446954	-104.98331512288497
887	126.94058780349876	41.764730238920656
888	141.7072636850135	58.48302912303527
889	244.51116072752293	41.09487189098069
890	-58.26241543023757	20.232235946740204
891	134.34375481138068	197.6763505521301
892	-25.80121953301159	1.0699576754580495
893	143.3085488123873	9.025255758404553
894	63.44972418697992	0.3214839805158265
895	136.04568873644553	-15.566551969224216
896	161.06706833218425	24.70334698575363
897	99.8064209063628	-22.352143757362413
898	129.44552736585132	-22.7962325929485
899	185.20236388534516	-16.30662664913286
900	200.64285750721953	-48.49170803621597
901	238.86559835816624	-71.78575715049747
902	88.06080553293592	-11.9703250813734
903	224.29791565008566	-46.92011022166928
904	169.27133232186532	-15.536385438149043
905	84.07588170747896	-38.63507603698801
906	204.5819999217673	-24.76381776004465
907	231.03285364623503	-18.146622128795876
908	45.794688045408854	-49.24175585068904
909	243.0270849621148	0.2851180914223306
910	130.7652523841046	-33.10724983777488
911	-45.45815828021534	-27.210176509205102
912	215.9824671886657	-10.956285781685104
913	-56.83312093533465	-49.949481031635
914	219.01906557731928	-32.16701645759449
915	192.55737046625887	-23.88334164759405
916	72.50902848783434	-24.174364662552804
917	80.29434193835414	-77.1506922190624
918	58.47087934718731	-33.26841912505802
919	41.51382495769609	-86.48093489903464
920	133.36212993102313	-67.37368309248163
921	75.96231755228132	-33.640771028816026
922	30.66627688647401	-23.466421308344465
923	52.24348683297683	-15.510951953834887
924	57.408536820420785	-68.49695544043368
925	61.18959115825282	-49.59408518382834
926	122.11449437512303	-57.18939686004666
927	55.823485812441945	-26.679369233118976
928	152.85549968886681	-46.687734729897606
929	173.82637063332874	-60.904187726221686
930	61.25825890129297	-18.482507988866846
931	199.09801521870617	3.8848750611037093
932	230.19363435258765	-26.32712023112085
933	207.55080070362203	-29.679815821723835
934	-36.12143923026223	-16.35123200440249
935	285.38730989041716	13.024198534288331
936	92.28238714916955	-2.272746156052327
937	119.84172247816241	16.350600650349953
938	130.7717966253331	48.87291649937292
939	167.83748443848862	69.22220109466463
940	115.41006898989033	74.88411365598125
941	102.79982041816517	114.96754864292997
942	118.45548441140063	80.84373632794305
943	156.23733363567206	162.36764843427662
944	142.82475459175052	129.07733374480605
945	143.9421255842306	119.0558122179063
946	141.29853011989368	113.38777920857586
947	182.3565768774254	95.59919364762965
948	140.37252821512095	242.24833083712167
949	236.15563560626015	77.94943318678766
950	133.20434087855207	204.28720062036035
951	136.91286900125812	232.4794664812507
952	-5.495288914205432	-43.29575271507245
953	20.936893919882593	141.5378704963305
954	62.13158475643888	239.07714889627562
955	151.52068727038701	243.27865366589845
956	126.5920438327008	12.570027724528117
957	46.06722437799448	141.6068346463608
958	47.50210089897598	-5.829736530796509
959	-5.599462344618871	123.16053260743634
960	25.678268424524205	267.4715686737587
961	33.27707097623025	31.7774428960777
962	42.7387278406581	201.48247553350757
963	-1.7698874375998486	206.9342874234889
964	18.129333696204398	136.58068946046288
965	44.51556129092117	163.59169305544245
966	44.51511879417535	124.42519563106522
967	26.585788960900402	149.84544590795159
968	16.408127269685934	134.41387706301197
969	-14.974062311744305	93.37883900573625
970	32.141767829618146	94.55817504658205
971	41.12825609324926	-8.026120576907275
972	30.011996247746936	213.13502642667004
973	35.78101245859233	153.28579805438304
974	-34.320099227729386	199.7255139828715
975	146.13857462801613	246.40030198057013
976	113.84447060089887	128.72776702594646
977	107.26042464678068	223.74469532745889
978	46.554963350511144	153.4378082249639
979	112.43153334862872	265.1227132727721
980	59.49372989645681	120.0516010434329
981	38.23177939713494	146.4602080868846
982	138.73347082846252	138.66846947227913
983	153.34270130758463	150.47322864029124
984	147.5540029963626	128.78613655056157
985	94.57170942496283	111.14793281622968
986	142.47830112281028	155.22152938582676
987	78.86680006890148	136.61683315215146
988	14.48774955082726	128.02095192745304
989	79.47592140395369	94.0070382370141
990	31.668212756154304	93.2586558826863
991	173.23173915443223	279.18200626803525
992	133.671422379039	110.76969731422616
993	59.05367254366101	154.4030084378828
994	31.289242898772045	151.86959614877927
995	32.51587114817215	113.88539841029856
996	142.12036935136422	124.53994241259001
997	133.76882120052093	157.45732591038964
998	267.9821964686945	118.96963328003862
999	132.6661365929751	116.25883921033416
1000	109.66548897749466	111.37843025234363
1001	153.5994384360968	119.61745089465721
1002	136.7195853612512	153.8088117156927
1003	138.55288524885535	146.23379183827956
1004	30.151415616057136	109.53355132688058
1005	48.98586579250443	97.19061165910823
1006	48.309663362593085	-2.295537623026064
1007	49.537492249958376	134.1975521224869
1008	144.13045579517546	140.08839367632834
1009	162.54134153489116	153.94982653276327
1010	115.96735259909225	89.68854394371843
1011	118.4815296572653	111.18383289082452
1012	6.619553391904063	91.49139330922773
1013	133.27763965931496	152.1633928028802
1014	145.47048740649305	236.77112806869343
1015	23.736689574530928	240.60392335066413
1016	162.38326706176736	133.69910244531107
1017	28.14090716031268	157.3356937535349
1018	34.046854912248705	247.34121752424343
1019	154.47369562739914	163.72258655997314
1020	42.77715307515169	274.56207110005823
1021	275.3428683336922	90.73452685558517
1022	145.55447980075547	75.30094023000015
1023	32.051714809973305	125.62611235261218
1024	114.53179985613811	-27.92310270203579
1025	-23.343958497546154	269.9343015325853
1026	126.91876142393411	-12.458691257360357
1027	249.16832025632493	177.04307093096162
1028	228.457819887129	185.14264655800565
1029	237.85837286644363	146.9977279885512
1030	110.88444763123496	147.83558775888935
1031	37.98892420867847	-35.900527528149325
1032	188.76928025800007	233.3887074243362
1033	92.72031457203508	71.63428979992497
1034	251.70973147224524	99.07348838046963
1035	114.30485912213759	198.9377565171543
1036	22.787941081490672	97.66986178713202
1037	272.3058666021913	109.05249663414416
1038	-6.710474525219425	198.87647549168113
1039	104.56950016435943	69.52518852732669
1040	129.18410819414765	230.9602057516429
1041	272.47187571521795	240.40166455251875
1042	107.07322995141591	267.95290422010765
1043	217.49406517974887	185.3005604596645
1044	103.20061631641335	88.39185823977245
1045	118.39480108471119	96.62699155275743
1046	120.37108082529578	132.49957102280857
1047	128.22738384731878	139.5610645848022
1048	41.9431619455884	142.2473278554802
1049	38.207625549352656	112.7660835470654
1050	26.459434196752753	85.28313564501728
1051	46.47990447640257	151.84468649675085
1052	33.92989185191837	117.2942352527924
1053	-10.89931406409967	81.55719258458157
1054	129.1841338492445	277.50977793496236
1055	146.0521836965414	136.49560916182497
1056	144.16248337494613	126.77520962289006
1057	45.31319820298728	115.43939184454332
1058	239.33841690487105	103.84086120811375
1059	38.44604150195707	135.78587103004102
1060	136.42231474046983	151.4541219974344
1061	147.2015633582413	97.95329912390908
1062	149.4781631013884	106.77101892868237
1063	146.93611694816465	100.19020613146348
1064	108.33641958141799	136.12999186440354
1065	99.31129467375193	86.73013823672598
1066	138.95278695133285	137.2546499280332
1067	131.6388171191701	100.68093687878446
1068	135.5201607869479	85.56370309861589
1069	39.371955642191466	114.99168048637338
1070	118.81215286373455	78.21479860178756
1071	44.04936672204826	37.73103082891802
1072	132.52940235434423	45.158225435682986
1073	135.00335226075816	99.7901373360848
1074	90.60814477357725	19.230280896780393
1075	96.81339944369503	0.6760489314351679
1076	273.5455376072033	143.43951115047878
1077	217.9351169555087	-10.18625709999825
1078	231.92432876585377	125.86824592200826
1079	104.58872378889102	-33.62531264701277
1080	255.74666108075346	-28.08138494086903
1081	260.4266151548017	-1.3908975977446085
1082	88.46100146984165	4.922378178267745
1083	223.7773771471908	-26.870957796544435
1084	235.21681074484616	7.06907884577194
1085	131.0883144824584	-13.38456391873641
1086	102.08722305843773	-30.59142090488819
1087	79.36232849982409	-72.29766055179489
1088	49.996127871258416	-24.391067369428022
1089	67.07167179309012	-47.774671169631254
1090	84.70058560598477	-60.319142958978404
1091	10.78684845544106	-31.020897947583734
1092	194.50986613219777	-8.121421253492803
1093	291.46739300835645	8.559994379963738
1094	181.68062811497995	-21.098249366484005
1095	97.47372482323203	-20.68221677883325
1096	234.88179704802818	-12.681077037659024
1097	212.86122556077024	5.931683390250069
1098	196.9152296875681	-52.50478291895278
1099	166.87824126185498	-23.14662684338335
1100	237.95535193908796	79.32129114493088
1101	89.26166771581626	-23.189183772705146
1102	236.94250480546475	-45.18954906590984
1103	182.2935630281276	-180.95354890051368
1104	230.3895771300267	-26.5177894310912
1105	135.84435676171813	-16.052909926363252
1106	-10.258330355165882	-149.47171347973526
1107	260.4512599225104	-15.013073763395415
1108	91.76067703231121	-41.66020184017987
1109	176.67415711805955	-53.819447590092786
1110	213.76880733011836	-27.083192307606506
1111	27.62096554278358	2.940471538650682
1112	104.35995191154959	121.701331236324
1113	187.64067192171797	-25.573957065403086
1114	211.2046489251776	-10.97637018604089
1115	49.3138743977256	-15.711328437137984
1116	198.73737248235923	93.51441787100268
1117	174.52565492621653	58.55276427413461
1118	221.26434574454936	168.85358287835328
1119	104.7686821034526	232.97760347156353
1120	211.64772777728984	-84.03577078075638
1121	89.63363644434175	166.97043823706676
1122	263.99662557375456	53.991229813631904
1123	124.11174665692785	89.49656257227535
1124	113.6647402507748	53.693809950403555
1125	223.03295900467944	183.12132119374274
1126	152.53393675472566	112.8646620110621
1127	145.78939875066195	99.47076038944593
1128	119.59918127544975	126.00135280807916
1129	81.37237008374578	128.68698428359286
1130	112.93741627856377	107.41144627036118
1131	191.60738038244276	138.50130214473225
1132	142.81450898716525	154.528004860358
1133	72.81137972104233	107.0681694965153
1134	-17.755477868713584	271.99799970601896
1135	251.63231080699626	104.15565132323565
1136	153.46130449837315	86.60683083293591
1137	137.03372352453246	260.90008763306463
1138	160.53120585850323	119.06654513166717
1139	14.49904244767535	125.9534387617574
1140	145.35005499634835	254.45355418095554
1141	111.9689797026611	204.74998705689035
1142	178.4312806782401	24.41265872712269
1143	119.06090330953579	12.330613604635033
1144	120.69759862949468	34.44777904731265
1145	47.48187104504456	217.5428038008038
1146	-24.83076051658682	118.26826193284099
1147	147.45298762546204	96.14688256248647
1148	182.86605651804814	13.530036776904339
1149	2.930795585956858	-4.690967395552647
1150	16.870782167201313	132.73249099895574
1151	46.945690341812735	135.024399547992
1152	145.64633042407158	259.003380255706
1153	21.484465452592445	252.2692343896913
1154	-11.185412122089687	-29.088386804224044
1155	-16.8361699904044	0.5397571673418327
1156	12.776239893911267	128.01514017371642
1157	157.86672017549407	140.01718325600228
1158	-41.52419327739389	-22.250539506970682
1159	42.94838229092858	118.26375890091354
1160	134.4522639209401	90.87416054096848
1161	27.318258019639686	10.840765625463533
1162	-1.0183857217126047	142.3412500001042
1163	152.63723329791088	142.73091246650466
1164	-53.342941217413454	103.77159647038069
1165	61.53290518724302	264.855647062118
1166	-28.773106742225494	151.0696343851025
1167	-15.622602559026546	153.81622278539524
1168	158.60042091826205	189.9016062654829
1169	8.975256487735024	201.32797958268645
1170	-3.2234988821398645	192.99958145553126
1171	128.8358924295198	18.658485936188782
1172	113.83077553024249	211.05074823927794
1173	133.43561077996492	12.037765762809528
1174	121.89184140042173	135.87008958785356
1175	217.66759880173646	154.83808858309914
1176	193.69745117688817	117.62376928520393
1177	-15.69992761569759	237.1212374267493
1178	178.05970616111244	263.00541666312483
1179	18.33243859631233	121.72737769259756
1180	14.215117682289858	6.788333875932466
1181	25.979542136484795	104.93194590268651
1182	125.42483159954344	138.81681647273518
1183	-20.368180401508013	106.32835043088444
1184	-11.06142718946721	96.76506334687362
1185	215.86968840668035	105.23423853866382
1186	164.90060397262246	119.1253466056825
1187	106.76177066124747	96.58486765479705
1188	146.4397016008461	225.7020814675865
1189	150.03927791847929	160.69865853270096
1190	19.415530609365774	24.336636732400844
1191	153.08832369008752	17.934903897990615
1192	-18.71339542190003	-1.7859193033284284
1193	126.72856210639854	-24.68487379726225
1194	128.67737836334499	3.9328031567495874
1195	161.61480269249384	-10.380550382669384
1196	123.43297633675276	-23.5350259254811
1197	246.65801060870282	-3.5880641519836827
1198	147.30240028607332	14.703601971966927
1199	252.84929171385622	-26.4679293747598
1200	154.02475681701029	-7.814152845274215
1201	125.56405927872554	17.651073746994925
1202	121.36055620594695	9.41016600114953
1203	137.7622439428401	10.490650475492314
1204	100.26548274145853	-3.845672873645222
1205	122.1258083168122	6.5753108378909895
1206	63.77236298609841	-21.565886041023088
1207	143.75381343167223	21.340273157553
1208	118.43175815802795	16.16852357142179
1209	97.74161632949837	63.06321977037087
1210	148.72658115742612	30.167805953936917
1211	154.14831403367336	-8.596239663011138
1212	102.64810756782352	2.8978049399960764
1213	25.75408523984636	1.1647553866087679
1214	133.90032250970333	67.36275770204632
1215	-24.509818435551338	83.2709750457373
1216	225.7765545062961	37.91576601428414
1217	102.34798470923823	93.11764407917715
1218	147.124164758243	44.24027257086755
1219	93.21196161057631	42.735317738209766
1220	101.3305962476825	77.53525494725936
1221	92.76391019954816	56.40739895704871
1222	114.78073046433866	59.3554483776016
1223	103.74865251999603	98.35700785766352
1224	142.2379455781632	72.10132480568595
1225	156.55936132394504	72.3891440273935
1226	156.3285966776857	73.78761644381832
1227	135.8568609847508	119.43507356468255
1228	155.85252603030327	53.09073478161089
1229	109.36309688156312	-36.92983757148182
1230	120.8276208368393	148.91291699899924
1231	-3.5703112777764545	205.0237093444202
1232	259.6589903372013	114.44654048368918
1233	220.7328630576515	232.16526363451982
1234	-2.1858542734927653	192.17686619831989
1235	146.59471873525743	208.70399965148098
1236	-4.588485797685962	235.06008394160588
1237	203.82276106181615	198.88946019571438
1238	15.370883725184797	175.40862689329703
1239	-15.747795957881735	190.7769528323974
1240	200.23845207854316	210.80227561799052
1241	13.83968460958343	-52.19939778831312
1242	152.1942214334705	122.02797271613224
1243	197.4646588814373	-22.38639899115853
1244	-14.273543815688996	-18.549301483426675
1245	-7.30312626661302	-104.43867437293534
1246	209.66916521315065	-31.27742725646044
1247	-62.996616833779825	-47.029271698496586
1248	207.229788944252	193.92743605845038
1249	-41.18067795059778	-45.07616297707753
1250	-65.79948182171847	99.58620549826963
1251	44.5193857382132	125.70054794883656
1252	220.70525029823017	219.92414500073718
1253	-29.997780540467446	46.33509465474378
1254	229.588805658222	-49.614984738658066
1255	7.767471211977266	195.5261768052179
1256	257.9487808397979	182.07696863710038
1257	-73.64245451193901	252.46469031198885
1258	-3.5068367249718335	-18.544055003121898
1259	-37.41043220201453	208.423745710903
1260	163.8739139906627	190.3294675045675
1261	94.47509412613942	-48.08009901268467
1262	163.26501838262627	102.86301102669434
1263	40.179873819714004	-5.918327767839244
1264	224.4493336029169	194.73374596206727
1265	78.16500969107818	-122.59070624935922
1266	240.7539483639298	16.46344899501476
1267	3.3674031437929983	204.58801614223535
1268	-38.099936149889444	123.21078981854689
1269	-1.7420318084126336	194.94348713709368
1270	100.59369759403246	-50.41958406354101
1271	-38.482268203735046	-69.64809560724045
1272	-59.33998527013027	61.893631800388484
1273	133.79835607455612	222.83894244571866
1274	7.4147060356329035	219.28615464669804
1275	35.94677862144627	3.133488384036312
1276	232.19776990725762	-29.14753304558525
1277	-38.5183562459718	16.335130845724166
1278	-24.55850102374373	36.003363271091814
1279	265.9568233972241	254.03457608795483
1280	12.358752094045201	202.00324027295517
1281	7.338481489129293	205.70983523559073
1282	-33.20980305894608	189.41976242317742
1283	222.01206855015346	17.571426044119562
1284	13.132031645666544	-28.239854457870095
1285	-33.63074765601954	230.19936833949086
1286	186.5642823832677	225.0223545389344
1287	-1.5826418698857339	104.5070627629259
1288	197.6490522691989	205.7691393586674
1289	67.94369589093135	179.3090070719444
1290	41.30010245278825	65.50414888176068
1291	84.29923545948935	225.30236437720004
1292	25.679496085399848	-64.23454992365555
1293	26.655210135996768	196.51165939394568
1294	244.02365363670768	10.678797555291254
1295	-13.82330728774923	-12.494872175096432
1296	198.40924539128343	143.8245996747456
1297	191.49241238934871	190.2154788520006
1298	199.49889159718765	123.67621992237301
1299	8.134510978828601	-69.45090494060105
1300	-74.68155618337178	91.70604726885934
1301	24.641806110694176	131.41808023609008
1302	4.2113299818696674	232.57376142983375
1303	104.00388889742439	5.376056192797577
1304	196.7843431074906	-33.23081113362659
1305	75.70937627704208	120.59562331858262
1306	-17.239110726875296	-79.0445131185848
1307	186.6669479397426	202.45355633188683
1308	-21.354181799071966	-54.77970041918796
1309	-50.925669418513934	-48.77639660694048
1310	-34.393717859625184	186.06860551446263
1311	244.43776467304653	96.3486608127988
1312	16.64492668945421	197.77334446598036
1313	109.72950551632563	165.1992933156066
1314	-53.67788023554449	195.37895263539372
1315	258.90153404182536	118.21541893875596
1316	236.60887341456376	-87.91560911548066
1317	181.40248041943374	-53.03302918167613
1318	202.89870382944065	180.20054552918737
1319	179.74551469754556	-9.519294210264684
1320	114.49255147544487	-33.88760320049262
1321	28.828513298472103	-56.234439918353736
1322	206.33634407690386	20.26875455333911
1323	-46.568584417972914	-36.02681134336805
1324	-84.96630990579105	4.271369007714824
1325	202.12060105880366	-49.42959527917208
1326	-58.22802503818134	-40.164756459086206
1327	196.40570141757334	-25.699820626176624
1328	-20.291343368632482	3.5109962243432777
1329	96.74884058560176	-40.21440867791638
1330	-56.18615887840997	-29.597802848972524
1331	-50.81854712361423	-45.48498420286851
1332	-18.713806821695364	-64.10451627852574
1333	202.11086560267745	-71.146619680726
1334	-36.98534879001039	-47.783658366136166
1335	-118.1825215372387	-48.60348847906198
1336	-10.539713714600309	-22.98604319859316
1337	-101.71916058860587	-37.53942941052871
1338	-65.31178607869609	-31.99520552705793
1339	-79.01041423951608	-45.65108308134123
1340	-36.27677197005195	-20.44463545842333
1341	186.17990555987814	-32.75361322809891
1342	41.01556401055247	-54.53793860616108
1343	23.441261779322716	-32.125439785828995
1344	30.83235751116287	-23.027127860278224
1345	118.77091299735963	-68.2591277159946
1346	-86.60571780761435	-7.154157355700084
1347	-107.46513078252197	-10.32316261423196
1348	219.93585185130317	-55.81295639387823
1349	-42.86648222994721	4.408674513125108
1350	193.80696215002786	-31.78933803037645
1351	218.17486209519	77.31713068190865
1352	80.59674468669927	108.8562312444316
1353	173.32613371419177	132.839344489162
1354	217.4415861167352	137.4248487137541
1355	229.65824392491595	14.794253559876886
1356	-80.10930452978965	174.70274306275508
1357	96.53074846770133	165.11262501041273
1358	169.93111898803278	139.3293866411172
1359	65.76552353327742	203.04518023702227
1360	-41.940697977835555	-16.513068642126342
1361	-13.874967028577132	161.0935663343689
1362	104.55669663611896	80.68932550433543
1363	84.75257246972077	153.84699854177745
1364	66.78437900169833	136.63286006991794
1365	189.07086658475572	6.63624950134998
1366	107.42213294100776	65.1051289749536
1367	-7.409817815022407	151.44842510456584
1368	191.98173895917012	-35.76385951936079
1369	-7.7425080867371605	23.033190378255313
1370	201.73268257088756	187.51075942480554
1371	151.5807310242887	-96.75880538828933
1372	57.22014091613479	143.10983222982244
1373	-56.02664908709798	-32.771083910135616
1374	193.79240975383627	175.50939752064025
1375	123.54243361314263	176.56693931533863
1376	67.90774461855425	-124.90614935400545
1377	12.608519195576548	-83.49439043545588
1378	165.95194751191127	-88.53102240659511
1379	53.47648775317728	175.6651858567978
1380	95.89081393181765	-13.729072868535617
1381	206.2441112660224	-74.93008312236748
1382	182.31890960970568	82.23996254062334
1383	-28.26440051173593	-37.115840233860965
1384	190.77725334320985	-53.42682488497225
1385	42.67669804479232	-9.051622856873806
1386	-35.2522946310054	-179.28740708459776
1387	186.12164869646747	-15.963419603771717
1388	111.0382050706768	-45.306306703180255
1389	74.42720058092267	-60.10946920113929
1390	158.03381669604684	-71.8585548733974
1391	173.13023075240147	-93.179831179048
1392	129.9839890287722	-26.841766809531777
1393	107.34635299626542	9.103569147406787
1394	120.7341058415802	143.30766948733134
1395	287.71724000308393	151.51009497188363
1396	123.97981813289655	-37.26722724800298
1397	243.18062063381566	194.38712499918068
1398	260.32158840475495	142.72879103893754
1399	223.74868745070822	235.86697160312698
1400	239.68389917731798	-83.83780913146512
1401	18.432464239343346	224.94869828540675
1402	111.35457456385745	-56.37061680831862
1403	285.3534047162047	-49.7112777046445
1404	222.1389759156827	159.8010801238609
1405	266.5798571805925	-39.492629666712645
1406	224.01761494203643	31.578093478426666
1407	247.9535901968231	202.09436909314812
1408	241.88979030273563	282.9668697782986
1409	252.0050418703442	-32.41237390465922
1410	205.6233728891505	74.84111827854372
1411	98.42730082215292	15.492691242162564
1412	250.66168086293362	87.46945796676196
1413	255.26950893192307	129.48282281850143
1414	212.3651117415441	207.1242116791755
1415	200.79081491984147	81.34179935124097
1416	241.30178839510455	-39.17941409136864
1417	121.23966777346435	231.58472251190594
1418	25.958235582209355	236.97789650683967
1419	260.647289031558	206.43770581985007
1420	250.20359614271413	230.67976750565003
1421	59.20181352352378	240.4743441741965
1422	93.23105470123102	-34.44982621254992
1423	209.7230302905786	139.81121764898634
1424	274.1938239099768	-37.03907285210879
1425	94.15730224709434	198.31064079960294
1426	247.42518069474983	253.06032795229962
1427	258.6946415971059	212.4171208983422
1428	241.44196165379142	228.41929749594942
1429	202.48511849161	182.07291826943958
1430	45.36994141430861	15.26555188344743
1431	221.99728143883135	216.83811142935463
1432	287.56879019332763	180.05177562643507
1433	9.399800553820938	183.8929051931134
1434	266.05703968479986	213.09077366237628
1435	288.52673310828243	183.21835533390146
1436	246.5061634718291	-25.115516663963803
1437	11.482749371513165	75.8116282368525
1438	53.61104485808298	241.70034537154012
1439	85.47064338112281	255.04091877503842
1440	271.7809274873997	65.75007276469191
1441	243.3297099353075	221.67498824409216
1442	258.3483009019028	247.29022549821235
1443	85.6284818912319	139.62676334569701
1444	280.30333377219677	243.22969018030025
1445	232.25776000253416	205.94847849759708
1446	198.6121170806824	51.905800595914144
1447	265.3664902557469	122.13026073706928
1448	239.97737682379494	145.0859757699302
1449	265.5255346305127	204.67574112253453
1450	210.58164869735285	72.94906572944858
1451	106.05233143751339	87.19944130728214
1452	273.3063471507371	177.6778355768975
1453	255.81613495458942	96.39276947563268
1454	66.92508573980828	197.8826347862904
1455	102.78045115960018	263.0616398260504
1456	128.5648434565844	234.41894063501206
1457	272.54109554079133	138.7385540691383
1458	85.65727583052656	70.1096369278194
1459	226.37780528355395	114.13877247861933
1460	221.34834365324878	64.24959003891226
1461	136.93573815528458	259.1650663939646
1462	204.94480842734157	98.9146553672204
1463	189.95427202876976	124.3534341254404
1464	258.6547515028413	128.03694042337517
1465	216.92590190952842	197.83727099272687
1466	286.13248093780953	96.42568057463382
1467	148.1034942470306	120.34302655303551
1468	232.01436859222386	130.34306826991858
1469	50.29153567090853	142.81543155470573
1470	278.26066564912423	138.2870080874416
1471	223.61269725290344	133.70000066247374
1472	108.91815578098173	151.36972500709598
1473	259.7596152313665	121.30312922314434
1474	120.96195322317848	152.23816800502448
1475	141.47480542800025	106.67359819999356
1476	50.025912279908596	122.01743441921667
1477	152.89011251643208	62.764041687477686
1478	44.249105780522655	91.35922603495924
1479	124.45911852390229	109.12743141409285
1480	11.358065734299927	140.36824233834636
1481	116.58475125905578	66.51524107870338
1482	260.73338553823555	257.82215725085973
1483	47.86804204551251	101.07088783978915
1484	125.39711008391613	123.56537953685785
1485	33.09492896294722	2.9204291706194
1486	27.868980898302254	132.49357118496764
1487	140.1298755949751	170.31926523425477
1488	-28.078556041633362	121.26935872598986
1489	22.40784324191324	65.90163692637486
1490	32.371810192274864	265.73972855209627
1491	28.578220652952126	129.67871606228582
1492	37.86328999426647	124.44488438578051
1493	9.248559933640863	265.844590169756
1494	-0.03818345337691653	241.14940630855364
1495	12.516325713865712	8.957246108135834
1496	-2.9537922837846793	108.81052725259762
1497	41.73291861343134	-11.753166643589793
1498	19.815129895441643	241.66003015777824
1499	-41.258064052980004	120.21688897007942
1500	36.2670267121367	3.334876947007203
1501	56.83471113982344	108.39076272313801
1502	5.5867105701516095	19.879883122902527
1503	-11.524907647681985	38.800103637229824
1504	30.393763939163136	48.50013477987113
1505	-64.78046672741573	29.840967555462697
1506	9.686520627304262	109.76566000581421
1507	46.92762624096059	147.12604496209414
1508	28.771565303464172	250.57152607666228
1509	32.19805252729279	27.867355248610778
1510	34.786577277302115	184.63296857567232
1511	17.451271077247625	123.05807545524374
1512	-30.52933389158983	169.16884361908802
1513	13.15943721452173	246.23166910057597
1514	-7.587014853052523	94.36924219449676
1515	9.240107958834955	123.0492866567242
1516	-5.024921233255029	256.4724256532352
1517	33.88992643134745	-30.88166781584738
1518	15.403743852304203	-12.397206810099291
1519	26.75743460548317	143.10013956779898
1520	20.689804179231913	150.62771807916462
1521	24.655458008640196	116.39694406725391
1522	-19.567559601068425	-18.323713343459474
1523	216.3339242930001	12.429183687247715
1524	-23.491524908390332	9.834318205890312
1525	23.556809352428132	-37.391362175565376
1526	28.208743173850365	12.371811179235664
1527	24.61290972159823	-2.364895554990696
1528	-28.358128722705885	28.11846714705777
1529	48.56975726036245	-6.810272064513057
1530	224.25793126645596	-18.980114318863187
1531	45.58683687286273	221.51147461314804
1532	-30.551928346626298	-10.040199836433516
1533	-13.063856002553393	-34.89400523754246
1534	47.548158636470504	204.2499465426595
1535	129.46532617304948	24.196963417144516
1536	131.79156701474298	-65.85961347030836
1537	19.533069635654016	223.99774702801108
1538	28.07428627644589	237.40547682729166
1539	147.7019125911572	188.52090443295657
1540	-19.011051017274767	35.55937617633725
1541	6.222157931395202	-5.606478140750298
1542	6.177942988971935	6.567550528953873
1543	-14.888057339299053	213.75999926951368
1544	27.42897109488399	44.78981932708612
1545	5.681800668763685	-32.6748677650377
1546	-29.762566810598827	-24.796106577424766
1547	116.12732833332099	160.4849295787287
1548	156.63702884077688	120.97246054735278
1549	31.056827945041363	246.06095356760895
1550	233.20031565903173	-56.97493545325305
1551	31.735593327552465	35.008542190952795
1552	131.11636440785364	211.52549672371694
1553	229.08039884078894	233.98936009945092
1554	247.7283866255142	58.61670492373199
1555	236.47066994377332	135.5094800254139
1556	124.11356144768801	258.87482315871654
1557	-30.22580148750957	16.081022180549112
1558	145.82733090840347	98.23145196424109
1559	-9.657187687965262	232.2598580017935
1560	108.15809338571852	27.321595867399267
1561	53.64379523380825	110.75485101771025
1562	10.592298688770441	10.252430111485111
1563	-6.267595271489739	232.05434972254656
1564	145.0390425888316	36.180742506690336
1565	260.3147186825485	123.46514552956025
1566	13.082494745195419	221.65019316696336
1567	110.58875700949845	121.02442446461323
1568	220.42794083336398	68.88923019287932
1569	119.9978669317107	-8.783258802802706
1570	115.22380900972053	194.43191814674458
1571	8.684143980166212	120.7200130253725
1572	-42.708771631435155	78.32738009001997
1573	247.88385987091522	112.86865152038345
1574	-58.21442071434382	247.24860137534662
1575	124.9213345826775	-2.6601483924188614
1576	255.04778563462128	71.5145653752572
1577	229.33525464249357	216.94670942590352
1578	258.651194350937	16.26744642629542
1579	205.31548486314935	138.21089232890293
1580	188.89161819232777	105.6158657069837
1581	238.73671595080887	151.95405450370112
1582	-3.824990976188829	63.62065377231955
1583	102.56875732294026	140.50074555280298
1584	184.70547592356877	5.230631775103253
1585	126.42979674140483	-69.65658818607207
1586	231.03460363079898	-55.264781081784925
1587	26.503790944145862	-12.981714474220398
1588	125.821762635528	-30.84214319804666
1589	-51.072152556213396	-5.666916916969266
1590	218.95733905793958	-35.732209109516965
1591	202.02057477432137	-25.87023432730625
1592	106.19440024377009	-43.137618058489196
1593	181.78712305631723	-41.08748996692759
1594	52.51238413781837	-5.219888542980419
1595	244.29810194801567	-61.47611545638457
1596	205.29584851859704	48.45027005588995
1597	151.62403626471286	-88.32054208918179
1598	-49.98840527620695	88.75545546878482
1599	209.977938991385	-58.93142617435024
1600	183.23358084106414	195.31304262640433
1601	154.14818245834357	-9.092904646801202
1602	214.95176634887196	-69.5067763919517
1603	-45.73115489967684	157.87751115850844
1604	72.67771553045752	31.042205517912365
1605	213.16079985217183	-56.147666758935785
1606	200.82289393786962	-53.91821995289815
1607	195.03283873696444	185.68039822562554
1608	106.50146096854735	-30.723488652566004
1609	-58.11066055023872	169.3819456739576
1610	77.60877157117189	-18.885031062596358
1611	-65.89367793931393	151.44383149842108
1612	204.44416356126283	-58.59030830088205
1613	222.64218783532772	-67.29160353821493
1614	186.45034421484164	-12.880602884384134
1615	172.27352701199868	-28.980227386204646
1616	128.63415796896606	-36.30438927252582
1617	171.69209896575197	-68.73408862835046
1618	184.37255445296125	-2.5790976124648743
1619	-103.81828844060779	-48.95133802877689
1620	23.91668433248907	-42.97246187646853
1621	40.04926031707106	-53.76835803297951
1622	-63.87483573731839	-67.71032847824233
1623	180.5975596438916	84.01523075881369
1624	-10.510003204646225	-48.34723093339633
1625	179.92285167936174	-25.52995128086377
1626	-39.97893618718754	116.46042338082559
1627	215.54903620896084	31.463816739634467
1628	168.39788658093266	17.884335774075907
1629	7.927070191301269	119.49207753426475
1630	208.29831826137553	184.30898915327143
1631	221.63867151789074	-6.396563723257557
1632	228.89684087327396	5.736471997125477
1633	194.67133499980702	202.26135667086038
1634	201.44738934681993	143.1133095133785
1635	166.31420791970686	78.97417634219745
1636	13.142133183448749	190.0871511892248
1637	219.06617152144352	131.43949871140893
1638	181.85101621532624	163.63584582916337
1639	173.51083893354954	-30.003919575833407
1640	-14.728569974161914	-21.007348893266737
1641	208.45838114136183	167.3765126426864
1642	71.35013240519312	-88.91334421834577
1643	254.93157442958068	56.11406800579346
1644	64.61809257946013	59.71742459483668
1645	188.38175948091293	45.260815714724
1646	193.5060246665622	48.87387739037991
1647	118.25321967209545	-104.02460343631286
1648	238.72084071645202	-22.44236581681959
1649	126.85576208716941	-60.63013195176102
1650	70.71515520859707	-36.22547149704856
1651	176.4062347638776	-58.487402027477884
1652	79.79197134966506	-19.31225511125519
1653	60.18199780677497	62.32971261845797
1654	189.37189229424115	-38.071423884787606
1655	65.59709890726643	2.015005512318732
1656	-23.664186102949344	-41.78464802705372
1657	180.54024744697008	-34.17149324550734
1658	169.52192902576866	-11.303075644068702
1659	181.0735497314123	-32.335093148376764
1660	84.33905157153814	-47.18523170855909
1661	247.5019244297586	-31.59199229264373
1662	191.34733455379157	-118.92712185036875
1663	67.05075164997297	13.553482764465711
1664	-36.088943867513464	-31.856731361402908
1665	199.51923842085327	-7.0598666380337
1666	83.98929132560177	-27.304161356610756
1667	-2.1853505990255258	223.28934555210216
1668	184.243230300385	-30.522997173014986
1669	188.31646033317492	-45.248988644082374
1670	17.922082713433	-53.63535937239085
1671	119.56672496075035	-35.014768836854365
1672	82.78601626636795	-4.16923774129293
1673	59.05248788527966	-19.55202956003692
1674	22.452073033693807	-46.63423478491913
1675	160.5109536949616	-12.057615027617572
1676	10.617997935405398	78.43119071345879
1677	159.9300528356256	-0.002449712879932342
1678	128.05359607377582	-35.293656593538785
1679	162.53410118232	135.2190526247297
1680	81.76504474801173	-10.38527996401435
1681	65.33552862504668	165.10474447923178
1682	93.1754074839746	-54.03496957523062
1683	42.46187915683801	163.60635451306433
1684	247.7603048703603	-80.70144932688659
1685	197.8797164594458	203.0897788053972
1686	139.69493870476452	48.8052480703215
1687	66.2637134857533	181.02373223646975
1688	232.28870366210717	57.96448964943649
1689	-26.669761544336893	148.68877568604262
1690	198.72122329316903	-99.27746745365579
1691	133.36542651583306	-54.48128448726335
1692	182.74707818691232	195.98788781297196
1693	91.15489047047954	136.8752732659078
1694	191.9939594285698	141.98796756908854
1695	215.96959594127435	82.56662718425937
1696	-29.602300150625027	159.60197793374496
1697	6.774445847562376	22.045070274682942
1698	92.88651679055127	78.49845139626568
1699	191.14368110823315	-62.4736591257818
1700	-109.68735492459459	-84.0012855972223
1701	120.69907568048826	-65.58718750149197
1702	190.71858354653594	146.16292183024333
1703	179.10071635768844	128.36790811646287
1704	127.23761310996085	146.37637455539073
1705	13.697949541827782	7.981465236451263
1706	133.79962888107215	141.67695984251702
1707	215.68946337052313	-26.570474242127432
1708	194.54781182203038	97.69380512405233
1709	-42.07647858637546	161.96713101008828
1710	79.08249285745494	-31.06233449828811
1711	247.67086042817417	145.2612291293382
1712	168.5187567860067	62.83109909915927
1713	173.53428847786006	66.09910872732884
1714	126.9059108772802	14.7972349167316
1715	217.67233957607368	133.2849930407546
1716	-19.81095719388685	68.04160387965563
1717	251.9854167676027	-102.50305433705924
1718	173.1725610380095	133.6588910905438
1719	183.99079920714922	134.91476709085333
1720	-18.40783517140737	-52.7071817636829
1721	145.1575642761969	135.98745898428706
1722	43.59851696020198	-69.20312707085247
1723	193.57929736471425	90.14679807417512
1724	36.43142267142565	87.34716182540066
1725	-163.8990784005927	161.60995967286237
1726	163.03420167793507	35.68655100032117
1727	183.52562808289227	40.58885264871273
1728	82.49295261542443	89.35604098167579
1729	56.078067663951785	-180.1468026922618
1730	245.09809945845302	-219.00137122646
1731	-6.460261260587018	160.87600377419332
1732	0.8931440365508365	113.60996106695796
1733	-34.18882821487405	66.08126691372536
1734	119.02729830474136	154.73077297492176
1735	230.5497777210037	-71.78564427753385
1736	-14.49277011712772	158.99730058749338
1737	215.32881608965596	77.1222759948267
1738	187.42618225754973	150.54312639635418
1739	93.41352599901361	201.00330659229553
1740	-16.853861399645837	165.17897110890235
1741	-30.859460275744112	164.95588924485105
1742	-30.52470416466811	171.99138376773516
1743	146.5827310674097	76.5112391572314
1744	199.74290832379484	-137.06554931991707
1745	158.5792832901377	179.8500383916554
1746	218.7567898059985	97.31766112669544
1747	213.86590953100804	-93.85982627583857
1748	137.36348819863377	153.77759094581756
1749	100.16578936427987	-50.0478914260273
1750	90.19978898373857	13.060201030904693
1751	157.97674135772382	160.7069469501041
1752	40.79194005050087	192.79759759346837
1753	-39.442211690759635	189.5986828220677
1754	208.59748638504843	188.8552211462984
1755	204.3412645936778	208.4386212717614
1756	136.55135003505524	-70.28318002157597
1757	234.3945711231552	-50.24179071701924
1758	170.07186571686404	185.94725651346974
1759	-12.797309276010765	161.10954981604974
1760	-20.076679593056667	75.83338312186824
1761	193.40984485548995	213.53164933080203
1762	262.93527845457044	186.02805114877003
1763	56.26190513678796	-30.638473528731893
1764	229.70916065274213	222.6358630018558
1765	188.94559966969447	185.64254397092446
1766	226.1713011103819	49.81451000810072
1767	-58.17880585031608	132.61339555486705
1768	-48.73861321215389	-43.528138536157655
1769	188.30739005583712	83.05274060063954
1770	209.45374151030262	-58.285608572591215
1771	36.993062388153646	-39.26836946132303
1772	136.7511738590562	166.52777286682237
1773	203.83766854109746	216.72376656671827
1774	221.98452791681783	141.7527627397063
1775	154.93645871406733	100.24067848638582
1776	201.9168527963328	30.789470968815124
1777	-35.68109854348373	184.42056818573764
1778	168.36487482319885	59.72531329775606
1779	116.36578462968575	62.70931047713283
1780	215.27740233789638	179.661810067561
1781	-19.561129481068818	30.65536166573726
1782	182.74221154165193	139.04064096183424
1783	-50.21689251564101	140.7021413875918
1784	-42.57309151101875	-42.5002312230345
1785	-50.412553123576146	162.94724868926818
1786	101.9145707368648	260.08872251096125
1787	204.96605922637718	165.85556944609291
1788	167.00002156692878	148.09302971559396
1789	234.27386878698601	70.51747601967641
1790	283.23378300285253	173.31186424347192
1791	184.8110835145524	153.31611898155617
1792	248.6626336227609	187.92166253218403
1793	200.49563548972745	140.1425277064007
1794	231.38260513167495	109.07953191544894
1795	-19.96258648336213	131.51119736095202
1796	181.58234288927457	49.590420240620276
1797	150.36400473567022	68.88464301248418
1798	163.38184086074153	109.12259412652152
1799	194.42402042221568	186.55515776758432
1800	110.96860154453331	186.70411148650368
1801	173.15917372149374	162.62547008881774
1802	-80.26564346082	59.99635389015596
1803	78.2683640400904	137.3898369100533
1804	-22.810752216548906	-82.39924209786217
1805	215.04984555977387	130.01397490392955
1806	224.19715143022518	90.21157280691226
1807	87.80801327967673	96.62520236123814
1808	80.73508420862845	85.7889206530959
1809	125.98833721124691	63.500711228329195
1810	-13.64491447074866	160.36229782867315
1811	149.96365748220782	127.9334363925734
1812	3.7322078717017746	185.15905602198976
1813	109.01997467499116	105.5785438561539
1814	0.09371628669391896	89.46125133418576
1815	177.95464238724733	107.71404762652902
1816	147.82550353569724	197.37351213258333
1817	110.81727605993012	201.72703921673164
1818	185.13281521292612	33.26287094732879
1819	176.38347026699185	192.42579292669564
1820	163.19134178908268	64.02025171686263
1821	190.3535397474044	-70.80073173702507
1822	29.75464560774614	123.84099871993728
1823	203.45807386576848	166.39922114899053
1824	215.43935199359294	148.65717329621378
1825	237.16259821387044	137.93178874964133
1826	152.6836180413403	-39.12080010234263
1827	232.5736210139008	172.19641041770456
1828	188.78357699794094	57.640602381608275
1829	167.63588923048493	176.11338526427738
1830	-5.645084634868695	148.49740440841146
1831	115.967765744194	183.32147455686635
1832	166.43825482296512	137.746693037745
1833	228.2417448338751	151.25933888501922
1834	189.22207099702842	179.4239312767507
1835	203.55062644833748	-66.19814831216883
1836	121.77221360167319	-27.43976751943876
1837	82.27283432219761	-43.68499627308384
1838	-26.520430750735954	139.33455077750511
1839	30.641744752295068	-40.25540275184186
1840	38.02634478551093	202.6651969267873
1841	-66.42027637737947	-54.147631391254876
1842	162.2483932097577	50.50340522395291
1843	195.87748522056523	104.45038299118433
1844	107.19189865981834	197.93190011405707
1845	-25.39206818983783	196.27887449025425
1846	5.967431673151836	85.92153391589757
1847	25.453002951470737	173.3301074653309
1848	-20.85239088682401	110.7466952320038
1849	221.56056107710845	-36.59586292709332
1850	165.69813322853764	-23.04422130132245
1851	169.74895639850013	46.83295841535762
1852	118.86736110012964	191.8096910593008
1853	-1.1270455781967428	80.06719753397743
1854	169.2878392267075	195.1573271717629
1855	-39.104443733162185	9.886155738773638
1856	267.16720766710785	-62.326671507387296
1857	246.6994762496506	-33.25490902502894
1858	145.9031923008493	-10.749492211513953
1859	141.89103552941336	263.06918910085324
1860	226.48914853159758	-48.68234097618321
1861	134.8831035543138	238.35180709368797
1862	36.479595193212305	17.017892894957924
1863	131.99435576243428	-81.21899321870013
1864	190.45472929112603	74.97587052152959
1865	75.96497362628497	-39.16865277965621
1866	246.85292934886152	133.60192910258095
1867	168.33735451018276	200.6475409368485
1868	145.25090195036407	88.11041184459835
1869	21.135265965386793	206.99046476003343
1870	-30.89868744799344	88.1021733263759
1871	190.47662472573668	199.17355431642366
1872	247.57119074770608	-52.65724310283163
1873	119.51046706932433	195.50176387106308
1874	228.83736147463534	-10.017977647113995
1875	213.73145002929445	206.75659004436068
1876	9.034896896833601	91.99455835399205
1877	165.99492216616636	215.60498100221392
1878	190.0204793926506	-62.7381847035838
1879	189.62076254792544	92.36700620246152
1880	131.84429410298227	-1.4775090610626762
1881	171.93507194902477	-1.4755752099874968
1882	-20.662655133597923	134.1468337685659
1883	-36.57788941902332	231.0930996546539
1884	207.24472815309687	-42.013528964163584
1885	23.289139630223758	169.1928206755537
1886	-23.442916895574	-41.21718064416744
1887	121.03944707052588	-59.910230658904354
1888	216.59546651324206	-55.00667913154004
1889	173.47715614093858	262.17650837677417
1890	-13.08118955801605	-28.008571807907074
1891	-78.69072441632089	31.514381796453165
1892	-34.39129123155898	140.63893325318244
1893	129.5319850347797	221.94620259123286
1894	156.18281611567528	-22.810742862451832
1895	118.00354226485233	16.844528777853213
1896	262.89784418393924	18.35354615803068
1897	37.70123172497699	238.50374232818191
1898	12.951115309358485	208.66487106432132
1899	4.415765846363286	-13.110719152779865
1900	35.42019829155575	-32.776027917502034
1901	60.79069410775165	0.046960666642590354
1902	58.32412415787235	41.078647566625534
1903	165.4313498399075	113.21592090958944
1904	-25.374644034802856	184.4105740723807
1905	43.32508946111437	201.7579065561693
1906	4.976242395772033	268.05449240515173
1907	180.36426438948135	103.12117654116402
1908	9.741034631547564	-41.65851105817062
1909	84.86310115599733	255.08629891092204
1910	-20.593363502254718	126.26925817208125
1911	143.60490705257573	213.39884465985415
1912	188.94162535217174	139.96251220467906
1913	177.71559832965107	-31.572400591834665
1914	250.74940894252111	-6.755298499829848
1915	-9.465039276065752	75.81263127395167
1916	214.08440238674194	191.04595388541753
1917	169.83588412337454	4.511311303981884
1918	145.80627183399343	180.12075193879716
1919	135.00315956651806	150.72405195443432
1920	111.69705493704394	198.64492681780115
1921	143.47130370092353	-40.20631463319975
1922	160.31087060965987	189.35651774493556
1923	156.52263360283044	-60.20341251012607
1924	189.0013448380163	-33.139311598461816
1925	138.72264121358313	235.6750174984923
1926	196.35791493755937	25.728024896709726
1927	224.78006744272528	119.87355191587508
1928	219.59659192982036	-33.66279494945371
1929	49.86490967317215	125.70998368038765
1930	181.98451322194174	238.12324013736438
1931	128.29874032737712	-34.73728490818475
1932	128.20927265187981	9.430068320400409
1933	132.76173978482333	163.05686363032504
1934	244.11179449312434	-72.437449263129
1935	28.888387775003906	207.32065893877478
1936	124.00783204302083	104.18800101555357
1937	112.08917018403487	4.634086496411754
1938	97.1965393896947	-61.17692118865825
1939	145.72917703427999	198.1812896329372
1940	222.7679654691197	71.53811426741254
1941	242.137086867478	124.33169978068365
1942	52.10578921649633	211.92800094198805
1943	119.92624034882405	217.9039391777095
1944	-26.788480293648817	193.1033247406511
1945	107.83313504368377	185.24623236228155
1946	245.46110593415602	183.49153050150346
1947	223.2087642311207	226.99920363203887
1948	137.09934073678534	-34.00421764885145
1949	-1.0201959653575159	73.29962640972222
1950	-40.38063937871084	103.1237448691219
1951	161.99319212221604	143.86440921440106
1952	205.89398023823705	82.17315720750726
1953	268.04529700072817	-14.586599603424688
1954	110.3721585603475	76.35441225756098
1955	208.48252200988253	206.38986845361683
1956	12.29040714115827	242.73361275104324
1957	158.6802594645237	205.57041956605775
1958	161.91303185017938	223.04375127595245
1959	177.06288608323092	99.24164531284505
1960	171.73268938315871	167.59539038968478
1961	95.31848445852741	252.17649826190413
1962	183.9233142456896	231.5840781563913
1963	162.9073929348931	87.98245205181583
1964	153.2684111964098	261.3052019865461
1965	177.31461879752393	121.45738181210982
1966	195.73841657097907	-7.629855660344418
1967	137.00784712894483	110.68859983004874
1968	178.4084820816802	268.99222471966107
1969	113.3117583944841	212.11934133613573
1970	162.8725411495662	-1.482522286261272
1971	60.16679855328505	-31.01156589040029
1972	122.33357197035022	-88.70220332269285
1973	247.16480515243344	99.24235086295937
1974	128.1939132847783	188.1032787470488
1975	-29.763956777277883	-25.064628772423532
1976	-17.337727538310972	219.3128807523039
1977	209.62357448927355	-30.749754653100567
1978	129.61061416824262	251.81009738156465
1979	121.75363309857642	258.82416508280585
1980	12.63546322188941	209.5709469090295
1981	-32.44772051190549	-43.48311124025858
1982	214.8452368672486	-15.27517494625441
1983	264.2099612079371	-60.83789717310499
1984	244.81653988009987	138.84216847539804
1985	215.9942536976609	-25.101892205250877
1986	124.72777481334367	-65.43795859207589
1987	43.30335276640179	-10.204171867864616
1988	157.79028138998223	157.4275263204039
1989	214.83605298834863	197.35185579963044
1990	184.5244481605473	183.78765442771345
1991	217.19438007851863	165.26712835717086
1992	232.57869778862866	117.30123774077067
1993	176.74162105868442	158.0109728875819
1994	150.13488579921525	-12.85229210439023
1995	199.1781860441181	158.4507457673814
1996	220.48904860443085	176.93780753420447
1997	288.7596368844201	-15.74519853956896
1998	198.07684799806316	118.04221119875575
1999	130.80579866279822	110.85805331666013
2000	226.9631360142208	11.051393114649485
