Environment: LunarLander-v2
Agent: A2C
Experiment: gravity_experiment
Parameter: Gravity = -1
Time Taken: 2118.0111079216003 seconds
Episodes: 2000 episodes
Max Episodes: 2000 episodes
Reward threshold: None
Episode	Train Reward	Test Reward
1	15.286424840253218	-822.1823572527342
2	-159.29805145518498	-456.3968901592922
3	-147.47095469622042	-336.17936605304953
4	-125.01210284091277	-551.0491643671812
5	-91.17575065628692	-818.7254292954219
6	-109.83234565676692	-397.351640544277
7	-162.97058361489945	-411.5570051082697
8	-113.30510861260447	-727.2820164142427
9	-405.7421299001752	-722.4074593666221
10	-74.93516553738169	-324.15412640963314
11	19.74344680171862	-834.781702566462
12	-277.1675014237287	-454.49789004683197
13	-131.12091281172133	-474.85288419469873
14	-186.1933020985581	-582.8896821911542
15	-110.86044799019463	-458.2986557922882
16	-135.77088892020794	-554.21747865877
17	-158.5960583992374	-909.6378991636809
18	-102.60933979717097	-390.10258509897966
19	-130.37775143058843	-388.60370985492364
20	-302.48869215126854	-631.4916562878055
21	-188.70075566475737	-423.8778607690855
22	-110.79618658548492	-841.9541841447887
23	-306.6091382971855	-654.041066420166
24	-156.04894909270553	-538.7374975480409
25	-277.4760579815186	-546.648975430121
26	-63.62922755729966	-357.98630643808355
27	-109.52693443203894	-242.29939477908982
28	-96.89575922433166	-496.92233731856066
29	-155.78708494477308	-440.182309740813
30	-246.3691015371857	-612.7072545264564
31	-88.83806704336057	-142.9523372225977
32	-118.6780568855496	-305.6490658006386
33	-112.32839340051576	-382.57109423642436
34	-147.42487921481313	-265.560602938793
35	-84.01404474628353	-36.326277821512974
36	-67.710421357998	-249.12792512084565
37	-167.09848728577776	-471.01746848470435
38	-84.17452169641699	-247.10307968965435
39	-70.37932417706003	-390.6566723905412
40	-189.50353707948338	-130.1987010549143
41	-455.31488490497316	-267.1366343865759
42	-227.70256715799033	-127.67938081471473
43	-78.30332713586037	209.543335173161
44	-505.15457361695337	-30.756823569443355
45	-307.8811976642787	-172.54444324567785
46	-137.18502977094408	-109.21122632731507
47	-80.54467885387885	-157.797348997225
48	-212.93195926515557	-729.4578610805039
49	-190.7925274936351	-270.4432795359817
50	-267.4967354385883	-73.94999060202912
51	-103.2982078435266	-239.5041119590484
52	-100.43703242359959	-27.931333206658394
53	-92.87864567714198	29.83344913587024
54	-100.90572809101248	-42.00874968579727
55	-173.3148223481483	-637.3378749881724
56	-114.03561792386161	-181.19714945074475
57	-75.2990017032655	-690.2685489426254
58	-44.25180155601023	-187.31891764114243
59	-129.5275995540382	-166.79178283260333
60	-145.2393313025205	-146.91415367465578
61	-73.92356944820253	-113.30327630585508
62	-163.08952547290693	-642.903222189322
63	-50.330647870759705	-274.3502334846538
64	-105.91585210854045	-91.3698200429437
65	-87.00821711382129	-328.42638358442366
66	-193.6328948635686	-646.8028625642002
67	-159.154374479436	-454.9651275638177
68	-183.28254592981966	-79.13466270695974
69	-189.7439460593874	-450.4369624138991
70	-14.784779095635912	-296.1962413446645
71	-97.298151071525	-64.50590838829561
72	-203.13974463860126	-403.1892576315192
73	-100.03718420025504	-310.39997150556337
74	-104.9011164387295	-401.96914474606996
75	-82.72858872271243	-107.98756234862121
76	-70.8615359743774	-586.6718557323929
77	-261.0744833295564	-580.7431947930249
78	12.100724827087149	15.645637366319718
79	-303.2736716188554	-586.4924415021626
80	-208.38160240272427	-148.57722066325687
81	38.96341348677879	-169.1645081137804
82	-254.6229658884293	-1074.2111105638846
83	-226.699592365266	-2236.868380213839
84	-219.40911775022323	-682.2412212558947
85	-306.96692018646024	-900.3879061613238
86	-162.93900004331854	-884.2019335510331
87	-88.67213986761013	-628.3673406073807
88	-119.12225049431717	-263.27132267217814
89	-132.4415557097022	-194.52066460251348
90	-122.10559543508762	-654.1833522566834
91	-257.4471562121285	-340.06631860246944
92	-256.9199468953009	-271.06867788517036
93	-40.90940962565686	-402.78735750579807
94	-199.9265385606033	-1818.2864973046262
95	-107.0505362862894	-612.4025582669871
96	-143.25928697603038	-446.48326443630214
97	-116.86980027141777	-463.24928787279504
98	-56.35074464415253	-451.896656613921
99	-115.16215003808557	-412.5062879844937
100	-113.75410273798633	-518.5458572407769
101	-70.59336444958404	-532.1314918805633
102	-256.18426529935806	-1053.0502347826596
103	-59.69828077568336	-875.6346734211983
104	-73.39000421932813	-560.9035432198208
105	-365.8279384347503	-433.45512310491745
106	-189.73786090599913	-436.10600636406497
107	-140.5487390656384	-2383.487270162941
108	-370.8469932052303	-494.77456923044423
109	-78.35717830829063	-352.26143137203775
110	-113.67395586209517	-379.96309372217576
111	-261.94682922808323	-601.1036429996992
112	-476.2129232616706	-578.5585329890155
113	-370.9881775572051	-386.46900731448466
114	-179.7902152438693	-254.45699819041312
115	-188.2446292570852	-592.6946021576553
116	-50.31403714378248	-1538.7181602633655
117	-75.83734309433353	-224.41400568562295
118	-37.949907297441044	-332.97118450898535
119	-164.85960292556297	-745.2943123365469
120	-156.78821155573553	-743.4143425846883
121	-138.81435583924048	-375.1114072921618
122	-168.60523316996796	-183.90124593765393
123	-107.43986759318244	-615.0977173862157
124	-62.49589382125749	-212.03043847353985
125	-125.07400714341404	-336.8516950272028
126	-196.30317539905502	-807.4399292825332
127	-159.87500518746722	-209.97215570120966
128	-206.4430923492884	-954.1385939277071
129	-65.68973416597133	-154.70564894942288
130	-116.35764775267963	-538.9769161369298
131	-31.240850775174977	-163.733753423844
132	-360.83670217122346	-264.25373360078055
133	-155.42936810286616	-142.86239620896876
134	-79.54955672820309	-154.4063219554467
135	-124.13427999507358	-186.38586395942548
136	-253.68622964591546	-513.8107379515409
137	-257.910398928249	-200.34657473284278
138	-67.88486961241863	-859.1569784268431
139	-286.2465860408795	-474.5102306417242
140	-51.7054674281097	-452.0242977224942
141	-221.56441165590812	-239.16091032210267
142	-289.5490613626837	-190.0352043798871
143	-102.413821697009	-465.0276939320779
144	-67.80605296138687	-734.6928313108742
145	-295.17187332355303	-178.98535516794914
146	-205.2425572906928	-525.4895130382481
147	-250.34169324651674	-837.9775432437136
148	-53.25555189764806	-555.6153243718989
149	-110.5555727490308	-691.295546773662
150	-150.2501665118789	-477.9203303961204
151	-54.2243600795814	-513.7723437119743
152	-219.62601807595917	-556.069243261257
153	-89.90050203770892	-547.9190919928164
154	-105.51763119184187	-784.8947462501346
155	-168.97853807889425	-641.4393793748919
156	-57.4120100928251	-515.7921459458075
157	-15.51937561670735	-816.2517305253269
158	-423.54655210923613	-970.9888886704969
159	-308.4654359172042	-426.71216594497645
160	-217.33793473758737	-520.8318172408223
161	-72.35242839870676	-775.9372737617248
162	-242.76922191147645	-487.02422672167904
163	-77.39186735791613	-1141.158621145831
164	-249.77427800761126	-719.7081686776609
165	-53.76463786055503	-647.3486611888814
166	-270.7399102768664	-360.98051597129654
167	-266.8486028206438	-671.3164790607988
168	-468.34087477753775	-544.8773074828451
169	-18.6904078946002	-299.34752705002484
170	-108.71585888239535	-458.75230136220983
171	-57.19643229001109	-473.5061119415019
172	-98.0302870854889	-359.15510572169364
173	-150.35514196716088	-383.95845979788885
174	-126.85852871940878	-223.99767926542535
175	-36.48967675264228	-130.04674326767784
176	-224.24524548387518	-82.73857396733086
177	41.579221773910206	-103.28560714159947
178	-117.08367352992074	-198.09621401813845
179	-67.05170317314648	-69.23977465674065
180	-160.05649126263745	-87.215634038554
181	-90.92602735446582	-249.45727290443438
182	-133.23731688401895	-102.16395323513242
183	-51.49106855514583	-132.722329947192
184	0.06884161992802262	34.94404098058831
185	-67.79820487562611	-184.58161483159222
186	-57.57590362113181	-127.49344072554634
187	-19.80250721325295	-60.01244235339376
188	-100.53635904893963	-163.8458286978428
189	-33.80629835598896	-210.66903447707574
190	-99.99620881206955	-113.90818882414753
191	5.545388882575551	-248.1241411162226
192	-80.95594956471831	-346.5174771404929
193	-39.79409962043053	-251.89656681751865
194	-73.03613968349094	-228.61727225205723
195	-53.95056343963644	-69.0308440287128
196	-105.05158576613175	-139.28609937997038
197	-70.56220177666586	-79.7166705640335
198	-61.58741493179895	-196.19418117222705
199	-87.75141850069916	-135.04248801350508
200	-59.12155971294821	-350.1604970156575
201	-79.55932343417146	-350.69127974561076
202	-55.76697955821963	-205.96207557254266
203	-59.46844329671734	-152.4803914160173
204	-380.23873394831224	-225.561246968769
205	-167.12978209241788	-536.3341557112369
206	-78.73139791021588	-170.5287094746364
207	-152.31952816048081	-204.1319384756241
208	-11.152014897172691	-200.16817349020403
209	-86.38922468318155	-368.8563189981051
210	-27.76840181238282	-157.25661205051955
211	-22.700860779931958	-158.94975070381955
212	-88.7624473601362	-219.76701660403336
213	-208.66215645434562	-274.9757462024552
214	-11.921222856471445	-223.73942402703796
215	-52.303800039702324	-308.97889342621437
216	-24.12511485619231	-523.4435998539183
217	-71.189761613725	-721.6599188297781
218	-25.512368633562872	-507.41681265639625
219	-51.378093001502606	-504.3543158266057
220	-4.1345448112240035	-552.7733887110435
221	-39.34959444720215	-705.6303239797959
222	-119.07690398308993	-722.1628472422759
223	2.1119096506599675	-566.6781925608757
224	-101.58391470997957	-927.5613797701211
225	-24.60196917235605	-993.35550334822
226	-190.78229930405854	-365.21513739355083
227	-147.2489143666047	-1116.8317735863698
228	-151.36616832653954	-1298.736067840546
229	-243.02353091039652	-723.2291573663107
230	-281.62640996116653	-1254.7829056000878
231	-84.96024933621116	-1490.6788592894663
232	-24.55189491457827	-1418.5614699257685
233	-154.8761290875599	-680.1015975613277
234	15.350802886858617	-1534.2002532986392
235	-283.1550662627422	-426.99021206493404
236	-182.35575540056522	-1996.7926650698892
237	-34.432681918224034	-1276.1372105563526
238	-46.18782650586307	-1440.980666285107
239	-366.0593023415619	-1627.7567392815124
240	9.409260775097811	-1795.1960819871413
241	-17.514903523183065	-1576.4489448093477
242	-220.0843815351236	-419.9929428734931
243	-166.21289281655743	-706.1049570633845
244	-317.5496494940467	-659.0346721989735
245	-310.00773696155056	-381.6463546250086
246	-307.25134054038165	-426.371176071498
247	-309.16421059907884	-979.034064853336
248	-313.24541705992164	-960.9721759036258
249	-175.23329007671745	-838.352311758139
250	-314.5527778464734	-717.2138686926892
251	-251.72753418934863	-506.0273483146341
252	-331.5536611143208	-770.2638332365274
253	-557.7521084733121	-324.7687115025408
254	-225.1894485932383	-799.6400112020712
255	-26.452977723892687	-686.7215583788582
256	-155.51003898669694	-484.4514958426029
257	-416.40465573109554	-1384.953575923597
258	-115.66312319833776	-412.4259644251898
259	-29.587346617538643	-782.5785229898967
260	-104.42874393448348	-391.7795161000474
261	-166.24253999520144	-779.0809517456441
262	18.816960203692673	-1265.5719762069245
263	-10.17166721438548	-413.4014814679982
264	-96.17203253930633	-396.87182687047135
265	-36.267448227768504	-543.1681146930141
266	-12.276904664066336	-644.6205344771903
267	-28.944051251466576	-534.0765262372262
268	41.321234055787045	-445.175802999763
269	17.907115812347612	-310.8610602377175
270	-63.94995451887576	-207.01794639254572
271	-68.24899632443814	-321.029209653247
272	-8.130608905231227	-399.9689982093766
273	5.135288508817524	-429.87303468793664
274	-61.5334525241131	-366.24736193394256
275	15.620407992504127	-334.04010194663465
276	8.145225941352123	-352.68286911527457
277	-68.30157613426968	-398.344912873918
278	-50.9324542303629	-350.8217497211584
279	-38.13681700234969	-449.3325951379302
280	4.288701495568134	-358.9972655866735
281	-3.7756155147974084	-327.7781552210938
282	-183.0453119573395	-395.51266263648205
283	-24.932531787467454	-405.10504397277145
284	25.582601293907913	-467.5265310963421
285	-19.178771838803783	-398.16106655868083
286	-28.680775896272962	-473.64258132069983
287	-9.04713662558396	-417.5591293101497
288	-41.218993726775025	-152.86605837324566
289	-255.68022549614818	-560.6157400276444
290	-1.4282681565110238	-334.1948657061704
291	-4.278332112554651	-437.27505789235454
292	-18.261698370667943	-593.5115394473407
293	-61.64885473884687	-483.4754374297807
294	-44.96002166099643	-377.75374023078365
295	-162.1619139001353	-317.3635406127934
296	-22.603361120341333	-558.0059154086701
297	0.2801290896975246	-296.57929570393856
298	-56.632830061118526	-671.8242999086343
299	-43.61676370282244	-265.74892420210716
300	-3.2100241575309525	-275.18739687728936
301	-70.32346550864048	-469.73667065054167
302	-22.70781632519943	-336.87556018882555
303	-51.446391100359605	-217.7408986042976
304	27.458272194074596	-301.2574500845486
305	-12.935733655090218	-230.59423027905487
306	-17.144818901851906	-342.69093923589924
307	-20.313684185821344	-355.91848327876585
308	-206.10615671297907	-213.68983234986015
309	-22.880294354953648	-311.2862757298642
310	-44.854982775676696	-265.21867130952205
311	-151.04609119792218	-363.59340526404156
312	-47.09712498144198	-279.99575075138085
313	-64.71624154947207	-397.9687245636643
314	22.05853244124586	-454.55684025314235
315	-167.44353250864623	-187.38050481636185
316	-64.92037301902099	-618.2692281390844
317	-14.583304228722682	-414.6046664128424
318	-30.645710592933256	-343.45625168202037
319	-27.279515525379395	-291.9095642887763
320	-44.75731577890488	-488.0765155006566
321	-43.92222602473131	-414.7105124255056
322	-14.374650974034935	-544.1820233095905
323	-288.9656332856614	-282.55794222860914
324	-130.8282708896749	-594.3916504467876
325	136.588572054752	-397.92163601909334
326	21.821543828655507	-566.6007500712553
327	-25.06728526181817	-425.9285348524938
328	46.19347550484932	-312.57199862362006
329	-102.71693647008668	-424.3856545342387
330	-53.796590090371964	-616.1651600330017
331	-258.5588090253714	-398.09602695242984
332	-62.41630628628185	-339.91306236879916
333	-26.887072406998413	-473.24208278961396
334	-204.09359259026348	-276.728862903613
335	-111.79921853381728	-276.2169486939771
336	-17.4164802051351	-304.87889590076065
337	-126.66870002856828	-310.77026289046614
338	-68.08950927661324	-271.0925758790333
339	-72.2605249235838	-291.6779612164853
340	5.119245191099424	-231.87454173650244
341	-130.75635352996457	-348.7572076153378
342	-14.395735200669833	-180.12493996390063
343	-53.40126793087391	-318.2812532122458
344	6.842597613662676	-260.16306441545674
345	-46.98209434458434	-265.2422937613396
346	-85.36355189416304	-143.53228067516773
347	3.023624349042464	-226.03287332490316
348	-19.50881606986728	-150.63373289910626
349	-104.60066210846892	-280.0410356336736
350	10.284134418841058	-232.1202538096627
351	-43.694445213311084	-167.64698061996884
352	-38.803196619610176	-146.46245170065902
353	30.747558716972975	-152.07466026272328
354	13.34338970707644	-238.8083709419385
355	55.59840872298253	-139.09777001577666
356	14.6861544825137	-168.40206018760838
357	79.89328445159568	-187.73372188155406
358	66.74371625647233	-123.66356127073023
359	8.986079710551337	-71.75335643015957
360	116.90886130108684	-117.77680626517332
361	63.156279895419146	-89.55823136010551
362	36.2949260780552	-81.07254502877394
363	-66.31046329720809	-89.403933367064
364	19.680117459665766	-62.54946451862982
365	38.14078824295996	-108.10703706128662
366	7.383839836367983	-81.82342673902842
367	-73.00955225230972	-74.61459403840219
368	-17.329915345348553	-97.89633831401129
369	-51.41705404599186	-111.31721417154893
370	44.11875914582916	-136.553744529629
371	6.613756417002406	-151.84552706756938
372	-56.95844849537259	-61.91742510189859
373	111.46471913490115	-195.66906387103
374	-5.262761618869206	-193.14138877290944
375	-62.01470924051722	-91.67493030609312
376	-41.762583812588176	-96.46593003670561
377	-54.64162145549322	-173.4798554624598
378	23.84228763560951	-154.34945635868925
379	-19.034660718730123	-171.01050205715978
380	75.66928569690795	-110.6381370051411
381	-53.92833126878858	-110.4777520313977
382	-0.9681779228389615	-222.7723961331052
383	25.19815540353177	-110.0223482351437
384	-3.871808017363989	-157.33045692836814
385	114.89076330974552	-285.7127879690562
386	-0.4858540793242696	-129.50291956373604
387	67.20043898137496	-123.12878052994593
388	55.443080198707534	-124.80269541899972
389	88.23422246890696	-131.72141913908774
390	125.26069733727708	-145.06946360856116
391	46.564196145803265	-101.68209511386263
392	100.23282084309135	-92.64831817435878
393	-8.628951667163108	-176.242536650482
394	-23.887718965556132	-188.88820743697278
395	-0.8972064562056374	-178.50013597760764
396	16.639175138121402	-144.44305526027213
397	22.64810252484554	-157.52765959014022
398	127.61230591390928	-134.88318893343197
399	-7.966684637971781	-162.48419098537443
400	28.75647966597151	-96.07128508267701
401	-11.652403899184279	-222.46900288886104
402	-5.826256031626684	-210.71293979367147
403	-16.597972227443137	-203.40326147756736
404	176.12555097505148	-203.63595853485705
405	1.5805701549476225	-201.69359549966896
406	-33.61324928487964	-145.6943358060012
407	-1.5399435428023622	-96.18327335399513
408	132.7880234935235	-213.02678038242823
409	148.81909046890948	-176.7372733243581
410	101.56374143139341	-185.28447151994197
411	184.6073337577888	-153.340036493212
412	18.60834971412808	-78.58693830010233
413	79.31747485248191	-222.49356113737008
414	-61.43160088023653	-226.79369381945799
415	-43.72862658799873	-169.43284606834595
416	21.837434166479454	-213.40653373655056
417	87.66875053504529	-207.71593275708045
418	-56.411698022824	-208.3291717656556
419	77.59140201096194	-196.32881083505725
420	18.08278668860126	-95.70703076643389
421	2.7021995320907877	-227.67157151497594
422	15.428072073210402	-267.2530425152646
423	56.966415589030234	-112.24897363232469
424	0.17635273404189888	-147.38148663687826
425	6.049754487308263	-79.72861632611993
426	-4.8789192494829905	-134.93641163061653
427	-14.329794949605258	-87.53236299788327
428	-192.67165886539834	-131.57571782702814
429	-94.40299801408379	-215.96137864605203
430	180.98342502479898	-251.58130334356352
431	124.17145236155046	-132.81024255015205
432	24.32126427003689	-130.05023853239393
433	-228.52172874850802	-139.8988772918262
434	-138.71791978233736	-221.25406065847113
435	-115.61713218989001	-72.37514895036118
436	111.02259542398686	-116.76319870777412
437	-22.076672601880375	-228.49726552700236
438	-7.386006041652294	-82.28075335902008
439	123.03262104861909	-200.26419414360333
440	197.46646140443704	-193.4303770954249
441	-1.3706434441745614	-104.03324727153405
442	0.547726028136907	-79.29534913586754
443	85.86125338105627	-56.66225194846356
444	140.04718048544973	-71.79390059890791
445	34.586087864392056	-36.12203114403832
446	-6.600211724846758	-47.26374315202282
447	54.76321481209396	-29.0918412266565
448	-33.20685324391036	-60.67157576112139
449	-8.196778408407866	-71.10567022704886
450	29.445589030578105	-64.74213193515726
451	-34.19206176078869	-40.238567284540615
452	210.81328571447693	-91.7945030621696
453	107.26712456156979	-40.42201532030733
454	105.95630296759504	-71.77950647744274
455	17.118934328776334	-56.67328493167687
456	88.69773225731169	-166.54754648588394
457	166.6693100710316	-240.55365328489245
458	-143.77642868824017	-88.23513384305434
459	145.90718253263375	-81.20103375060154
460	43.41295690146487	-87.9779248162564
461	-24.130823711261485	-88.84116837367804
462	-112.40981701338819	-72.13821512974697
463	-11.58886042056126	-230.13142032431585
464	50.712050241540055	-163.78416261124943
465	216.21700099690875	-201.50380254035687
466	18.797353654440656	-187.70367758146944
467	238.21691948676218	-173.31096727142267
468	-43.34750130378798	-184.9101207400466
469	252.82073728151693	-189.29728044442052
470	190.88844354667884	-186.93406798478213
471	4.737149932545449	-73.67363883555768
472	-9.894804139886503	-127.89077082430354
473	-2.0702035327055626	-193.15610894827165
474	-30.399837306688624	-178.91339402395232
475	27.97809806096292	-185.63240879146838
476	-136.67323570550886	-51.26901901622487
477	85.38592153773635	-86.00330554193532
478	201.5324054985169	-58.46694556691687
479	135.21333596228985	-83.46531424389302
480	51.24659424111667	-58.87731839465445
481	16.274738576252105	-52.400688374260675
482	35.85078659481405	-11.46288075300516
483	132.17961268925086	-23.80806349981386
484	98.49659595876682	-54.121601321308255
485	35.76128830832798	-60.533741497111954
486	99.95505261211153	-34.35578360982388
487	-100.24412362924441	-32.37276634777886
488	118.98815955627502	-61.51011941154001
489	162.49894442673627	-64.50504157077597
490	-4.307926947783926	-189.99125046009556
491	92.29769808403273	-84.00145329465016
492	26.79270602269021	-103.52546632934194
493	125.9879815941772	-73.00672346256222
494	-17.375637206666468	22.867786220698193
495	160.80155775523698	-169.29594833412355
496	87.60720066722708	-173.15118763883956
497	-11.603994874789322	-119.90982660782858
498	25.22497202813753	-174.2644626494125
499	-31.41593749638939	-40.864384468742315
500	35.33859102522135	85.53941034887399
501	-20.21130847529426	-75.37918320860949
502	31.078668533169576	-86.28259355446293
503	-15.75697443701985	-118.22339888239149
504	32.630088546320664	-92.91079460851242
505	-26.055908641244358	-97.64113170516573
506	-82.97338189917404	-87.31385154703538
507	-43.3279848248672	-154.1807613146184
508	-42.391150504285704	-189.57293415131124
509	74.12345214586828	-78.94373697661403
510	45.64674798770835	-128.0131935375138
511	-40.67047811219873	-126.67675463419943
512	60.76939823559378	-72.88621366260635
513	104.42648625716387	-92.23853890138781
514	74.59577232846074	-58.08938297800192
515	-58.09554314295946	-86.60602872296309
516	48.497035852808835	-70.17136767304335
517	15.675167658355512	-197.053023528989
518	27.46341888729073	-94.21216320826599
519	-13.076649973924816	7.101607945411553
520	3.5396322565406706	0.27875784892062927
521	13.068889163068192	-28.333057815591243
522	151.28592875646095	-14.968722643620845
523	1.6843590491324676	-10.046316608003432
524	-6.891741807164848	-63.85735681915988
525	23.52511783034383	-24.932524285066986
526	-27.092748051295587	-39.50612531845893
527	81.89831488322034	-34.247756290353266
528	127.83626616299846	-42.32168219596083
529	104.46680057371911	19.281890929173922
530	-30.0556156809521	-39.203360339272024
531	115.0207526215293	-18.043357867739598
532	91.21136203225103	-19.909802558527552
533	-3.790522046089876	-57.395637400862235
534	18.390338551634855	-18.887949545466228
535	128.24998292454637	-68.607297549333
536	68.61422873239755	-50.242905325974675
537	-111.61622164887055	-72.0460128472557
538	96.68682036424492	-72.5370430347915
539	49.929953845901665	-102.66678385983606
540	-7.48444097504057	-103.8905285937116
541	-7.949496492580153	-72.14386147142353
542	134.56556281201765	-70.93541818213403
543	81.31228081228474	-63.402412819765075
544	118.58060865543233	-89.49868832715558
545	219.55081906056907	-96.01245987613828
546	94.51505717472752	82.60975583598892
547	-40.97670595768818	-64.02365026923438
548	-47.93855673366271	-12.299072658038261
549	-33.546999705747865	113.83130639464817
550	-5.386881049145217	-23.49054838347913
551	54.854287963471805	-135.9416897969786
552	34.42563736223448	-251.3948930980488
553	102.59017898499447	-113.10596428268681
554	-23.92796758742641	159.12211763037783
555	110.24192933123147	146.72515324465064
556	3.032132890384446	123.75489817964477
557	10.081373335071788	-63.76073760528442
558	136.80625949727346	-65.06831538909728
559	37.97569317471854	-38.42580242246187
560	145.97810761665966	164.17989893340626
561	-74.34166774190008	-38.968885771771
562	40.14451482117434	-108.79898949852137
563	-44.97419598790866	81.7160737040933
564	26.5702016171374	-57.832675639058856
565	-15.701607255801733	-48.09932955405965
566	-44.2995586992034	-130.32253887449747
567	19.94639485686473	-161.82831655538928
568	99.68269353336119	134.82056988557343
569	60.49931890585401	-66.5624204370532
570	89.92431778145458	-176.48264621743425
571	-1.954198391206205	-81.78008365381831
572	-15.489660874411157	-75.28192842563408
573	-26.1383127676023	-97.95901129433153
574	-0.3902237856736832	-52.757574558804464
575	-2.1486000998418575	163.05930205504478
576	-22.20135522229883	143.6723174253254
577	-14.068678513649331	92.79359100374242
578	13.92315191383787	101.63477893948374
579	1.3357790634821214	-68.86299892561621
580	151.71704074284202	166.9066576878751
581	9.787986366730678	-1.0411154058153829
582	123.43031411536893	-32.60490609465995
583	51.73362698463259	117.47480648852199
584	-18.826430649768298	-22.51821473068641
585	-33.056574935249586	202.245537017628
586	-33.999119479588245	216.6695284027089
587	79.46616063454394	198.8512756035896
588	2.36366547437585	-42.091895533951934
589	143.58618561817568	13.694454094471702
590	183.09741412499665	-83.69399787471562
591	-53.97926440931184	195.11429755038182
592	-24.966040796304682	-11.848746580066218
593	121.17034419685704	174.5475674233001
594	-1.0495565581018553	-40.33708917070382
595	7.014762769073656	-81.94554028345513
596	93.29391520944176	-47.375590405332154
597	8.143234942884305	-12.392992489083545
598	12.38454951972146	-29.25635395406038
599	101.80150053358717	-62.6343040544108
600	18.020099242069577	-61.38613295178217
601	-11.939441628237915	0.22789386120551525
602	91.78901899542629	12.57058227414726
603	84.41429781766422	6.541319096072604
604	134.40018079090828	-50.22195400568023
605	42.55181813363632	-10.215233016187518
606	-3.139462718590451	1.4837070158561687
607	-39.117341383761485	-6.303616166513178
608	57.47337057212556	-26.834777029170198
609	84.91655325310622	-72.82713213058672
610	108.61788799961153	-1.709305306987038
611	-15.513205160950605	-1.6134267464939913
612	108.98905965965847	-12.286878596711386
613	112.38107545069448	-12.674709081660236
614	108.65581072994759	-38.67789405249866
615	16.789452756670983	112.87888340649049
616	143.97642216055374	130.59873045711245
617	101.23740290570058	157.19355084444527
618	110.59360155970711	107.80683199093482
619	65.28927198193408	92.91832714455678
620	-20.48018244851677	136.8119524997636
621	-29.237194842222692	131.895876119374
622	45.38055086976067	141.82041349211377
623	134.23628444399262	-110.66197606309882
624	-7.094882063308518	-101.80703274146211
625	-58.9807525141658	-154.26101388980177
626	80.7786975038412	-145.89121445921955
627	111.54529421115059	144.4818174392098
628	-162.24299725823624	-134.7023155822335
629	-50.401591331463266	-141.97743801084755
630	47.523425629101126	117.66075333644662
631	70.70634020389531	-122.190030221259
632	71.1378393162589	142.3921952887224
633	155.59354908201894	39.96233286270587
634	-16.714563519876265	-50.66489630229144
635	113.70055782087164	-15.945427498777162
636	-21.26902389538715	13.640257370754563
637	128.69184749192524	130.50116811683063
638	4.263188067651711	-2.534601868927348
639	127.32626063806725	-8.385746963095158
640	82.57218882810729	-25.504932120524487
641	34.114910288774354	1.002284441258114
642	20.01872467296299	-23.340120268199946
643	-15.513502203487278	-37.23106375156526
644	94.58256376802436	-57.779733957075564
645	94.82450258123802	-45.630618929171206
646	106.05750023239746	-27.731539102708723
647	-21.156473614803033	-2.5863957132394177
648	117.2965543790041	-11.43871380657958
649	105.58418315765893	-20.814576181331482
650	147.37391770395936	-14.722775072234407
651	10.685118240964925	-34.97733092072334
652	106.30768442756893	-46.64239231988766
653	127.63088882411357	-3.0068217400662283
654	28.825555384659168	5.343053673549336
655	78.23842227659698	-57.365368255583796
656	109.69220167144371	-25.324691644626416
657	126.10163986670865	-10.527301062454196
658	168.0652861731339	-40.27492968044109
659	114.76201383400866	-4.475823732427858
660	110.16264315879664	-25.590758341836572
661	127.0669075498533	-57.9049829584948
662	32.59081765467212	-52.50496231334668
663	-12.624303303686347	-12.252644890647213
664	78.05582241813099	-6.671130066652457
665	51.28304746009741	-12.186587283552822
666	139.74278257032685	-71.44444697857459
667	133.2419821082756	-17.14981781652786
668	89.08667889654863	-56.42927751572081
669	-41.05958495760437	-32.11723232538348
670	-16.634805275052884	-32.83209511153765
671	152.75558896033598	-45.66591217537819
672	32.77498700607626	-37.586125641689485
673	139.86338153068607	-29.784055223026506
674	140.82396786926623	-73.29043622575786
675	116.6507405017222	-25.86500205238546
676	78.33729802018819	-27.915316414851695
677	103.17140747401302	-25.42592980314169
678	95.50882191756497	-50.857855045435784
679	101.87515974897806	-25.597791005602218
680	123.06521934040644	-42.36230635467627
681	11.153444840158684	-17.297189776548954
682	147.92560313474138	-60.61357829070796
683	127.23672100454019	-44.72185195830044
684	106.51981551127159	-7.516241074722024
685	88.53936625389184	-1.3615600740830045
686	22.40539587702179	-45.162347665968014
687	229.64432407730135	75.92833332445915
688	8.699131658543507	-45.433562614537166
689	-22.47307435944765	46.97959716199905
690	82.37087744631107	101.78591259068183
691	33.909461605025086	-90.90533280838497
692	39.03728502490979	170.1717994008336
693	205.03075920703026	110.69260557251351
694	-80.04847199612351	148.56355201135855
695	3.741634739848962	191.498967292684
696	11.712780263399324	-114.19797361827617
697	-63.65467053965391	79.36453587859287
698	-46.748155942599	75.01202393154688
699	69.75253304147739	-162.50140752780658
700	-79.86185624331762	-127.62210565519943
701	180.1921015778022	95.06113281984811
702	217.25867601869538	71.22087879384503
703	-45.12030363774339	-95.6295359664323
704	-59.49197571549945	-62.592647311544425
705	15.053210146586267	0.3881581508834593
706	238.76278449236452	150.0849869701933
707	-31.03861225715859	107.69329620569955
708	-41.182688202481	119.85941756065532
709	238.9709891562669	-45.803246584159126
710	67.90281512877395	91.38285558805336
711	41.96328363688329	-85.8617374765312
712	190.94541813661732	-69.09300309679777
713	-106.01874391301182	-25.42447384345533
714	-94.6018441444022	104.6850705235303
715	216.60514898745166	-96.20334942460318
716	221.71116573711373	-7.788915832044862
717	95.54945203725002	-33.115304536578776
718	213.41146601925416	-52.32853521535085
719	225.88412110998826	-50.71522113137655
720	33.26582913410255	-37.65363949464577
721	237.29712998335032	-6.720875704619972
722	12.86092420041336	-11.385645805881515
723	98.75521180164878	-45.444249892156094
724	98.93561741559465	-102.7409370295767
725	86.0622638483768	-25.8389302426733
726	87.97388641030278	-24.855500830208033
727	137.04797403066644	-12.474489598379334
728	101.40320772026347	-36.06716374256633
729	-29.235119602929913	-52.57342752174652
730	126.66007775939666	-37.6070971358296
731	117.22741583795145	-58.48289440731352
732	13.215423573996858	-53.50249551571919
733	188.48209964405427	-49.86694184318564
734	107.8588400002403	-22.413175916772854
735	121.99231356287778	-34.78593303625961
736	85.76145138740235	-56.96165240691851
737	118.80017875741532	-53.2013451104502
738	-28.552031735697682	-54.83460379287917
739	150.5645740959255	-42.98294884776175
740	108.19127682304375	-42.244370216443194
741	56.119216201172264	-31.31769888799178
742	178.03674854540202	-29.895551475537324
743	-20.040964215496942	-40.5977312063099
744	46.25487606827372	-70.1879845888471
745	78.41635565062255	-37.90376113882141
746	40.50608678759258	-59.52152467912311
747	78.56732552132083	-46.721248372186764
748	165.93154489912394	-44.14389374854187
749	46.37890384976727	-37.65574410251499
750	240.97512038592902	-33.87761493573627
751	-40.17670424107801	-31.180935530026407
752	134.69009312140693	-60.09741383693279
753	177.40782711866663	-54.882009756319455
754	-68.77991510526142	-58.31814278812667
755	-61.261668649419676	-67.39839503409337
756	-101.48270410083117	-55.10039467910403
757	197.28217365350588	-82.73370238023323
758	147.91670566159752	-110.30652121482925
759	35.74074481348521	-55.373578703855756
760	52.040531644196456	-60.32404979700832
761	-3.706328188715574	-22.782884799102046
762	82.88246424423889	-72.01029880108828
763	98.46998601777219	-68.4841031330358
764	140.63426713627462	-54.28325228896269
765	111.54616014806341	-51.44134135856289
766	190.0757149634993	-31.762497495455232
767	118.76155283293552	-79.29467827240379
768	74.37520543370617	-78.68919167900371
769	187.8718362297348	-22.202343051583412
770	249.33634590119559	-26.53463693730525
771	31.730346545903558	-14.099046627670395
772	-58.12346951050266	-27.97160800140356
773	82.71285914611204	-60.277797518843414
774	249.57512870670212	-45.83481995033125
775	-22.602003012143783	-75.33695415405624
776	-51.05241838845781	-87.70400918781455
777	143.6844673484492	-36.829466873562176
778	99.51614032734169	-30.896342463437158
779	150.7807506337615	-27.449255029867047
780	73.56504245716044	-10.175799743636478
781	-61.08985504168126	-46.96957914410375
782	203.92816506403102	-20.516439085837337
783	71.37793457808048	-29.033011987905827
784	-33.426783468020176	-81.90561391572912
785	84.84519570317184	-68.39510322754302
786	89.72385727061335	-18.02453954529923
787	-24.940595522856114	-50.47384037199877
788	-11.440183353119394	-17.72047683958576
789	-74.93896688182217	-10.519418969661897
790	224.79595977676013	-43.08056209778136
791	40.7375951226825	-69.45368544726996
792	68.84083248474477	-98.84824981488296
793	-6.840501194707641	-31.895543315071105
794	110.51716583882107	-76.1197147609872
795	87.92508886522934	-45.7880123294094
796	258.96172566094594	-27.263622629981057
797	30.009034328227166	-30.135649010216127
798	185.4251401530694	-13.59984523922091
799	78.96882269224966	-52.936758978612765
800	77.23251456907448	-13.48227320782431
801	191.81615019805176	-56.23502049029733
802	123.92061937393993	-15.128007776693115
803	62.401947381212686	-24.72182345353463
804	78.9896380562982	-12.045965276383775
805	227.6953956667835	-41.39383965958661
806	219.17458456853586	3.664778515895124
807	243.98834410309743	-25.38631469627288
808	94.03897658868732	-3.4439715005032623
809	149.56108815660303	-7.819261392332369
810	203.16017891386844	15.204948063864949
811	151.30648889716792	9.727571983564005
812	198.23756242777262	25.97803986735525
813	94.6461610336451	-35.84044260201543
814	228.11441332177696	-16.269760824595295
815	100.46686936713874	130.72347678536778
816	55.27466540581588	147.57440492988823
817	80.59371585617224	181.43964965163923
818	73.6597975894309	17.2216979373556
819	26.69766549023177	176.66972623468894
820	105.40468302213505	121.9608582236847
821	216.53471370461432	134.1437011329075
822	135.42060359505334	86.51628048563285
823	104.38102112939653	210.98202283582262
824	45.342084843011065	139.70945668700907
825	179.47950295980553	201.87425345774324
826	25.363821414529184	174.0816265079698
827	-25.103258311919447	112.27383706368789
828	244.51009995261012	212.91607138624863
829	114.34499275515914	214.5030757477213
830	30.47833785717242	128.0473513507393
831	71.25440753267117	7.891517065675416
832	6.5839483392647935	134.8662327001266
833	88.4699241390867	151.32984222712423
834	-16.117498708083744	168.39751517052224
835	-32.86877455976855	-9.944625256201249
836	115.65405328117167	222.92191088983512
837	-14.770629795056308	155.1858762281444
838	-24.126537362317734	29.671294168300847
839	100.24473700276157	199.3153061970135
840	-10.945865209039894	131.73304828814537
841	240.4541942767268	115.96852878267282
842	129.50198439882521	205.04532408859393
843	254.51893004915254	133.366156988983
844	269.5584592918625	86.99444596210448
845	-5.210297721762743	100.19940335100748
846	219.16700457921587	-6.365822236860623
847	-45.87838792741137	229.9263800265367
848	40.42006979216484	192.73911837975072
849	235.85395593984634	41.6319341372817
850	97.3652481980695	178.6649359077141
851	23.779166572696454	-26.0550178628924
852	180.07827383438692	-50.11626397959312
853	73.32509219183181	-33.18753360447552
854	50.811902807859184	38.32312503162667
855	174.275073424494	14.207723298344096
856	260.9035255428414	-5.094432238804988
857	75.92626359676629	-12.305167138029573
858	216.62658524269457	-39.73173562949667
859	272.7961399308408	-31.525439744015067
860	189.31373974762	-28.440193372695607
861	7.78447422483857	-25.252203263496494
862	199.84329587171936	-32.951128990481934
863	179.9126604477965	-2.371069777087337
864	196.57080877159973	-5.107007482197187
865	199.88409808013338	-22.9710355578781
866	40.634553077424954	-12.23180475653095
867	95.18471801583632	-15.061414290893008
868	59.43219736821746	-34.91734300714387
869	90.83701530331996	-43.7212218884304
870	194.49331143287742	-51.543638880048334
871	99.02720455122711	2.4027722577498976
872	176.6536793850861	-45.009236814711436
873	194.77388388710966	-1.2708231981014149
874	15.556754697034876	-16.74766637122143
875	65.09064014646582	-66.53164207391579
876	23.754666923527946	-61.241353263139416
877	178.01252397107726	-40.169912503000816
878	111.84126745355873	-2.151068402219993
879	182.8595940556799	-55.21206411963287
880	29.87054867932818	-22.413123045878677
881	168.91084850016054	-54.76446757732758
882	229.99816799281686	-35.488012894924346
883	202.4858103540353	-43.750388443040976
884	143.0730303368573	-27.187532966288156
885	192.26233569859306	-3.8183106617640687
886	181.60338260615308	-31.950574381164223
887	158.1270330411511	-18.83451026302555
888	236.62610530756223	-40.38683523148578
889	138.50942731577948	-50.75023482789936
890	140.34994320639362	-55.78122642610691
891	50.294764375908215	6.211468068258918
892	-23.58298584247808	-2.674349516281629
893	211.50644474726133	1.0213754258429693
894	198.44496431925688	10.388513094782873
895	168.4166641093443	-49.827299776671815
896	230.68252637860877	-5.905678226736556
897	31.528476857795567	5.679699134182346
898	50.740590202201716	-21.05294381888545
899	1.9367571497666916	-0.21422766310338437
900	207.45068397219364	20.396836392793524
901	117.93357509243923	-41.521646929738644
902	254.03006284306576	115.97274006130013
903	221.4674056381728	84.9391695429353
904	89.4911553254366	35.60390531924778
905	232.4130287953147	68.10621312402895
906	3.8939136616015446	155.4521029467777
907	-7.176593990223267	166.61862529050475
908	264.26005647858256	43.59796912748487
909	67.29969589611717	167.42756346059477
910	216.96670915895285	-9.718312613188685
911	211.61219138540645	12.20564484112285
912	78.4240411820384	144.90479212806144
913	188.63427975757725	23.360076722469735
914	14.802871946339891	55.02656202393902
915	123.36456332363613	20.540133049396598
916	78.10296465789969	2.7138194106319213
917	213.2600354712197	202.5848928035204
918	235.48964462769268	144.78892913010478
919	84.77903846780575	-46.614473950087316
920	231.60278397268706	41.419885734115944
921	141.32063938964973	150.02808761328566
922	-11.480500736958518	-16.40012983497614
923	15.06714987589831	167.39333564975246
924	242.9520989516228	-27.6838568376005
925	6.177441769944139	131.35213178660567
926	147.17390752488893	95.59894599991476
927	-25.50099226288698	1.9841683447071858
928	233.4413106630025	92.71955246717609
929	7.413842109588984	120.32506516841384
930	281.37234023885355	193.03307630748475
931	235.5401899254801	98.29732020201999
932	250.73077708677022	110.18260837235269
933	212.40009791764862	67.71746817240037
934	-12.053011042774557	109.83634033128706
935	233.78649658498279	147.91504160694558
936	51.03477199223323	125.97372322729387
937	69.92799931784361	38.79881389856246
938	115.57046442307941	234.9080291116347
939	105.13475625535479	237.90501780989925
940	154.02059491609995	229.31918789240234
941	77.40825357642211	196.8826311369591
942	265.5813645000146	69.4254129944334
943	199.25635446864354	246.25459335284344
944	219.98314016555713	193.7156924085496
945	203.649890594444	124.80630794464341
946	195.5476784569736	189.40762123108186
947	205.97199112661735	241.75134826118529
948	103.51114754029685	214.1894463213035
949	225.9401086842737	197.51438113172526
950	222.8953029018311	211.64123181894757
951	198.8430510373911	159.20448547962934
952	259.2068412086709	186.24038044660853
953	212.97474322209604	181.53981874485012
954	75.84321961746795	185.8271468252404
955	3.2963596003385476	189.39277263017277
956	192.8258379367877	216.06199030819926
957	113.00047969614559	167.74888770286418
958	20.868610970013833	233.02507519857986
959	5.488588289591983	198.02603115664357
960	32.49004867849186	139.45284997514202
961	259.79327411293247	179.70430217679245
962	42.70434419819571	45.71474613539574
963	9.405217604642615	182.38286254423537
964	210.936549179066	197.61744922602622
965	50.562339605815595	157.92190035586574
966	285.73683823434317	150.6884359793471
967	162.74502386821356	-73.17521446973402
968	241.63210132028348	-152.85363070140158
969	43.02187542578989	-21.49128282642117
970	231.51175121908508	-94.16384165472152
971	231.90343137806275	5.703665399533305
972	131.7131513963102	1.3611204502337766
973	-195.79768839729746	-121.84637397839654
974	220.69689179542505	171.43203423486497
975	224.12876533356084	126.91818742802042
976	236.51784528324416	179.13322373553567
977	66.08540179311709	173.90079380356113
978	-149.67106430463136	3.8815159233488714
979	214.7760051300811	163.72408634616625
980	-198.14261710314966	235.17524701165036
981	87.51009180387632	110.8210207019896
982	23.63841395725845	172.81578980056622
983	210.81217768758486	204.66309921016727
984	222.58559716248823	231.75517855923238
985	23.50479693014799	213.3986106219887
986	8.90614027896602	202.35222008555988
987	184.6698252067157	105.55105370381193
988	131.83634932942343	-155.35965130906183
989	8.999564402471208	47.11450605501452
990	39.32695658793028	177.047236015974
991	194.61897324060533	117.87251722378087
992	31.68399286720043	188.3488491613386
993	-8.915969765645997	208.97248793317834
994	184.2739413265503	148.74424301487784
995	189.5010287718908	-151.70143295187327
996	243.71251892976036	-123.0285104960667
997	220.3918721481023	-43.11133713471512
998	205.78510994015318	144.1223724532755
999	-172.6057017087378	-19.412020158928577
1000	244.39869608897848	-3.0960945991910043
1001	-29.937075310824525	8.905253291108982
1002	-180.54084467466907	-49.62166007267795
1003	222.2746659395375	-66.88649076666582
1004	265.4501597089943	-17.98227470190513
1005	265.89836868460657	-15.576225772792114
1006	163.0596268692819	-16.253159051354878
1007	-5.803365178866841	-41.75072994650047
1008	235.61736632435637	-34.74815433468495
1009	180.75614113740258	-34.556425106633654
1010	181.9171610542951	6.2449863853023615
1011	168.10283470719952	-4.397174341549536
1012	234.56077562166402	16.067292359285386
1013	155.43642787804782	-30.98949191843586
1014	218.70200789448887	-26.81597250987254
1015	131.58234089197956	137.05204963055158
1016	-10.168068401169322	108.30385467691733
1017	244.79741767266904	-4.437300855186929
1018	220.44729690362857	122.48946223205161
1019	-79.28618078472898	49.44071905226879
1020	259.320373937854	-17.30747911960221
1021	-0.8272257763243687	-37.19636105929771
1022	189.00259709634872	151.54135831173858
1023	208.08134641960774	-22.371846033804122
1024	17.433892096839998	-11.921762299263541
1025	215.23588763518202	14.771269177750714
1026	-87.37569510251213	-31.336372316828164
1027	161.50333693899205	-0.0020810739334364836
1028	247.9522759936934	14.51495492981792
1029	239.81329463638147	-50.67255872537842
1030	198.4384410140046	19.784545376712817
1031	226.79156227370282	7.945504989722772
1032	167.12746535533125	24.77522816100235
1033	230.0606687152991	13.180525885891827
1034	253.69996268016092	7.2534923382387175
1035	86.00736833006395	-10.800065274576115
1036	214.96518920946352	-10.154451255150486
1037	91.47669776768903	-47.8609597389318
1038	42.6379287135357	111.13000277170225
1039	25.30291564699189	126.88016327552299
1040	35.293162668113155	-12.325039134127474
1041	42.982254291291156	149.76747723980822
1042	210.92864705769313	123.11520432549766
1043	196.73615264989382	16.974841836314262
1044	223.86223596433467	-21.457566507666442
1045	216.5538328855655	-16.754849597123837
1046	229.16063292392815	48.82485234946873
1047	240.77583820897402	157.1102980839119
1048	165.6784883418036	148.28986553374102
1049	153.92396277737606	92.30580746539059
1050	241.27682311661576	80.15736520682117
1051	118.39539547757131	160.48882411764228
1052	236.38515406718034	37.066702267077915
1053	204.04757330522705	172.38155245848998
1054	269.27862106868736	111.62976200423532
1055	180.1925120101055	196.69865092264303
1056	7.167862988298946	40.809614651716885
1057	194.07742773316994	122.26646474104007
1058	181.54115590861218	24.08134545916719
1059	187.3314351943352	-7.380831017373197
1060	206.0316322708366	-29.066882008161453
1061	233.6436923310373	-10.654765193022282
1062	148.5819380941261	7.679102610838977
1063	181.66543348177234	-7.37883095935839
1064	100.78931522820761	8.538172237433791
1065	215.28887313877647	19.749522689006938
1066	-33.7437102490987	-10.498639945680688
1067	100.03016007521877	12.010381959289237
1068	149.56725468951242	-30.65371881604074
1069	210.17429958013776	9.371164141797506
1070	175.21683593433212	-28.163218420301078
1071	94.65017214089377	-4.215479740921834
1072	205.41542658025514	14.958152777492053
1073	213.48225219210036	-54.729062173387206
1074	166.42936020958084	1.8964054890053237
1075	197.40967947703717	15.110920700153581
1076	216.67138458149918	16.6816762837715
1077	174.45333386839744	-18.885932448775158
1078	187.42044966250552	11.262530406367587
1079	234.9208375569666	-54.09653865397085
1080	164.53739337989472	-24.305495421356905
1081	261.23610457203256	-26.129959047077048
1082	214.68275824781145	-5.810570465387902
1083	257.88195767536894	119.77296985041389
1084	177.8161223148062	120.74048090594991
1085	251.14363513298449	-1.6391695248642022
1086	229.8337438014508	189.4346963230958
1087	223.5164536300265	202.69653406409287
1088	40.474056812762456	-29.069996491657765
1089	178.83860268464178	174.66802959139474
1090	60.24412438321079	105.58341430573783
1091	223.1423260605537	-2.131632503774071
1092	223.44880175191713	164.6521220406849
1093	206.17784703379272	187.95506019144628
1094	116.46215256155902	122.50891421040885
1095	203.5876605849126	219.21354600370643
1096	37.89236287071407	-4.786279566157272
1097	-110.34768014305183	-0.2732837598316118
1098	-69.87517549720619	139.85545830699016
1099	210.55912963669425	166.72306550442568
1100	275.6245660992637	185.55445068655132
1101	-83.55256380529808	111.77556054885902
1102	169.19740362120794	231.99262672344778
1103	212.26689525326177	221.77108276090755
1104	276.6256992323592	60.081614152436345
1105	2.4957591019693544	222.64829879687017
1106	254.40763374769722	85.43825237312191
1107	141.09121108151095	210.33959982790367
1108	232.27516917697977	168.47396131927061
1109	220.0087540625425	167.22629499869126
1110	23.774300168764526	193.7172170341357
1111	225.24693620896375	186.59330871510582
1112	43.5022750787881	174.38177124555963
1113	250.33748437515982	164.60882081120423
1114	187.1158869805431	210.45200113367298
1115	-89.47696946711746	208.72572999476927
1116	258.6306368686242	213.88264735138037
1117	53.51879182425449	-126.63800919768677
1118	24.267125501300512	145.9686671989332
1119	-101.30415987681103	207.52773420757399
1120	277.0993246884933	226.33538451114953
1121	36.36845714777948	208.40425592401795
1122	135.454898879942	-114.37010074848104
1123	-107.60480892333692	205.4193313119968
1124	169.80000509385658	162.595295328539
1125	286.71792511494954	107.89381088483482
1126	37.32964371077591	246.97909482122165
1127	177.9754713447581	241.9211883180138
1128	47.63396178914368	218.49224767169636
1129	69.58199306449973	150.017928025096
1130	36.3585579852888	248.0007566141923
1131	197.68989627721396	146.40439983312837
1132	145.97676183946527	212.4096829979164
1133	242.1904124881695	232.37175025993398
1134	227.8798015041873	232.372544912221
1135	59.31086393826686	213.63371830247945
1136	37.47469393840993	207.9065541365855
1137	171.31130690549531	224.86318290710048
1138	208.55228853016533	53.68052405252038
1139	30.53951061096788	118.26725174511681
1140	-173.66688342555202	20.05697829799277
1141	289.29626096599634	104.86541145671626
1142	219.49656672241167	145.19876728276958
1143	217.6807266234104	144.87145235009854
1144	261.3512247661111	182.5983236574266
1145	170.72392708094708	36.99848411280823
1146	222.6065663375071	206.1115982070604
1147	37.025435831179465	140.7320241319956
1148	75.31191518183425	8.232508750109531
1149	50.733785539010796	230.8786350594024
1150	36.509081671116434	101.36531208413439
1151	58.0898147280364	270.1762100988463
1152	20.77388193814869	177.95811038436005
1153	16.07970108343015	182.6194922848427
1154	227.0345507829134	225.58849388465367
1155	156.80278293240022	238.8628624243663
1156	246.66666987752447	195.45349999741853
1157	13.52624207535446	229.5199274366824
1158	-77.03111926482816	220.27745405020943
1159	22.70524135808394	114.93074021777657
1160	54.97101560313021	127.16264290749459
1161	292.4117493885819	131.29003613255423
1162	182.67521679264496	176.8241466626896
1163	8.251504820151325	119.43454309141715
1164	17.58329537532157	129.17458160067108
1165	19.567374180842236	-23.374094259031466
1166	-46.38173310153458	107.46424309321999
1167	181.60159959105818	127.30246645912445
1168	171.89177602660797	-22.464034417747797
1169	-11.143422912659176	-22.801922356518034
1170	33.081938880440674	-4.839716589829948
1171	29.901541108600696	216.71405823016465
1172	-30.458614277982875	106.85187081352758
1173	12.171218543427372	-12.8773470003419
1174	-20.42225066068073	115.88712828719255
1175	223.25477973622014	90.33767576060157
1176	18.51937951295818	-40.76004230587505
1177	160.2229552366186	-26.58881048566421
1178	227.2237479856244	-3.987014827432816
1179	61.62435816745719	196.3684364535285
1180	0.12847560884637232	108.85995465575917
1181	105.80239321550317	87.72159291863709
1182	0.8468218533656398	214.1358616963775
1183	241.0223469736407	-49.258513015012895
1184	196.18501205626225	177.3487753388309
1185	99.57596034431921	-19.537530562426156
1186	220.0510262546785	118.69267447688817
1187	186.7895551569954	96.55655415939025
1188	257.01236839585715	110.36773944723414
1189	214.0490705436638	-17.406971869635257
1190	149.78161697974326	126.06803724921328
1191	76.29514953633331	64.76102635719121
1192	189.50544966323588	131.23740560705266
1193	192.45716728530866	9.725797717960617
1194	207.1910971390864	148.92348691131875
1195	194.37099385782983	156.5772039819537
1196	-23.99230183491308	107.36597023243849
1197	140.77720609072952	77.6187313362876
1198	241.89647704284567	177.0464415142179
1199	68.78049644005497	119.71313382657557
1200	17.114046538399734	124.1475962551744
1201	159.49210226067152	136.70880775905215
1202	204.1254311947252	47.23575030178852
1203	-17.03068379071379	107.66087919280848
1204	157.78589569802705	36.24048411598616
1205	155.2877639294416	-13.250390276602392
1206	248.49208578982362	8.640652179149656
1207	223.660537627095	136.8479577024539
1208	201.36326000011059	104.77326488178458
1209	147.32476384140858	123.68730992380524
1210	160.02626086157937	144.06837379630926
1211	162.51965076720887	167.98317659999674
1212	183.90662758307514	201.98110806118098
1213	255.48511729586113	155.30558367837023
1214	221.32290378279322	210.7925417817048
1215	222.9933135875741	173.63918127100817
1216	169.95278216014748	-2.558068968286624
1217	180.63556612908135	126.3430978490297
1218	-4.959140453272369	22.231215661404843
1219	130.4130593941199	20.764028445962232
1220	143.31484456663873	141.61291116389722
1221	255.04358320168961	61.242675914173965
1222	193.56126979581944	211.39786645846237
1223	154.93169708453007	174.43550663295053
1224	149.9240077102013	163.28039005038622
1225	-67.08167752135834	206.75626127225382
1226	-65.44592096469898	184.78973030276563
1227	218.05797240860625	149.39784292977762
1228	261.62289040112273	184.3358466585747
1229	196.84938867946414	184.65251461237904
1230	274.3480164430347	144.77381489439892
1231	211.37988757977485	84.74204924304455
1232	84.30967555517427	98.98277697904284
1233	220.53971365421972	70.09306626512299
1234	199.86702199364584	163.02610980486983
1235	229.32353420965882	84.52635693714961
1236	229.18365085800843	64.96905543046356
1237	241.68010500719026	179.13247707311655
1238	5.980586545467233	90.14607978072708
1239	153.72814042403837	209.62942039244453
1240	6.526176211647453	60.76240955255232
1241	222.34906292815126	66.17123989318408
1242	132.35177755051035	120.30062559540248
1243	64.42317997305395	113.124134003406
1244	-230.73999273074924	-12.637824926745052
1245	185.5491901838179	-24.53207887393512
1246	196.6912228276169	-17.943349657421404
1247	148.00263090938904	-11.8108316573657
1248	221.4213729471718	10.250627649248774
1249	-45.931812536570455	-47.02369084679805
1250	195.6334080856265	-30.731825338618755
1251	256.9450917202595	2.598045224681395
1252	184.37874742835317	119.57851628993079
1253	231.97646258644207	-10.800033549718231
1254	175.28256446240204	-23.985769465848684
1255	168.68135136578968	-0.6056641553572413
1256	173.12679634122975	-25.824979965190952
1257	64.20771013784655	-53.256635847582935
1258	109.55039776694612	4.381091817435615
1259	160.2896254204092	-18.332365595002265
1260	37.03812196775721	-1.487666939095394
1261	201.02888184907965	-18.079203342471814
1262	43.10836167263099	-60.38831344915924
1263	-164.55767596276246	-10.472053681751623
1264	76.4223721499959	192.88434234930511
1265	217.08308357001232	7.224147994357094
1266	222.85753035578486	-32.75149502745808
1267	136.86444109578042	-29.961922891341526
1268	107.83675203653581	-140.0674894335517
1269	141.24635464260305	12.07201552466786
1270	237.87358800729635	9.149822029656532
1271	206.96018790843158	-22.37426821104866
1272	221.97650563578082	-5.459891090333561
1273	189.10228249583582	-13.177282004733438
1274	230.7232590376673	-5.47126710990063
1275	197.17347784998026	-26.900035719034594
1276	280.0121237584441	-26.127102099057716
1277	166.69767555380122	-36.45418957332804
1278	98.88405661256006	-20.980434435402465
1279	187.99379057731653	168.90229161714115
1280	209.3951470252305	44.412194328337165
1281	-31.66094694583896	41.33793889913173
1282	161.92503363454173	25.63163722822903
1283	167.58548329425662	151.1082276509331
1284	24.6316429319876	19.109309630365324
1285	243.3045771617533	147.63250550215645
1286	174.88055473285579	207.411694162664
1287	235.29670277061885	-111.36751913375389
1288	-69.89603291401193	182.50410753883835
1289	-12.523432529130673	144.2223675673913
1290	222.52417381700263	60.80020057635849
1291	223.07734377689897	38.07280168102909
1292	-84.92727436892928	175.14935343274607
1293	269.1021123841865	-88.18365384308682
1294	225.9086734234669	147.8574087832494
1295	5.691443401986177	2.448080377349929
1296	205.82114374805582	70.47176158395706
1297	215.96693780430792	92.00222542659381
1298	-32.194814206779014	47.028836128050266
1299	3.7098113165799873	-64.2619897697872
1300	26.33424198683747	-24.588388193070212
1301	-40.86039877492206	-18.28160363376087
1302	-17.130350405583258	-36.68563052861305
1303	198.43089265518734	-28.234585578213782
1304	215.6826486404462	-35.36949839075081
1305	47.2058025982015	-28.489930048001273
1306	39.12434564396166	15.27331055223101
1307	162.85552807563346	-9.823995826095143
1308	229.72005523331222	57.31199225804344
1309	238.82545018331535	123.58959745674451
1310	51.24133832079721	177.0720089656071
1311	12.402507923948136	51.76482294520453
1312	216.7167511282895	-25.49849363982827
1313	202.86703123487027	112.03472347865909
1314	231.21111270298468	100.00661529158359
1315	44.4655997877675	120.54387243960419
1316	210.88051895490997	132.4966591585237
1317	206.74579002802335	89.43988949258038
1318	237.16806818885993	221.2284993258021
1319	3.3616297213008295	50.03825777721087
1320	162.51260243976424	111.4312635642597
1321	120.95052056059336	144.04326265837113
1322	157.73869125690788	131.5474574367877
1323	287.29579299678664	145.33531197266194
1324	0.05108989364583749	181.69844531105838
1325	242.50007106081256	29.69692635493874
1326	20.26511415962767	153.98057986918667
1327	219.265980516061	96.39663353987497
1328	281.5346281771504	173.4825112333796
1329	157.63194296585408	147.2751656121929
1330	59.9510947680362	178.45771489374664
1331	260.49119576615715	99.72135770786142
1332	80.12024035092037	212.08066106365965
1333	79.32896988696795	83.42443448590919
1334	-77.51387668734749	123.96471308541065
1335	199.59450910971324	136.65064922629617
1336	224.6818914726581	156.35916940454138
1337	189.59501768076893	125.72247767471671
1338	-290.74567450054656	150.77973411733325
1339	151.1668083918684	87.54619447172905
1340	235.35357236374927	202.90615404099577
1341	-121.0260255724581	171.84963867477495
1342	235.20460009667443	215.45094003101087
1343	260.29913246489275	-489.84952769670963
1344	180.9188559651367	171.65509778234605
1345	193.1677492043954	147.38333681859797
1346	196.9281466461096	194.3065003812879
1347	-242.09907244955303	60.53065139524188
1348	223.697296277691	-18.652193691371664
1349	173.44426307150087	168.8498326481306
1350	249.366118974089	116.73236141413119
1351	156.70488072497074	-39.23659609883572
1352	215.70427674308775	-178.59279565446752
1353	234.01925778190204	-10.930531639006984
1354	120.47693415205136	-18.758625573284277
1355	144.8371172693036	-7.618453778703799
1356	190.2340884991249	16.86252922334279
1357	239.92532881352713	18.696973315539964
1358	10.369686324885707	-37.747789433235575
1359	168.3961300232858	14.727197957711757
1360	193.13290532709374	-20.436792272155316
1361	108.37318091825617	-15.394327278221844
1362	181.72471459274715	-12.60955538540275
1363	191.41189389477347	7.339590014141981
1364	-310.6935229481578	-30.437327848661997
1365	221.96212669842902	-229.06666900874146
1366	197.49580518382064	233.90566556964475
1367	-202.30326312070545	-8.968650846933913
1368	-0.5081386912827952	-62.48905249373896
1369	38.412943598747546	-5.421960457448516
1370	58.62355225407644	-30.753632739371188
1371	119.76725858637553	4.613744766331707
1372	76.84605185475027	-2.9139437415969986
1373	222.39065184297573	-8.247449907518826
1374	170.7204699758507	-52.48134717702344
1375	105.549899991539	1.1349478883853825
1376	185.74562132288588	-6.062536310744905
1377	226.9181955257041	51.160475467703456
1378	135.870150391653	198.13308415730953
1379	-11.047879812343751	87.28847201614659
1380	191.0644394391681	-65.51556303445042
1381	-85.43372808010382	106.61024077374131
1382	169.74405622237114	107.57965093449671
1383	-6.213994112447153	213.9290305950467
1384	-26.370671808022323	78.15509761370691
1385	233.5786406880979	84.77048249926736
1386	-21.07636634556313	262.61650210193136
1387	201.2952371797658	102.39476908258514
1388	282.54960212667845	81.03456536229785
1389	217.51195827092778	153.9464209384975
1390	220.70959425715895	114.16185586031392
1391	174.74624456721796	114.36052267068595
1392	249.13272444338554	60.5249111726381
1393	14.62477302353858	114.50531386345762
1394	15.13473300540582	93.19500061724156
1395	193.57689891202756	194.94109390350962
1396	48.40270719904416	109.65828048308697
1397	191.49079395965668	226.6855053563292
1398	8.266986784417838	226.254775124111
1399	74.68521946139529	167.13380003525043
1400	222.56704019822212	120.6663784073292
1401	90.2829087647045	92.36917672065583
1402	-36.78410851522308	61.3086124315978
1403	63.87905918090527	66.1394606385577
1404	110.86081954985873	73.38580346418775
1405	150.37559852010065	49.5365271425769
1406	173.96056847734087	38.63478167343432
1407	200.7270640049046	29.209428192393695
1408	208.5834185963887	229.3627518374574
1409	83.5482806358417	70.4869023834564
1410	94.33469885782259	148.8412222690596
1411	-34.87996273296106	184.32053259884975
1412	69.45120267348797	5.592290958630669
1413	204.6405476524501	75.0060043066265
1414	168.9992585775098	83.28438987178856
1415	258.06013694583623	71.3275074688933
1416	28.78046163788249	73.04754961273352
1417	163.46584654055295	95.60129635503341
1418	105.39480686086388	161.22812536925352
1419	214.15191592890463	50.801571571730534
1420	213.06679901712766	44.64168777829598
1421	69.57390173491699	8.137831111359413
1422	148.35561580690967	160.79728723226438
1423	27.48394252399075	34.75991283779138
1424	221.94365841305356	91.22194404120228
1425	211.15669621128995	204.48543566970477
1426	-99.38918489427529	93.5809450403908
1427	254.52903009223348	93.38278607307943
1428	-85.57849202789697	44.371611057763616
1429	152.598140757679	80.20555163505051
1430	9.632655795132598	99.67405468755919
1431	145.89900773689118	44.905927766571445
1432	199.70169265349574	93.78392128729824
1433	164.23251929998713	65.17781342454015
1434	49.86394952812779	67.6206633710241
1435	146.8518207231583	108.13535331216148
1436	197.00441445092335	60.71613080188868
1437	32.22761071539472	59.49688489361943
1438	244.32181974717687	158.62674669083995
1439	177.14182471569552	76.14878704564858
1440	180.94062782908955	117.58436649622796
1441	177.8228286880647	125.31959255738242
1442	57.34259010105512	94.76181886494389
1443	60.786240123650316	92.49311775702645
1444	177.71639507327563	98.67919333843969
1445	231.26321217617414	95.7275918987737
1446	-96.51618455994421	173.9490671128005
1447	231.966524605165	133.8254349294539
1448	128.3225487844347	50.16142628077555
1449	120.99963056165323	156.6684511308725
1450	149.2319417519554	51.02100605985346
1451	210.17915609246106	-120.49410534017173
1452	-69.03395424258844	188.00684617105298
1453	216.16399741091857	162.05452786931448
1454	274.9425028139095	160.0879182456938
1455	234.6753939776382	122.8854135954964
1456	199.21013535073467	179.01008352211332
1457	196.7705736585877	121.2693953969284
1458	100.96502448534802	215.0807076088139
1459	179.54345389612683	182.144911392938
1460	173.18610296750398	187.3950617811999
1461	169.3897170135903	69.5285451348921
1462	200.22856651389378	231.80919744169785
1463	280.47497902646694	123.80135137098854
1464	82.50607199647277	94.87146791771364
1465	233.0904474913989	-3.3691862781335984
1466	176.18162703137284	193.63667280058658
1467	29.044001023694065	233.8141596964913
1468	235.02826678978207	156.09332226843364
1469	220.8426865146053	204.70690094587212
1470	144.37173398224695	183.658087979827
1471	107.69370970951887	56.86221608068445
1472	222.61398768588904	53.925090013818235
1473	185.51977463392654	90.3276639753729
1474	191.31296721996063	197.459028981124
1475	203.01242226565222	155.09071873610975
1476	96.7633891301015	114.9661302708627
1477	196.21379891019868	105.47697817616324
1478	148.77359811270952	185.1365203712764
1479	48.96019563485072	56.071003623240664
1480	193.35290596381097	149.47604267740792
1481	193.85924522859102	79.96346527693372
1482	94.15490143428012	173.00792661839432
1483	175.91450825560815	117.82850084248062
1484	245.25938501382706	77.57504443726194
1485	233.79508267835462	61.83737707120386
1486	130.28987621813266	130.19513649644358
1487	240.2698749314582	109.93809268049824
1488	163.99477990494773	147.8280741267598
1489	200.08368412641912	101.71350191492165
1490	265.0764935462015	72.993874145438
1491	166.33810795637802	136.03050692074427
1492	166.82843123454236	142.54229009453164
1493	236.54491094811104	74.41073583100773
1494	205.98487019376668	80.05035433820333
1495	141.2131579240929	184.76790859083735
1496	209.10865224493844	152.67912175688946
1497	92.04897043814631	101.90471217401274
1498	190.7915299193236	108.83463637204545
1499	205.94334863602575	188.1126033882611
1500	261.6868594747111	76.10940010504576
1501	272.04439784121485	53.28131167317611
1502	215.85049750391386	13.333631873497708
1503	166.39151326427083	112.52862564690923
1504	199.99150973651564	161.66904961782478
1505	189.78435682797442	55.91092206532344
1506	226.10684695844043	169.03249433851425
1507	241.73060305768556	143.30166329885515
1508	125.0535088965202	176.85110406318134
1509	209.85979697728183	151.35497549126939
1510	208.20512950689502	149.826638618768
1511	241.7245893954389	119.62547452700049
1512	208.36062804057696	122.03843341340573
1513	181.8939894285243	234.2040144623291
1514	176.7753776575555	137.001299380857
1515	223.7580144805342	164.0677779149755
1516	45.52049348088518	174.92819554783824
1517	147.39153518354811	-13.048209655355075
1518	218.72373194060998	-46.7364906124697
1519	125.00158317948389	21.43961028925495
1520	277.3663947912106	8.2308800368574
1521	209.4959058331935	-29.712074943442687
1522	247.84365470984105	-6.466608203991287
1523	159.19729878096985	8.512113299471105
1524	145.85379197770118	-47.97952341519975
1525	259.8761277361166	-33.68406815225142
1526	219.1389941125446	-57.62482743087225
1527	190.8057952408344	-6.713078834830057
1528	192.27222280843534	1.1962264030393006
1529	193.14337884110603	19.380170606427765
1530	239.6844438797884	4.272787826236378
1531	187.21068870353517	-13.05891432868062
1532	-11.069726077363441	-10.1488722547412
1533	38.302587925183985	-54.12528110176709
1534	22.66231312941877	175.88615780136618
1535	214.8160343262605	169.78422392912307
1536	94.06435568230012	112.2910159078417
1537	215.99389004055158	67.04094735592608
1538	228.54514774645165	84.68326749785808
1539	231.85336455326484	64.86383961922581
1540	225.7581468286466	114.14385962665503
1541	236.61937475590958	135.133575182128
1542	275.3465976840672	161.0462525322382
1543	262.2755385266785	143.89640191927404
1544	266.4067047384227	-71.1684874976827
1545	57.24020137606655	180.72366516248286
1546	217.8591410100163	-65.65951764797916
1547	251.53801767099498	161.80921092577444
1548	192.83806989411016	137.98413554553144
1549	256.849275332365	50.909397636240726
1550	-51.34791961346427	-47.16399988825658
1551	-24.189649314379324	-54.11081146116296
1552	52.36965351462481	-82.25225061211003
1553	13.281650421330127	175.3000338822754
1554	66.47804161363561	-76.17224223640329
1555	120.71616991470054	47.77916296003503
1556	198.4405098971367	144.61720891015062
1557	225.2927182006427	71.8595145748983
1558	252.00217302202017	-125.59106953304116
1559	-24.65640842805736	114.64299695478518
1560	209.45003077444	-111.42047158531723
1561	-25.70228163104231	30.904210585693725
1562	282.49179768178567	-41.39684552652096
1563	-54.34118695975411	-24.55292358610836
1564	16.459253902228795	-21.702053897420065
1565	185.32629753897425	-55.676684536485794
1566	168.97675220046315	-80.8396029853424
1567	165.77922540312784	-68.8510426399402
1568	-80.5592120535367	-71.43239745080818
1569	-112.54291642651476	3.178167861503586
1570	-181.5067160557416	-28.3540757951619
1571	-192.01792721304793	-56.09946031648725
1572	-60.36433990691552	-61.81706469041772
1573	156.04631451487626	-58.51417716776889
1574	-10.914612261394055	-21.356212680090493
1575	-178.64348214025154	-55.499083929534336
1576	140.18033753414613	-48.663167608488976
1577	81.87913674722222	-23.677585869455324
1578	-72.02578890306651	-79.76525482550596
1579	72.55519604894829	-60.467521187340395
1580	139.2104561716773	-24.16547106349252
1581	31.778408353510216	-52.48067354209823
1582	104.86732987533668	-20.849369117694657
1583	-137.2297705544105	-22.824880170211447
1584	-84.02972863355741	100.37005386814843
1585	-217.93309820882996	-67.50720836914434
1586	-106.27972644060111	-54.607552305037935
1587	157.69581214451551	-58.3562240546848
1588	-110.19678226543036	-26.641866710594652
1589	-155.93845909325552	-33.48237912847341
1590	167.19968676716684	-56.27921782624978
1591	8.446135429498852	-56.32540369832248
1592	234.63309285216536	-55.244517651641964
1593	-20.53526060081444	-46.26134156088354
1594	198.72787761302615	-60.870762621186735
1595	133.09713763252097	-49.33825036229336
1596	81.36711045493367	-34.540487774411304
1597	-204.05544760075765	-57.51002086914758
1598	32.794139281288885	-7.792740229121347
1599	-136.58963947093918	-81.2189776235857
1600	-136.70452251286503	-56.50290599934928
1601	-39.70201739383023	-63.671851817021285
1602	207.3663682490449	-20.892574809922074
1603	-148.2519362946989	-64.35765109940888
1604	99.06656186838683	-29.683862892876153
1605	-74.97380008090076	-17.142569696319086
1606	-117.44869244762754	-49.18354658569102
1607	255.16882057972742	-25.98226255631864
1608	119.83277404996825	-32.90177842143814
1609	193.76598767933314	-20.131775046613463
1610	-57.50284812725055	-27.98662404032686
1611	-60.080840083135264	-42.65836282077432
1612	-101.89904238211031	-28.103688306011815
1613	-144.27852133737048	-51.61755434701062
1614	76.37622564287774	-42.63253332654004
1615	22.213052601888812	-65.61611048967274
1616	-75.20189229628474	-74.1379291983494
1617	98.98909835386871	-38.886000612404175
1618	135.25983709407103	-57.32631260333007
1619	145.9678332748144	-79.46503579482814
1620	93.56521927811245	-17.177184259540795
1621	120.13286035759913	-34.6468475551861
1622	-148.67891845063605	-56.99371714569912
1623	-59.43860341529998	-61.60826749116025
1624	105.70644173819568	-28.77728932805908
1625	-63.669222349203594	213.67935182345374
1626	-111.24808668238482	-71.78201873277963
1627	-180.17023400789373	-46.91382559526947
1628	143.8372467667684	-53.5680680575361
1629	217.20004495385746	-11.633024988096663
1630	107.47930753970013	-72.50054670159471
1631	108.10971071521311	-54.225521442278996
1632	-156.29857836934593	-54.15018774136662
1633	-4.75203568052862	-27.467499532360552
1634	27.438116708652032	-59.910912271844495
1635	-132.59392944870126	-71.20776776091112
1636	131.80707666387775	-34.76815587187657
1637	119.14158840627046	-24.9727960774431
1638	44.44160936499247	-15.043379788102843
1639	122.13519848479581	-57.7553447829611
1640	145.35998172625864	-57.26811722224416
1641	-103.15467467137412	-54.035669914186904
1642	-108.17775260321055	-82.34775150411922
1643	184.88689594239565	-62.96421265742978
1644	133.99362104561524	-61.2065134963463
1645	82.58871572152357	-39.37812554991916
1646	172.89404269931794	-33.11382952163095
1647	177.85228482411992	-41.15347752998909
1648	94.2677290037162	-39.80797076966181
1649	72.64672089563898	-29.317727799773415
1650	-49.34088259844193	-86.23370935630075
1651	-0.22381701291985223	-52.71559007731722
1652	230.6708887947715	-38.562396948257984
1653	-80.61339498793869	-59.619409562183066
1654	-121.54328056134176	-66.80944533045866
1655	-70.89636976789343	-91.88240689650799
1656	149.9417098905353	-69.02390651624158
1657	-45.94916952650003	-46.16769354204638
1658	-63.26480007343845	-47.83142672648094
1659	-28.892962575839448	-53.599913476453494
1660	-60.427272879051664	-77.9712965816816
1661	-162.2368280813844	-35.62352198602837
1662	-60.35944716485475	-42.272665987046814
1663	-17.687464212557256	-46.99903575298625
1664	-44.37466599480944	-45.745839186944806
1665	-24.865984048197717	-24.080594426019765
1666	124.15032921555076	-59.8770631902306
1667	-78.7780962159254	-47.00180044831743
1668	13.126370191379024	-65.26004571731542
1669	-19.038465858522883	-58.34222991869223
1670	-39.50610637712112	-43.50479494425961
1671	143.00488384264335	-36.451044591520926
1672	-145.66622266381643	-29.589415951193597
1673	175.2761581647098	-43.03462162680262
1674	127.97450646856645	-48.04666022730558
1675	113.73389780928612	-52.82385785054618
1676	124.48480005482753	-48.443254188302134
1677	-81.19463566293236	-75.93949422094236
1678	-104.24958863486475	-54.93111846186589
1679	142.33249955335532	-60.10918528747321
1680	87.5740123291415	-65.07221252472772
1681	190.5321683048257	-27.697622388602596
1682	183.61044674686207	-29.818311056328547
1683	159.647948583621	-59.03253326545303
1684	151.0432409294509	-64.78258074061374
1685	120.49368695256877	-11.102511938282984
1686	141.56314934470706	110.82225655179893
1687	-187.34891777755684	-43.138732036392874
1688	-21.750067340125213	-47.31627073466953
1689	172.63561509363612	0.7904772200905437
1690	198.9252617314218	-61.556896167438204
1691	173.14062817208216	161.33063309296637
1692	195.22143999225204	-23.379349613103013
1693	224.02321922257346	-77.75193635093888
1694	-74.43182905519255	115.56707564348852
1695	15.879912149965866	142.57224906261757
1696	152.97617552028996	-32.96419106862082
1697	-110.10248844322777	126.82681363938016
1698	-30.086238050465283	136.26223639836505
1699	163.72876569666693	-58.19843159371788
1700	19.685892918808804	118.73756287206999
1701	-16.85307498256246	-34.263299622978664
1702	-54.66132433620979	191.20169884630758
1703	-72.65270558984585	-73.70597181814196
1704	253.53275013749007	-63.218830905694446
1705	-96.93316449770333	-44.4253685095088
1706	-67.18436718690681	-18.14242429109163
1707	170.97901786649203	-10.586903692193745
1708	-166.10413691491993	100.58815884827564
1709	3.071902554087842	-34.609870360528646
1710	-67.82464687395377	171.26448117690381
1711	204.55244372716902	146.82418300123194
1712	205.81858335503998	-14.065918605726498
1713	175.98811767224868	79.83198984705618
1714	97.57951296244	-75.54229307252967
1715	223.67834396302763	116.55871036204788
1716	134.69269107015003	-158.68648061600743
1717	109.55122075519333	-48.73054961674538
1718	-13.707026761446741	-31.805394899509462
1719	240.94290888494814	-17.497769763546945
1720	139.61757416264368	-83.86534741448291
1721	250.00602586311052	-36.98985627658338
1722	-49.953838923340626	-47.60882045365156
1723	-114.41472441794161	-20.370809245018002
1724	187.33732040583723	-72.29379639102218
1725	-65.22863354987501	-21.175390312579022
1726	-30.55364164545088	-35.966356461772
1727	88.03823532869777	-39.69141631667643
1728	24.269056134922494	-46.44035962792458
1729	-97.93010942234068	-67.328070495537
1730	4.528516849555558	-7.3273481003355245
1731	173.7181960557374	-15.909769839810043
1732	-94.40312338561634	-49.58270994653927
1733	175.27056645009418	-64.26845990637122
1734	141.45498835013575	-38.79010032105229
1735	183.05175332511084	-10.420117261621968
1736	68.29925036833443	-52.18950836681153
1737	134.87466060335532	3.8714756717656362
1738	-130.68827653810675	-12.484819256355612
1739	158.68510893982776	-46.1712374968509
1740	229.41512355123257	-27.73550831205393
1741	142.58417930598688	-21.67468907838868
1742	-37.893707350716554	-51.457530592435724
1743	182.56114776141771	-18.21757821926749
1744	-99.68471107404615	-20.379321652960193
1745	86.49806553632592	-46.197946771496916
1746	127.30051177929352	-13.195260539720342
1747	-164.55300719893677	5.606403963249247
1748	136.60720229078947	-51.95461715723145
1749	-112.80697243211534	-36.395678697689505
1750	-84.33026674461013	-66.02179385606271
1751	148.31764480423533	7.466054465435861
1752	182.39697971353144	-59.35053903658678
1753	163.29130909312522	-21.436441877069242
1754	178.65597729163815	-47.626258094560136
1755	145.69623192099357	-78.6582709280084
1756	161.15396816227195	-12.039019177046667
1757	156.2291142637709	-32.72106346370674
1758	230.26757775000783	-14.114192671535617
1759	153.23325835999276	11.273575716745109
1760	-148.8350758304032	-43.74511513879494
1761	-93.516296582741	-21.552523603140656
1762	-164.00344157810636	-49.31458665799918
1763	154.9604619766613	105.9485843177966
1764	156.285446966674	141.61381531258323
1765	179.68313898611785	-13.887248883360458
1766	-62.89794435656347	-47.94832150163105
1767	104.03277135558682	123.1810545425079
1768	171.62227931754188	136.60457730916858
1769	244.3073645087268	-78.48938468728205
1770	-64.73069149253791	143.56864604338804
1771	-13.80013524489155	123.78557689601155
1772	106.33882518031831	184.60254493452555
1773	226.03767020848886	162.8550973614853
1774	-17.680177724428276	118.62499583294782
1775	21.248957563608904	142.7676995429835
1776	193.650799433869	149.11017119439674
1777	237.63656356614925	-38.5251589536751
1778	-18.989602088098707	151.99461769837356
1779	-164.38495849391518	-104.53519462726251
1780	-88.33056258482729	-53.77760767261114
1781	187.62734018141077	-32.63182093281003
1782	-108.45487847941055	73.43464110342852
1783	184.56791449354932	92.30019480705194
1784	226.91417997331746	130.54675955284193
1785	-79.01255337091688	-20.7444133276168
1786	135.88131823551288	-83.36258899439855
1787	-91.32808566041595	-9.714541635724457
1788	186.84505872628898	-44.89903707574419
1789	119.3900458972661	-42.44734801340936
1790	-47.83388003230895	-25.890383966485246
1791	147.1280819735697	-157.4394686770803
1792	-123.22659898128387	-74.59623473438867
1793	174.64630334155964	-78.7219831063663
1794	244.08093352861482	-55.433371035536595
1795	-115.91757373826	-23.08183662152005
1796	100.01535782434098	120.43511210412
1797	-211.0980135757144	-67.37092966873091
1798	-61.11149336662588	-40.59152115616724
1799	-177.0918966657551	-71.57162579295054
1800	-141.40077018189913	-7.887306414896555
1801	239.7991567096806	-53.175875027613884
1802	-30.013687147511888	-57.72568034313838
1803	-66.56475039829559	-76.58632284710872
1804	128.73663529142414	-23.148534310111586
1805	183.53504755612252	-49.95788951278987
1806	29.125078011727716	-64.3334345653299
1807	-193.26541324345254	-18.56982474433057
1808	168.5464120541937	-22.731535909477536
1809	-44.67610051379844	-49.7961489308361
1810	204.2804036214668	-44.85872866651713
1811	119.71387219106553	-32.742941340337346
1812	150.56111289839828	-21.67449247394458
1813	159.92785384725272	-10.215481119037793
1814	-78.48706208159842	-39.02592556880178
1815	82.03772301148246	43.770423838640916
1816	206.84788035601835	-6.007759213381872
1817	177.09421846528107	-49.15249720291583
1818	124.47299454106837	-35.20500902397742
1819	-14.30305635051819	-23.25436076715358
1820	-47.56213791330023	-32.53689516318439
1821	-51.09782836464396	-12.586118490046374
1822	45.877605771302285	-18.383002515103392
1823	136.75352918923323	-21.389231488329603
1824	-61.85078163339459	-38.69512340243429
1825	-76.06824009396114	-13.325943156921271
1826	150.45997002674946	-81.35132222069129
1827	-41.332655342376974	-65.72212053723285
1828	60.492595170057	-7.375443183115258
1829	186.10048561364982	-58.52971630531032
1830	147.32515793138435	-25.15596953313472
1831	-145.36954767143186	-35.002560686172345
1832	-67.95991977275875	-62.26344954229129
1833	212.70409412009639	-49.085033507635124
1834	180.84160277627376	-72.20280145071202
1835	194.31775018186	-11.770617295487014
1836	187.16306098531726	-65.411993578939
1837	140.7435783573773	-3.1585903450908175
1838	168.28516647923533	-23.286287718043717
1839	85.32752383015773	-6.88573143536563
1840	148.37420192644964	-6.740417622099822
1841	-182.52202453985984	-24.38347072003475
1842	-82.96859185821664	-69.87876130955061
1843	136.79547479546022	-12.123251296230354
1844	139.6083690822854	-34.425211507499945
1845	-22.98724298381532	7.382209968542804
1846	236.9900765630325	186.59643947831017
1847	2.1505544135514043	169.50184610032147
1848	237.0293363682145	72.89407041678606
1849	-43.70557081152717	-7.185923996116132
1850	222.46049218444625	-6.1346867258118865
1851	168.13352260398108	-6.113684435807924
1852	237.99661011890555	156.31150461374327
1853	242.36163656599365	-67.3755249116264
1854	171.62032518908467	-18.695819745988345
1855	226.36484247267776	138.78566471875786
1856	224.48348261612344	115.11442236193714
1857	142.53899198554734	-57.49273062251012
1858	43.746202704526	-33.13866363323459
1859	159.40124401984636	-32.02982630715292
1860	147.97925796179646	-61.630936994113654
1861	233.8873358026257	155.50288055061156
1862	204.0783009169317	133.81126990161772
1863	26.417079862181396	-122.15106134274018
1864	189.16333498794958	-42.597117260206446
1865	135.8371145556722	175.73537448305092
1866	161.65529981990994	-1.1982783018352734
1867	72.82187236775314	116.93106310480073
1868	8.49386049568227	176.27280773019265
1869	70.44772909650332	173.52226528134372
1870	248.50733870601394	199.1461770057726
1871	169.87683954874586	-8.873726085794104
1872	191.53710186790727	162.6204396335543
1873	176.43545229592968	162.26680922212404
1874	246.7881648725642	185.4436447937065
1875	7.310580970435808	-20.704836301538222
1876	244.2299999391993	190.0275010322485
1877	36.790687679677234	223.08009133245199
1878	249.5562349439244	24.74897946199259
1879	109.83860730450041	219.10177735953437
1880	33.0664080142715	161.3924940222006
1881	244.3242650388642	114.7538494385827
1882	184.3023270375523	135.84153267687677
1883	262.3749500171061	185.62330414884912
1884	223.7565377829028	7.741244069197776
1885	189.4318831007236	165.5485260381323
1886	174.7155236077266	153.61794647247038
1887	245.5589984005483	173.68427622437935
1888	23.46242292176383	178.14098411760233
1889	36.15627445126987	96.209907666545
1890	243.99776117645754	201.32991966493142
1891	227.71382951281967	156.4186387351749
1892	55.28903769035503	167.1788278380716
1893	190.64370221341102	270.20522979399595
1894	180.10847199721462	165.03305065182556
1895	233.74667472774783	163.4106851134478
1896	212.44183707570667	216.93694997601165
1897	265.8459396727653	249.78242930149312
1898	233.23777006546354	194.68125247983443
1899	287.0078640214747	225.12880348093196
1900	208.52663048398756	70.8265131766208
1901	98.82453436521868	195.37284144524844
1902	54.41716482621611	118.94573142006334
1903	58.23636614321643	168.364609703822
1904	28.380185702286553	195.56208746478507
1905	195.41673076549694	188.12314514978607
1906	266.4487445780112	179.44067371451757
1907	170.70165453063726	151.2388544656505
1908	192.33885977889378	236.998224028303
1909	246.99579840826226	209.30793421315548
1910	273.29572984097524	140.08299071587894
1911	205.45548757563637	218.5631405099101
1912	174.57873793423204	154.37129729429543
1913	81.20584895812713	183.64015965827383
1914	213.78825394635086	249.0340181455179
1915	196.4693826980444	152.12678075582315
1916	224.53676204260051	165.85761281847408
1917	87.0574766902733	219.05925873496392
1918	49.260954186152134	111.18338340909897
1919	73.06911929213665	122.7557894376235
1920	268.06998924121405	164.16316850462437
1921	243.43208337796634	55.686991804455005
1922	88.68842805987016	126.58569934974767
1923	252.86435288233776	233.55242942594708
1924	100.62123269621846	98.68441264926862
1925	19.611687242328088	72.11981833833892
1926	86.55108697148896	174.94934403081018
1927	95.88877547437637	180.77040686509469
1928	245.6366200428982	104.14938556676633
1929	213.16175866204668	241.03516067010437
1930	103.89239233432211	133.1543966164358
1931	277.6850814187499	110.50276371564942
1932	16.761464171786187	109.48328052742869
1933	118.41226849125331	95.2937572367753
1934	228.86229345166916	117.68028856976417
1935	218.6562064856	186.51032036493046
1936	99.41187794017632	266.38248164677
1937	256.4594176390684	75.3060302175174
1938	108.96509684299885	215.48788354734927
1939	109.84578444728851	181.64831286724115
1940	133.2104163951506	213.15893035489387
1941	77.917249669221	186.9743832812893
1942	110.86415884776859	189.843987719628
1943	33.63453989245954	62.85457594320954
1944	101.90836573611713	-35.15530481860544
1945	51.625172433788194	19.39041437327335
1946	89.29494768486914	-11.843135437500024
1947	171.02091876955112	-10.934665083675457
1948	200.7090287991378	0.0966933902149818
1949	100.73658739127686	-44.513041072433424
1950	236.78517597614922	-41.87468538454032
1951	119.00155809786398	1.172559298012715
1952	191.7802492054616	-27.94766221465078
1953	-193.92199598249	7.797275484283292
1954	98.24879140262014	-28.687908253354536
1955	78.27783699591178	-1.9309190565737453
1956	204.01519894987092	-10.327222699096525
1957	245.98227721474333	-8.175932711864753
1958	140.49858225564532	-13.854461143856524
1959	33.95014911036812	-40.4741184624311
1960	76.12680360829533	-54.081972967307216
1961	-20.537093386288184	-56.517625394589956
1962	7.92352922958504	-51.56984768410099
1963	106.0550641417294	-24.557195575913518
1964	-27.34074398986864	-44.965200328248116
1965	-11.626049651147659	-29.589798030354437
1966	-29.562792301500142	-48.00798480950844
1967	8.212116191163073	-76.13328397159782
1968	-24.05036328654737	-34.88028506714809
1969	-15.35801531185106	-22.197138134241914
1970	-27.306057768843225	-17.949122450928705
1971	7.684157878156709	-38.99693091851901
1972	-37.51971864938254	-68.09409775723452
1973	-15.366275767098433	-60.38829995794603
1974	49.472511486407775	-54.92950421662762
1975	49.55054660572591	0.4630464257082867
1976	74.65191796752364	-17.56794988799114
1977	71.85745707458831	4.8132281388081495
1978	105.63147725697722	-55.188164843185795
1979	214.83173769014397	-12.10258903630503
1980	182.0439792366727	-53.040646354081524
1981	53.752753356292374	-46.05588792113956
1982	80.31725542590107	20.61578324813753
1983	218.12784626518018	-40.654057278643165
1984	96.12059485525697	-19.13379582917744
1985	94.56252126837938	180.79154352330568
1986	111.80798017525055	167.3709617976276
1987	119.0224543814508	75.98950670313837
1988	86.85647745283963	52.936113397175056
1989	142.11733768197018	88.23531475760231
1990	80.32563373587395	88.37439128911024
1991	88.93664951540947	67.53137587727507
1992	79.29476317722514	217.9501821394877
1993	83.27725035541452	216.06658942319424
1994	140.0620106502212	104.38608471630607
1995	95.83705544511078	183.6834439001878
1996	260.10256976188964	185.02844428223494
1997	267.58363142162426	129.96950419610783
1998	131.11220839641533	127.07982589357145
1999	130.69945471757137	122.56974773410148
2000	224.0572696495738	64.60943300432437
